nan,-5.000000000000000000e+00,-4.919354838709677047e+00,-4.838709677419354982e+00,-4.758064516129032029e+00,-4.677419354838709964e+00,-4.596774193548387011e+00,-4.516129032258064058e+00,-4.435483870967741993e+00,-4.354838709677419040e+00,-4.274193548387096975e+00,-4.193548387096774022e+00,-4.112903225806451957e+00,-4.032258064516129004e+00,-3.951612903225806495e+00,-3.870967741935483986e+00,-3.790322580645161032e+00,-3.709677419354838968e+00,-3.629032258064516014e+00,-3.548387096774193505e+00,-3.467741935483870996e+00,-3.387096774193548487e+00,-3.306451612903225978e+00,-3.225806451612903025e+00,-3.145161290322580960e+00,-3.064516129032258007e+00,-2.983870967741935498e+00,-2.903225806451612989e+00,-2.822580645161290480e+00,-2.741935483870967971e+00,-2.661290322580645018e+00,-2.580645161290322509e+00,-2.500000000000000000e+00,-2.419354838709677491e+00,-2.338709677419354982e+00,-2.258064516129032473e+00,-2.177419354838709964e+00,-2.096774193548387011e+00,-2.016129032258064502e+00,-1.935483870967741993e+00,-1.854838709677419484e+00,-1.774193548387096975e+00,-1.693548387096774466e+00,-1.612903225806451513e+00,-1.532258064516129004e+00,-1.451612903225806495e+00,-1.370967741935483986e+00,-1.290322580645161477e+00,-1.209677419354838968e+00,-1.129032258064516014e+00,-1.048387096774193505e+00,-9.677419354838709964e-01,-8.870967741935489315e-01,-8.064516129032259784e-01,-7.258064516129030253e-01,-6.451612903225809603e-01,-5.645161290322580072e-01,-4.838709677419359423e-01,-4.032258064516129892e-01,-3.225806451612900361e-01,-2.419354838709679711e-01,-1.612903225806450180e-01,-8.064516129032295311e-02,0.000000000000000000e+00,8.064516129032206493e-02,1.612903225806450180e-01,2.419354838709679711e-01,3.225806451612900361e-01,4.032258064516129892e-01,4.838709677419350541e-01,5.645161290322580072e-01,6.451612903225800721e-01,7.258064516129030253e-01,8.064516129032259784e-01,8.870967741935480433e-01,9.677419354838709964e-01,1.048387096774193061e+00,1.129032258064516014e+00,1.209677419354838968e+00,1.290322580645161032e+00,1.370967741935483986e+00,1.451612903225806051e+00,1.532258064516129004e+00,1.612903225806451069e+00,1.693548387096774022e+00,1.774193548387096975e+00,1.854838709677419040e+00,1.935483870967741993e+00,2.016129032258064058e+00,2.096774193548387011e+00,2.177419354838709076e+00,2.258064516129032029e+00,2.338709677419354982e+00,2.419354838709677047e+00,2.500000000000000000e+00,2.580645161290322065e+00,2.661290322580645018e+00,2.741935483870967971e+00,2.822580645161290036e+00,2.903225806451612989e+00,2.983870967741935054e+00,3.064516129032258007e+00,3.145161290322580072e+00,3.225806451612902137e+00,3.306451612903225978e+00,3.387096774193548043e+00,3.467741935483870108e+00,3.548387096774193949e+00,3.629032258064516014e+00,3.709677419354838079e+00,3.790322580645161921e+00,3.870967741935483986e+00,3.951612903225806051e+00,4.032258064516128115e+00,4.112903225806451957e+00,4.193548387096774022e+00,4.274193548387096087e+00,4.354838709677419928e+00,4.435483870967741993e+00,4.516129032258064058e+00,4.596774193548386123e+00,4.677419354838709964e+00,4.758064516129032029e+00,4.838709677419354094e+00,4.919354838709677935e+00,5.000000000000000000e+00
5.000000000000000000e-01,5.391429048481158892e-01,5.396369576405063428e-01,5.401275808975477544e-01,5.406442567103525443e-01,5.404859113743744059e-01,5.401459258758927184e-01,5.399716402031506934e-01,5.398391669709594609e-01,5.397199336737640296e-01,5.396083738884577263e-01,5.395086870879358676e-01,5.394295111931622921e-01,5.393807927663633039e-01,5.393717765288539301e-01,5.394098256836199479e-01,5.394998812878351035e-01,5.396443815764374596e-01,5.398435276932527227e-01,5.400958949515765051e-01,5.403995276976393258e-01,5.407539125476716890e-01,5.411641992251297051e-01,5.416550251809586491e-01,5.424418393764948165e-01,5.425792201382980684e-01,5.427143577552843157e-01,5.428765976750304922e-01,5.430534269567591776e-01,5.432410135202105916e-01,5.434384489562454901e-01,5.436461715634718361e-01,5.438653250514503545e-01,5.440974480200755359e-01,5.443443134713074061e-01,5.446078449086413364e-01,5.448900718854214897e-01,5.451931030254212329e-01,5.455191016134515181e-01,5.458702519931182273e-01,5.462487057996459061e-01,5.466564962428219765e-01,5.470954067224940154e-01,5.475667775345338661e-01,5.480712321689464872e-01,5.486083042871260362e-01,5.491759506900186771e-01,5.497699490702331326e-01,5.503832089608660105e-01,5.510050790538558729e-01,5.516208244693084906e-01,5.522115919618592050e-01,5.527554997530497172e-01,5.532332603959925210e-01,5.535247065271117206e-01,5.537210447311913253e-01,5.538030784553243935e-01,5.537692600161742140e-01,5.536380992483096453e-01,5.534430487072489191e-01,5.532266073043228261e-01,5.530327963914954958e-01,5.528994837642235982e-01,5.528520723394454439e-01,5.528994837642229321e-01,5.530327963914954958e-01,5.532266073043230481e-01,5.534430487072495852e-01,5.536380992483097563e-01,5.537692600161743250e-01,5.538030784553248376e-01,5.537210447311912143e-01,5.535247065271116096e-01,5.532332603959926320e-01,5.527554997530491621e-01,5.522115919618593161e-01,5.516208244693091567e-01,5.510050790538562060e-01,5.503832089608662326e-01,5.497699490702330216e-01,5.491759506900190102e-01,5.486083042871260362e-01,5.480712321689464872e-01,5.475667775345338661e-01,5.470954067224945705e-01,5.466564962428225316e-01,5.462487057996452400e-01,5.458702519931176722e-01,5.455191016134511850e-01,5.451931030254207888e-01,5.448900718854217118e-01,5.446078449086405593e-01,5.443443134713081832e-01,5.440974480200749808e-01,5.438653250514496884e-01,5.436461715634712810e-01,5.434384489562444909e-01,5.432410135202112578e-01,5.430534269567591776e-01,5.428765976750304922e-01,5.427143577552835385e-01,5.425792201382965141e-01,5.424418393764943724e-01,5.416550251809589822e-01,5.411641992251289279e-01,5.407539125476721331e-01,5.403995276976394369e-01,5.400958949515760610e-01,5.398435276932529447e-01,5.396443815764372376e-01,5.394998812878354366e-01,5.394098256836193928e-01,5.393717765288540411e-01,5.393807927663638591e-01,5.394295111931617370e-01,5.395086870879357566e-01,5.396083738884580594e-01,5.397199336737638076e-01,5.398391669709594609e-01,5.399716402031503604e-01,5.401459258758931625e-01,5.404859113743741839e-01,5.406442567103524333e-01,5.401275808975474213e-01,5.396369576405060098e-01,5.391429048481158892e-01
5.043010752688171783e-01,5.438816077154138284e-01,5.442370460684006206e-01,5.445577800041455641e-01,5.448488111059455186e-01,5.451313710875165253e-01,5.451992977540390806e-01,5.444359676615347921e-01,5.440465592823057195e-01,5.437548148452647778e-01,5.435221469915521020e-01,5.433390838302192272e-01,5.432043718998263993e-01,5.431192228082329931e-01,5.430853520165251913e-01,5.431043854519356229e-01,5.431778131300600831e-01,5.433071551025299151e-01,5.434942584207179683e-01,5.437418944920258124e-01,5.440553242181116467e-01,5.444473348366803966e-01,5.449623503666192192e-01,5.456629680464685217e-01,5.457701078951758822e-01,5.459436711679994669e-01,5.461446615821220485e-01,5.463614907017572131e-01,5.465885312242459992e-01,5.468230824000255286e-01,5.470643107228744251e-01,5.473126535092931455e-01,5.475694000511253101e-01,5.478363806006730785e-01,5.481157364907077723e-01,5.484097509910443868e-01,5.487207202809212259e-01,5.490508438046960427e-01,5.494021138722250397e-01,5.497761850537515871e-01,5.501742042897563856e-01,5.505965828549415075e-01,5.510426922773005165e-01,5.515104698368478164e-01,5.519959283650133219e-01,5.524925841197831922e-01,5.529908509319994003e-01,5.534775033222257834e-01,5.539353856411909360e-01,5.543436257291340929e-01,5.546786657560770495e-01,5.549163916049216771e-01,5.550354678336322234e-01,5.550217132924942787e-01,5.548738400922953451e-01,5.545500504061946501e-01,5.541055024888555947e-01,5.536095897454615944e-01,5.530943312878759954e-01,5.526016856222462081e-01,5.521721538282000630e-01,5.518399247460068491e-01,5.516303273270941609e-01,5.515587478209239558e-01,5.516303273270937169e-01,5.518399247460060719e-01,5.521721538281995079e-01,5.526016856222459861e-01,5.530943312878757734e-01,5.536095897454623715e-01,5.541055024888553726e-01,5.545500504061954272e-01,5.548738400922954561e-01,5.550217132924940566e-01,5.550354678336317793e-01,5.549163916049212331e-01,5.546786657560776046e-01,5.543436257291340929e-01,5.539353856411899368e-01,5.534775033222258944e-01,5.529908509320000665e-01,5.524925841197829701e-01,5.519959283650139881e-01,5.515104698368473723e-01,5.510426922772996283e-01,5.505965828549417296e-01,5.501742042897576068e-01,5.497761850537508099e-01,5.494021138722250397e-01,5.490508438046957096e-01,5.487207202809207818e-01,5.484097509910448309e-01,5.481157364907082163e-01,5.478363806006734116e-01,5.475694000511246440e-01,5.473126535092939227e-01,5.470643107228740920e-01,5.468230824000258616e-01,5.465885312242461103e-01,5.463614907017569911e-01,5.461446615821217154e-01,5.459436711679991339e-01,5.457701078951762153e-01,5.456629680464694099e-01,5.449623503666188862e-01,5.444473348366798415e-01,5.440553242181117577e-01,5.437418944920254793e-01,5.434942584207170801e-01,5.433071551025295820e-01,5.431778131300608603e-01,5.431043854519357339e-01,5.430853520165263015e-01,5.431192228082331042e-01,5.432043718998261772e-01,5.433390838302192272e-01,5.435221469915521020e-01,5.437548148452641117e-01,5.440465592823051644e-01,5.444359676615345700e-01,5.451992977540390806e-01,5.451313710875163032e-01,5.448488111059455186e-01,5.445577800041457861e-01,5.442370460684010647e-01,5.438816077154139395e-01
5.086021505376343566e-01,5.489041306358537486e-01,5.491333936790274706e-01,5.493187809806044930e-01,5.494683498696981694e-01,5.495957178996697667e-01,5.497247607710871176e-01,5.499333694930954586e-01,5.490576621540819158e-01,5.485790014643965318e-01,5.482630043015883636e-01,5.480410469403563800e-01,5.478905353008103329e-01,5.478010996067782523e-01,5.477672816341231377e-01,5.477863497394346304e-01,5.478576765155711570e-01,5.479828081099652470e-01,5.481661817517170521e-01,5.484173054631118482e-01,5.487584640551889104e-01,5.492736815354926083e-01,5.497439240609092170e-01,5.498319155221917942e-01,5.499811234618920963e-01,5.501701216046502863e-01,5.503889005684277080e-01,5.506303051298048201e-01,5.508887792789358695e-01,5.511601921187132547e-01,5.514418203781921157e-01,5.517322639365787040e-01,5.520312596362801916e-01,5.523394220666376642e-01,5.526579521042881415e-01,5.529883431300313124e-01,5.533320971955271173e-01,5.536904476567602318e-01,5.540640742181447420e-01,5.544527913556632770e-01,5.548551914164374654e-01,5.552682297184290405e-01,5.556867524108711764e-01,5.561029916839367315e-01,5.565060904330598746e-01,5.568817708807153322e-01,5.572123234796171332e-01,5.574771451643802944e-01,5.576540629643741420e-01,5.577215890580048407e-01,5.576620248706946059e-01,5.574649795283691533e-01,5.571305102518093744e-01,5.566709451198934566e-01,5.561107362048853808e-01,5.554846957718735379e-01,5.548217964461973351e-01,5.541141587443202399e-01,5.534792735109419493e-01,5.529278888002318038e-01,5.524795957737048679e-01,5.521495022288265275e-01,5.519476942083079152e-01,5.518798225787633349e-01,5.519476942083080262e-01,5.521495022288265275e-01,5.524795957737052010e-01,5.529278888002320258e-01,5.534792735109417272e-01,5.541141587443204619e-01,5.548217964461975571e-01,5.554846957718740930e-01,5.561107362048842706e-01,5.566709451198931236e-01,5.571305102518094854e-01,5.574649795283691533e-01,5.576620248706941618e-01,5.577215890580045077e-01,5.576540629643744751e-01,5.574771451643805165e-01,5.572123234796166891e-01,5.568817708807154432e-01,5.565060904330590974e-01,5.561029916839375087e-01,5.556867524108717316e-01,5.552682297184288185e-01,5.548551914164370213e-01,5.544527913556630550e-01,5.540640742181442979e-01,5.536904476567611200e-01,5.533320971955276724e-01,5.529883431300313124e-01,5.526579521042883636e-01,5.523394220666375531e-01,5.520312596362807467e-01,5.517322639365784820e-01,5.514418203781917827e-01,5.511601921187132547e-01,5.508887792789357585e-01,5.506303051298044871e-01,5.503889005684261537e-01,5.501701216046497311e-01,5.499811234618914302e-01,5.498319155221920163e-01,5.497439240609101052e-01,5.492736815354931634e-01,5.487584640551890214e-01,5.484173054631131805e-01,5.481661817517163859e-01,5.479828081099659132e-01,5.478576765155723782e-01,5.477863497394356296e-01,5.477672816341230266e-01,5.478010996067774752e-01,5.478905353008102219e-01,5.480410469403572682e-01,5.482630043015881416e-01,5.485790014643965318e-01,5.490576621540823599e-01,5.499333694930955696e-01,5.497247607710875617e-01,5.495957178996695447e-01,5.494683498696978363e-01,5.493187809806047150e-01,5.491333936790278036e-01,5.489041306358539707e-01
5.129032258064516459e-01,5.748366004181958422e-01,5.747951790830626573e-01,5.747111953974599619e-01,5.745969088609144126e-01,5.744659710903241567e-01,5.743332656143335102e-01,5.742166518964771926e-01,5.741512024412489534e-01,5.733067217601471866e-01,5.725916090760503341e-01,5.721097113606445905e-01,5.717451898100622820e-01,5.714641771676137738e-01,5.712519560575051170e-01,5.711019004253991005e-01,5.710125764352471656e-01,5.709877211011796794e-01,5.710392559949141189e-01,5.712005760209594163e-01,5.716625571139779538e-01,5.717418022350604367e-01,5.716359378276242298e-01,5.715881948110593802e-01,5.715907635870264292e-01,5.716399369750054804e-01,5.717324804077713596e-01,5.718648488669045848e-01,5.720331126364314178e-01,5.722331720531200761e-01,5.724610770230309509e-01,5.727133250289548894e-01,5.729870517976038968e-01,5.732800720825559360e-01,5.735907665197607086e-01,5.739178353565659307e-01,5.742599490037312293e-01,5.746153232147120926e-01,5.749812405226464307e-01,5.753535363590764895e-01,5.757260733473524850e-01,5.760902439565385169e-01,5.764345710697839076e-01,5.767445154066586088e-01,5.770026389952555013e-01,5.771892962598392796e-01,5.772840000317409626e-01,5.772675076987715537e-01,5.771244787942942933e-01,5.768463008639572731e-01,5.764334590975176420e-01,5.758967696781803758e-01,5.752570033562048879e-01,5.745428664091378756e-01,5.737878091885880716e-01,5.730264808936046395e-01,5.722917862170729952e-01,5.716150504092291085e-01,5.709704915355187094e-01,5.704379121183478230e-01,5.700177725974513443e-01,5.697143159994547679e-01,5.695309675066655419e-01,5.694696495162833161e-01,5.695309675066662081e-01,5.697143159994557671e-01,5.700177725974510112e-01,5.704379121183472678e-01,5.709704915355182653e-01,5.716150504092285534e-01,5.722917862170733283e-01,5.730264808936041954e-01,5.737878091885887377e-01,5.745428664091386528e-01,5.752570033562043328e-01,5.758967696781803758e-01,5.764334590975164208e-01,5.768463008639571621e-01,5.771244787942949594e-01,5.772675076987708875e-01,5.772840000317399634e-01,5.771892962598391685e-01,5.770026389952543910e-01,5.767445154066586088e-01,5.764345710697845737e-01,5.760902439565381838e-01,5.757260733473531511e-01,5.753535363590777107e-01,5.749812405226468748e-01,5.746153232147116485e-01,5.742599490037308962e-01,5.739178353565653756e-01,5.735907665197602645e-01,5.732800720825556029e-01,5.729870517976037858e-01,5.727133250289568878e-01,5.724610770230303958e-01,5.722331720531202981e-01,5.720331126364324170e-01,5.718648488669058061e-01,5.717324804077714706e-01,5.716399369750054804e-01,5.715907635870255410e-01,5.715881948110588251e-01,5.716359378276241188e-01,5.717418022350608808e-01,5.716625571139773987e-01,5.712005760209598604e-01,5.710392559949141189e-01,5.709877211011795684e-01,5.710125764352459443e-01,5.711019004253978792e-01,5.712519560575053390e-01,5.714641771676136628e-01,5.717451898100618379e-01,5.721097113606449236e-01,5.725916090760503341e-01,5.733067217601468535e-01,5.741512024412489534e-01,5.742166518964777477e-01,5.743332656143337323e-01,5.744659710903231575e-01,5.745969088609149678e-01,5.747111953974590737e-01,5.747951790830628793e-01,5.748366004181947320e-01
5.172043010752688241e-01,5.807811029202997188e-01,5.807811454577868071e-01,5.807511588522811241e-01,5.807038090363326743e-01,5.806506013880858852e-01,5.806017215482660587e-01,5.805664774582341980e-01,5.805550524077754959e-01,5.805862315469026980e-01,5.801119731672578217e-01,5.793598637778666349e-01,5.789455840637169892e-01,5.786660986716642974e-01,5.784772231525412423e-01,5.783636476297371320e-01,5.783235645161390881e-01,5.783692173212136023e-01,5.785485529979087493e-01,5.791790261750103808e-01,5.789381289666643005e-01,5.787707595972770847e-01,5.786514140276721729e-01,5.785766726827448192e-01,5.785461175279507096e-01,5.785600221746467486e-01,5.786184792461301907e-01,5.787209161300362892e-01,5.788658272370580393e-01,5.790506928031458056e-01,5.792720625638397847e-01,5.795257554205270889e-01,5.798070987133728815e-01,5.801111214895300350e-01,5.804326303802936904e-01,5.807661279762532658e-01,5.811055703395974215e-01,5.814439932601245253e-01,5.817730631353823512e-01,5.820826305569642978e-01,5.823603869758360307e-01,5.825917480916468216e-01,5.827601054611544207e-01,5.828475845741599715e-01,5.828364005526996960e-01,5.827107912497468956e-01,5.824593313841637254e-01,5.820772295922008732e-01,5.815680664888400742e-01,5.809444449187499693e-01,5.802272455698505027e-01,5.794435601954740500e-01,5.786237591300580352e-01,5.777983697752130388e-01,5.769954148333441557e-01,5.762386306263247437e-01,5.755466920681004961e-01,5.749333686143049960e-01,5.744088656709960272e-01,5.739547254490294792e-01,5.736006895572890452e-01,5.733505830914426005e-01,5.732012014363928598e-01,5.731515076584211554e-01,5.732012014363927488e-01,5.733505830914438217e-01,5.736006895572893782e-01,5.739547254490299233e-01,5.744088656709960272e-01,5.749333686143041078e-01,5.755466920681011622e-01,5.762386306263257429e-01,5.769954148333432675e-01,5.777983697752124836e-01,5.786237591300585903e-01,5.794435601954739390e-01,5.802272455698512799e-01,5.809444449187500803e-01,5.815680664888397411e-01,5.820772295922013173e-01,5.824593313841625042e-01,5.827107912497463404e-01,5.828364005527004732e-01,5.828475845741601935e-01,5.827601054611537545e-01,5.825917480916469327e-01,5.823603869758344764e-01,5.820826305569651860e-01,5.817730631353821291e-01,5.814439932601238592e-01,5.811055703395970884e-01,5.807661279762528217e-01,5.804326303802935794e-01,5.801111214895304791e-01,5.798070987133721044e-01,5.795257554205273109e-01,5.792720625638404508e-01,5.790506928031461387e-01,5.788658272370578173e-01,5.787209161300358451e-01,5.786184792461301907e-01,5.785600221746475258e-01,5.785461175279508206e-01,5.785766726827435980e-01,5.786514140276727280e-01,5.787707595972761965e-01,5.789381289666641894e-01,5.791790261750100477e-01,5.785485529979091934e-01,5.783692173212123810e-01,5.783235645161379779e-01,5.783636476297371320e-01,5.784772231525416863e-01,5.786660986716645194e-01,5.789455840637168782e-01,5.793598637778666349e-01,5.801119731672584878e-01,5.805862315469038082e-01,5.805550524077753849e-01,5.805664774582341980e-01,5.806017215482666138e-01,5.806506013880854411e-01,5.807038090363316751e-01,5.807511588522819013e-01,5.807811454577876953e-01,5.807811029203006070e-01
5.215053763440860024e-01,6.093989621926088063e-01,6.094886003102458760e-01,6.095460501953615662e-01,6.095823642243127782e-01,6.096066011030147891e-01,6.096260080963334937e-01,6.096464280585115469e-01,6.096729418957589353e-01,6.097109866810159762e-01,6.097695433124749043e-01,6.097950065726925883e-01,6.085956149915897617e-01,6.081448747280639999e-01,6.078689144491737917e-01,6.077138932131492810e-01,6.076823854743026443e-01,6.078532918366249538e-01,6.083777366924925101e-01,6.080043256358682591e-01,6.076802991284226962e-01,6.073961820036035686e-01,6.071503795613302223e-01,6.069435055859785377e-01,6.067772236968070887e-01,6.066536602211722862e-01,6.065749356129577219e-01,6.065427222144830210e-01,6.065578258607442486e-01,6.066198218515470586e-01,6.067267828332071344e-01,6.068751229422147953e-01,6.070595553510951259e-01,6.072731303214019549e-01,6.075073013657970034e-01,6.077519679379825845e-01,6.079954662982749447e-01,6.082245202757553537e-01,6.084242105638492104e-01,6.085780637732586262e-01,6.086683893541900980e-01,6.086769912374753178e-01,6.085863382800793531e-01,6.083811837695606295e-01,6.080504838848335147e-01,6.075893084784611542e-01,6.070003235485428306e-01,6.062944222349320178e-01,6.054902303929521334e-01,6.046124872050581134e-01,6.036896034290616386e-01,6.027509068614943510e-01,6.018241172040715847e-01,6.009334574587833488e-01,6.000985847493218728e-01,5.993343071115138088e-01,5.986509101256407561e-01,5.980548654277406673e-01,5.975497152794897460e-01,5.971370239487595599e-01,5.968088273083779205e-01,5.965734304830587753e-01,5.964342775257878149e-01,5.963881108329183167e-01,5.964342775257881479e-01,5.965734304830591084e-01,5.968088273083776985e-01,5.971370239487591158e-01,5.975497152794890798e-01,5.980548654277403342e-01,5.986509101256403120e-01,5.993343071115142529e-01,6.000985847493212066e-01,6.009334574587834599e-01,6.018241172040719178e-01,6.027509068614952392e-01,6.036896034290618607e-01,6.046124872050582244e-01,6.054902303929521334e-01,6.062944222349315737e-01,6.070003235485424975e-01,6.075893084784605991e-01,6.080504838848338478e-01,6.083811837695606295e-01,6.085863382800790200e-01,6.086769912374750957e-01,6.086683893541892099e-01,6.085780637732587373e-01,6.084242105638496545e-01,6.082245202757554647e-01,6.079954662982747227e-01,6.077519679379828066e-01,6.075073013657972254e-01,6.072731303214017329e-01,6.070595553510956810e-01,6.068751229422152393e-01,6.067267828332074675e-01,6.066198218515471696e-01,6.065578258607451367e-01,6.065427222144834651e-01,6.065749356129581660e-01,6.066536602211725082e-01,6.067772236968070887e-01,6.069435055859788708e-01,6.071503795613302223e-01,6.073961820036039017e-01,6.076802991284220301e-01,6.080043256358680370e-01,6.083777366924910668e-01,6.078532918366248428e-01,6.076823854743027553e-01,6.077138932131487259e-01,6.078689144491745688e-01,6.081448747280642220e-01,6.085956149915896507e-01,6.097950065726926994e-01,6.097695433124746822e-01,6.097109866810158652e-01,6.096729418957591573e-01,6.096464280585118800e-01,6.096260080963333827e-01,6.096066011030149001e-01,6.095823642243139995e-01,6.095460501953614552e-01,6.094886003102460981e-01,6.093989621926103606e-01
5.258064516129031807e-01,6.136638723148725161e-01,6.140439364577049419e-01,6.143870728038477447e-01,6.147015747924841067e-01,6.149941178571154410e-01,6.152701552914601191e-01,6.155343620889335288e-01,6.157911155622656230e-01,6.160450653623273931e-01,6.163020060795766364e-01,6.165709991249043176e-01,6.168783671261268697e-01,6.158735763242276784e-01,6.155561234119291125e-01,6.155108317255484351e-01,6.157969530232089150e-01,6.161930058016534817e-01,6.158028294873993946e-01,6.154623006622715886e-01,6.151596988572668456e-01,6.148904046463895545e-01,6.146525765096829685e-01,6.144459644003353871e-01,6.142713357054776502e-01,6.141300775074925999e-01,6.140238335044769791e-01,6.139541160312912416e-01,6.139218719153639592e-01,6.139270084193431121e-01,6.139679085261851021e-01,6.140409812773567344e-01,6.141402987213991915e-01,6.142573646498146189e-01,6.143810454494258444e-01,6.144976788361290465e-01,6.145913713513299070e-01,6.146445040586533404e-01,6.146384815248693290e-01,6.145547658058896356e-01,6.143762148044383808e-01,6.140886791573614278e-01,6.136827073487890472e-01,6.131550939647978371e-01,6.125099323359177728e-01,6.117588547260722764e-01,6.109202859335196578e-01,6.100177690598853619e-01,6.090776619624688193e-01,6.081266533215221592e-01,6.071895523733162880e-01,6.062876791021815093e-01,6.054379889598379139e-01,6.046528861158799728e-01,6.039405631025154264e-01,6.033056641757789107e-01,6.027500872792257436e-01,6.022737872173489215e-01,6.018754965567956194e-01,6.015533271892459233e-01,6.013052552887621083e-01,6.011265265580834072e-01,6.010153466863927818e-01,6.009792944638515655e-01,6.010153466863935590e-01,6.011265265580837402e-01,6.013052552887624413e-01,6.015533271892457012e-01,6.018754965567950643e-01,6.022737872173496987e-01,6.027500872792260767e-01,6.033056641757793548e-01,6.039405631025149823e-01,6.046528861158799728e-01,6.054379889598378028e-01,6.062876791021822864e-01,6.071895523733163991e-01,6.081266533215221592e-01,6.090776619624690413e-01,6.100177690598855840e-01,6.109202859335188807e-01,6.117588547260726095e-01,6.125099323359177728e-01,6.131550939647980591e-01,6.136827073487888251e-01,6.140886791573618719e-01,6.143762148044384919e-01,6.145547658058898577e-01,6.146384815248695510e-01,6.146445040586540065e-01,6.145913713513304621e-01,6.144976788361287134e-01,6.143810454494255113e-01,6.142573646498146189e-01,6.141402987213998577e-01,6.140409812773571785e-01,6.139679085261856573e-01,6.139270084193438892e-01,6.139218719153638482e-01,6.139541160312907975e-01,6.140238335044779783e-01,6.141300775074929330e-01,6.142713357054774281e-01,6.144459644003354981e-01,6.146525765096830796e-01,6.148904046463901096e-01,6.151596988572661795e-01,6.154623006622712555e-01,6.158028294873989505e-01,6.161930058016527045e-01,6.157969530232094701e-01,6.155108317255492123e-01,6.155561234119284464e-01,6.158735763242280115e-01,6.168783671261263146e-01,6.165709991249038735e-01,6.163020060795766364e-01,6.160450653623275041e-01,6.157911155622657340e-01,6.155343620889331957e-01,6.152701552914603411e-01,6.149941178571165512e-01,6.147015747924845508e-01,6.143870728038477447e-01,6.140439364577052750e-01,6.136638723148728491e-01
5.301075268817204700e-01,6.315250498716856731e-01,6.324599318227424050e-01,6.333399647415418610e-01,6.341707888175280861e-01,6.349574923222199851e-01,6.357049302611926800e-01,6.364180515494778367e-01,6.371022632119724971e-01,6.377639062262161485e-01,6.384110066168242614e-01,6.390546950589111042e-01,6.397124574738640712e-01,6.404186638131729170e-01,6.398458385970532403e-01,6.402008590738716975e-01,6.403500668044234123e-01,6.398838883612628647e-01,6.394961175796782804e-01,6.391568245320791153e-01,6.388516027866827374e-01,6.385725399485925324e-01,6.383151408015488304e-01,6.380769421997403157e-01,6.378567706865559961e-01,6.376542667576022838e-01,6.374695069106394163e-01,6.373026342282137602e-01,6.371534476359465016e-01,6.370209285052871317e-01,6.369027119633348111e-01,6.367945417343777725e-01,6.366897785662424258e-01,6.365790566772814296e-01,6.364501928815138321e-01,6.362884442947022157e-01,6.360771820337793869e-01,6.357990020502847228e-01,6.354372320226505666e-01,6.349777162719161261e-01,6.344106741706926345e-01,6.337323484649460825e-01,6.329461202742475701e-01,6.320628045298163356e-01,6.310999729034494354e-01,6.300803597936485145e-01,6.290296257123428880e-01,6.279738996265193940e-01,6.269375422375846885e-01,6.259414671164444943e-01,6.250021790863324878e-01,6.241315107898507408e-01,6.233369129077259707e-01,6.226220999959484192e-01,6.219878612017361030e-01,6.214328878810817525e-01,6.209545236957377812e-01,6.205493906957360029e-01,6.202138799110962220e-01,6.199445162584367175e-01,6.197382170421984471e-01,6.195924586564943715e-01,6.195051949798046076e-01,6.194728466289317614e-01,6.195051949798047186e-01,6.195924586564938163e-01,6.197382170421987801e-01,6.199445162584372726e-01,6.202138799110964440e-01,6.205493906957366690e-01,6.209545236957370040e-01,6.214328878810817525e-01,6.219878612017359920e-01,6.226220999959486413e-01,6.233369129077257487e-01,6.241315107898508519e-01,6.250021790863324878e-01,6.259414671164454935e-01,6.269375422375841334e-01,6.279738996265187279e-01,6.290296257123426660e-01,6.300803597936489586e-01,6.310999729034496575e-01,6.320628045298156694e-01,6.329461202742477921e-01,6.337323484649464156e-01,6.344106741706933006e-01,6.349777162719160151e-01,6.354372320226503446e-01,6.357990020502847228e-01,6.360771820337790539e-01,6.362884442947024377e-01,6.364501928815136100e-01,6.365790566772806525e-01,6.366897785662427589e-01,6.367945417343776615e-01,6.369027119633348111e-01,6.370209285052874648e-01,6.371534476359460575e-01,6.373026342282147594e-01,6.374695069106391943e-01,6.376542667576021728e-01,6.378567706865556630e-01,6.380769421997404267e-01,6.383151408015488304e-01,6.385725399485924214e-01,6.388516027866829594e-01,6.391568245320791153e-01,6.394961175796773922e-01,6.398838883612633088e-01,6.403500668044229682e-01,6.402008590738718086e-01,6.398458385970530182e-01,6.404186638131728060e-01,6.397124574738637381e-01,6.390546950589109931e-01,6.384110066168237063e-01,6.377639062262164815e-01,6.371022632119728302e-01,6.364180515494776147e-01,6.357049302611927910e-01,6.349574923222200962e-01,6.341707888175281971e-01,6.333399647415420830e-01,6.324599318227424050e-01,6.315250498716860061e-01
5.344086021505376483e-01,6.312540847506799002e-01,6.326523099617478163e-01,6.339776620979533650e-01,6.352348241422297592e-01,6.364290920003735641e-01,6.375664761509919343e-01,6.386539028754423253e-01,6.396996002613395405e-01,6.407138514726291589e-01,6.417105520128171259e-01,6.427107956816990875e-01,6.437528170898760838e-01,6.449311904546839447e-01,6.470438547130982210e-01,6.460963587924499762e-01,6.451949409610537867e-01,6.446769948638241265e-01,6.442954569364464090e-01,6.439845907664006885e-01,6.437156784623253580e-01,6.434733562632440895e-01,6.432483431176643229e-01,6.430344937762418889e-01,6.428273739662235808e-01,6.426234652029092498e-01,6.424196516260421985e-01,6.422128321070975643e-01,6.419995803520416322e-01,6.417758173461355353e-01,6.415364909773220159e-01,6.412752875289948751e-01,6.409844311936832018e-01,6.406546564389773435e-01,6.402754536114252382e-01,6.398356767638689879e-01,6.393245525658165507e-01,6.387330384440969011e-01,6.380553619258315656e-01,6.372904653441089362e-01,6.364430255013766580e-01,6.355237548772773026e-01,6.345488292687492260e-01,6.335384934059293816e-01,6.325151020444120809e-01,6.315009838348962790e-01,6.305165246775182863e-01,6.295787645241903707e-01,6.287006384573839979e-01,6.278908337289146324e-01,6.271541255886752264e-01,6.264920109640892409e-01,6.259034690071101359e-01,6.253857180797092186e-01,6.249348878916973771e-01,6.245465688210423139e-01,6.242162317433677110e-01,6.239395306289007292e-01,6.237125093956568112e-01,6.235317377986568932e-01,6.233944032994386264e-01,6.232983993971433767e-01,6.232425767645869419e-01,6.232293680922342816e-01,6.232425767645861647e-01,6.232983993971434877e-01,6.233944032994386264e-01,6.235317377986561160e-01,6.237125093956560340e-01,6.239395306289009513e-01,6.242162317433678220e-01,6.245465688210424249e-01,6.249348878916977101e-01,6.253857180797085524e-01,6.259034690071100249e-01,6.264920109640896850e-01,6.271541255886744493e-01,6.278908337289146324e-01,6.287006384573843309e-01,6.295787645241895936e-01,6.305165246775177312e-01,6.315009838348957238e-01,6.325151020444126360e-01,6.335384934059298256e-01,6.345488292687492260e-01,6.355237548772777467e-01,6.364430255013762139e-01,6.372904653441089362e-01,6.380553619258317877e-01,6.387330384440972342e-01,6.393245525658165507e-01,6.398356767638685438e-01,6.402754536114244610e-01,6.406546564389771214e-01,6.409844311936826466e-01,6.412752875289948751e-01,6.415364909773223490e-01,6.417758173461364235e-01,6.419995803520416322e-01,6.422128321070977863e-01,6.424196516260419765e-01,6.426234652029093608e-01,6.428273739662244690e-01,6.430344937762413338e-01,6.432483431176638788e-01,6.434733562632440895e-01,6.437156784623249139e-01,6.439845907664009106e-01,6.442954569364460760e-01,6.446769948638239045e-01,6.451949409610537867e-01,6.460963587924503093e-01,6.470438547130986651e-01,6.449311904546841667e-01,6.437528170898758617e-01,6.427107956816998646e-01,6.417105520128173479e-01,6.407138514726299361e-01,6.396996002613393184e-01,6.386539028754418812e-01,6.375664761509922673e-01,6.364290920003737861e-01,6.352348241422298702e-01,6.339776620979534760e-01,6.326523099617480383e-01,6.312540847506803443e-01
5.387096774193548265e-01,6.293266663341081646e-01,6.311938711399750490e-01,6.329745264440808095e-01,6.346720930892798540e-01,6.362919123123474963e-01,6.378411513223491980e-01,6.393290254118785265e-01,6.407675162226944554e-01,6.421731238567487399e-01,6.435712192055292880e-01,6.450088312945427838e-01,6.466101184883904507e-01,6.490832121315009973e-01,6.494875900626739806e-01,6.499408290326282867e-01,6.493199925749726376e-01,6.483275756084967423e-01,6.478531883898940302e-01,6.475279062046768175e-01,6.472709485098553372e-01,6.470481226038709011e-01,6.468407698035901765e-01,6.466368631978023362e-01,6.464275251427428204e-01,6.462053893918637826e-01,6.459637305448806543e-01,6.456959672360215174e-01,6.453953809239849626e-01,6.450549891304192540e-01,6.446675587967819476e-01,6.442257703877166675e-01,6.437225544772662289e-01,6.431516192924898734e-01,6.425081660484763812e-01,6.417897459617100120e-01,6.409971523974689056e-01,6.401351793723925043e-01,6.392130412454515298e-01,6.382442681939436424e-01,6.372459831382990547e-01,6.362376117178130119e-01,6.352392289441388673e-01,6.342698443045513557e-01,6.333459323319852174e-01,6.324804310056034717e-01,6.316822962805394015e-01,6.309565706076265545e-01,6.303048355790197288e-01,6.297258865072884459e-01,6.292164799878250392e-01,6.287720441669250038e-01,6.283872863417158117e-01,6.280566711659384405e-01,6.277747699477890242e-01,6.275364973153008119e-01,6.273372585290954984e-01,6.271730324228083076e-01,6.270404152511799278e-01,6.269366565511549361e-01,6.268597591883632303e-01,6.268091042668207935e-01,6.267890432024054714e-01,6.267793177624382261e-01,6.267890432024051384e-01,6.268091042668212376e-01,6.268597591883627862e-01,6.269366565511542699e-01,6.270404152511799278e-01,6.271730324228083076e-01,6.273372585290957204e-01,6.275364973153005899e-01,6.277747699477894683e-01,6.280566711659381074e-01,6.283872863417159227e-01,6.287720441669250038e-01,6.292164799878249282e-01,6.297258865072876688e-01,6.303048355790195068e-01,6.309565706076257774e-01,6.316822962805395125e-01,6.324804310056038048e-01,6.333459323319851064e-01,6.342698443045510226e-01,6.352392289441383122e-01,6.362376117178132340e-01,6.372459831382986106e-01,6.382442681939437534e-01,6.392130412454516408e-01,6.401351793723919492e-01,6.409971523974686836e-01,6.417897459617096789e-01,6.425081660484760482e-01,6.431516192924900954e-01,6.437225544772661179e-01,6.442257703877166675e-01,6.446675587967820586e-01,6.450549891304183658e-01,6.453953809239840744e-01,6.456959672360207403e-01,6.459637305448805433e-01,6.462053893918633385e-01,6.464275251427429314e-01,6.466368631978021142e-01,6.468407698035903985e-01,6.470481226038711231e-01,6.472709485098552262e-01,6.475279062046762624e-01,6.478531883898936972e-01,6.483275756084964092e-01,6.493199925749721935e-01,6.499408290326278426e-01,6.494875900626735366e-01,6.490832121315015524e-01,6.466101184883901176e-01,6.450088312945431168e-01,6.435712192055291769e-01,6.421731238567494060e-01,6.407675162226946775e-01,6.393290254118784155e-01,6.378411513223489759e-01,6.362919123123478293e-01,6.346720930892801871e-01,6.329745264440806984e-01,6.311938711399750490e-01,6.293266663341076095e-01
5.430107526881720048e-01,6.255257189941059170e-01,6.281335758337772690e-01,6.306573079664163917e-01,6.330960730892254418e-01,6.354527718494422661e-01,6.377340897496609484e-01,6.399511713862015005e-01,6.421216513988048380e-01,6.442751655283287526e-01,6.464705981913220212e-01,6.488789096112319577e-01,6.518521928138849564e-01,6.527484870973933040e-01,6.536872067840082678e-01,6.545962456217098158e-01,6.554672707010444910e-01,6.555621803645653722e-01,6.543083274713504816e-01,6.539033278567512042e-01,6.536714264913490169e-01,6.535008313029796456e-01,6.533456953406291401e-01,6.531806325252553780e-01,6.529886456537014050e-01,6.527566765831512852e-01,6.524736960713856115e-01,6.521298793508297775e-01,6.517163604363339635e-01,6.512253659340598855e-01,6.506506372221352308e-01,6.499880778914898238e-01,6.492365499649692673e-01,6.483987052663165995e-01,6.474816933002196517e-01,6.464975549487568252e-01,6.454631165807308557e-01,6.443992611011981619e-01,6.433295722939786909e-01,6.422785004795510400e-01,6.412693316318165415e-01,6.403223062321050651e-01,6.394532000189182552e-01,6.386725588125260478e-01,6.379856205199174735e-01,6.373928155398719264e-01,6.368906514585521705e-01,6.364727690783961167e-01,6.361309895585148810e-01,6.358562309956726777e-01,6.356392336392119313e-01,6.354710816231932125e-01,6.353435405760754495e-01,6.352492461840991700e-01,6.351817832076422921e-01,6.351356926752557142e-01,6.351064420105542174e-01,6.350903955029060244e-01,6.350848508239453905e-01,6.350883752500821045e-01,6.351034691147050548e-01,6.351395621557311966e-01,6.351432709599870163e-01,6.351441486855233798e-01,6.351432709599870163e-01,6.351395621557310855e-01,6.351034691147054989e-01,6.350883752500816604e-01,6.350848508239451684e-01,6.350903955029064685e-01,6.351064420105537733e-01,6.351356926752567134e-01,6.351817832076424031e-01,6.352492461840996141e-01,6.353435405760752275e-01,6.354710816231934345e-01,6.356392336392117093e-01,6.358562309956722336e-01,6.361309895585155472e-01,6.364727690783966718e-01,6.368906514585517264e-01,6.373928155398717044e-01,6.379856205199174735e-01,6.386725588125263808e-01,6.394532000189180332e-01,6.403223062321057313e-01,6.412693316318160974e-01,6.422785004795513730e-01,6.433295722939791350e-01,6.443992611011986060e-01,6.454631165807303006e-01,6.464975549487568252e-01,6.474816933002198738e-01,6.483987052663165995e-01,6.492365499649694893e-01,6.499880778914896018e-01,6.506506372221351198e-01,6.512253659340597745e-01,6.517163604363339635e-01,6.521298793508295555e-01,6.524736960713857226e-01,6.527566765831503970e-01,6.529886456537007389e-01,6.531806325252549339e-01,6.533456953406290291e-01,6.535008313029794236e-01,6.536714264913495720e-01,6.539033278567506491e-01,6.543083274713510367e-01,6.555621803645631518e-01,6.554672707010449351e-01,6.545962456217094827e-01,6.536872067840083789e-01,6.527484870973933040e-01,6.518521928138848454e-01,6.488789096112319577e-01,6.464705981913221322e-01,6.442751655283293077e-01,6.421216513988048380e-01,6.399511713862013895e-01,6.377340897496613925e-01,6.354527718494423771e-01,6.330960730892248867e-01,6.306573079664169468e-01,6.281335758337776021e-01,6.255257189941056950e-01
5.473118279569892941e-01,6.178363285774212121e-01,6.207894770387961669e-01,6.236820943489495006e-01,6.265080083563856483e-01,6.292666225550936909e-01,6.319636467954695691e-01,6.346132681692764343e-01,6.372443288048935672e-01,6.399207711557171052e-01,6.428507666996200465e-01,6.459510825635900177e-01,6.472278125834919349e-01,6.485283906245068453e-01,6.497821495798038471e-01,6.509723577925625726e-01,6.520951798257630383e-01,6.531572943962021816e-01,6.542409522744250250e-01,6.523562993492365569e-01,6.519280303274229693e-01,6.516873185333891261e-01,6.514965138719799320e-01,6.513016060455554257e-01,6.510732494424542605e-01,6.507923276598576168e-01,6.504450302521495031e-01,6.500210230099742192e-01,6.495129206713474712e-01,6.489164095936234000e-01,6.482307047124640231e-01,6.474591223351513491e-01,6.466095691725425310e-01,6.456947535975067209e-01,6.447319534111448647e-01,6.437422437801580966e-01,6.427491972305053869e-01,6.417771903148986601e-01,6.408495508349442149e-01,6.399868213366772807e-01,6.392053863083186904e-01,6.385166260671250038e-01,6.379266510222878495e-01,6.374365682500697794e-01,6.370431596579396727e-01,6.367398152334011741e-01,6.365175633545557821e-01,6.363660644260518140e-01,6.362744732783083279e-01,6.362321189161875834e-01,6.362289885203910034e-01,6.362560308538521836e-01,6.363053110425501702e-01,6.363700558225858783e-01,6.364446295048723501e-01,6.365244816175336107e-01,6.366061183079722019e-01,6.366872096126866554e-01,6.367672926558091140e-01,6.368539858882843463e-01,6.369503685158270923e-01,6.369868535106537610e-01,6.370076291896568099e-01,6.370144533939527953e-01,6.370076291896581422e-01,6.369868535106543161e-01,6.369503685158270923e-01,6.368539858882847904e-01,6.367672926558085589e-01,6.366872096126864333e-01,6.366061183079725350e-01,6.365244816175331666e-01,6.364446295048723501e-01,6.363700558225849901e-01,6.363053110425502812e-01,6.362560308538522946e-01,6.362289885203904483e-01,6.362321189161868062e-01,6.362744732783086610e-01,6.363660644260514809e-01,6.365175633545558931e-01,6.367398152334018402e-01,6.370431596579394506e-01,6.374365682500692243e-01,6.379266510222878495e-01,6.385166260671250038e-01,6.392053863083191345e-01,6.399868213366777248e-01,6.408495508349443259e-01,6.417771903148985491e-01,6.427491972305043877e-01,6.437422437801582076e-01,6.447319534111453088e-01,6.456947535975062769e-01,6.466095691725428640e-01,6.474591223351511271e-01,6.482307047124641342e-01,6.489164095936237331e-01,6.495129206713476933e-01,6.500210230099743303e-01,6.504450302521496141e-01,6.507923276598570617e-01,6.510732494424542605e-01,6.513016060455550926e-01,6.514965138719798210e-01,6.516873185333890151e-01,6.519280303274225252e-01,6.523562993492367790e-01,6.542409522744250250e-01,6.531572943962018485e-01,6.520951798257624832e-01,6.509723577925617954e-01,6.497821495798038471e-01,6.485283906245065122e-01,6.472278125834926010e-01,6.459510825635900177e-01,6.428507666996193803e-01,6.399207711557169942e-01,6.372443288048942334e-01,6.346132681692762123e-01,6.319636467954699022e-01,6.292666225550935799e-01,6.265080083563852043e-01,6.236820943489491675e-01,6.207894770387962780e-01,6.178363285774211011e-01
5.516129032258064724e-01,6.030564058769334324e-01,6.063496432946798853e-01,6.096430184851308054e-01,6.129232708908223248e-01,6.161844801922704562e-01,6.194310319640899953e-01,6.226848732228240646e-01,6.260094675823917321e-01,6.296504163147538247e-01,6.330057601852721039e-01,6.348398449314900382e-01,6.367007175696428600e-01,6.385080116605720280e-01,6.402381046217260341e-01,6.418809996032305287e-01,6.434327641000953113e-01,6.448946797818655430e-01,6.462790265242620569e-01,6.476739107153460795e-01,6.459665994152158364e-01,6.455107925160197269e-01,6.452689352162526149e-01,6.450663281636849211e-01,6.448398950267540952e-01,6.445589241044192841e-01,6.442071441332534176e-01,6.437769573322925654e-01,6.432673413896532466e-01,6.426830347242642461e-01,6.420340783770959181e-01,6.413352567560229867e-01,6.406052005411412287e-01,6.398650826208954756e-01,6.391369938094564329e-01,6.384422116129420122e-01,6.377996356897822627e-01,6.372246340827761868e-01,6.367284352093840472e-01,6.363180566053282528e-01,6.359966400439200918e-01,6.357640058188057663e-01,6.356172551252343705e-01,6.355513150922774690e-01,6.355593974024059678e-01,6.356333952461310499e-01,6.357642601684883044e-01,6.359423861625230767e-01,6.361580010174886501e-01,6.364015423225196644e-01,6.366639874039005109e-01,6.369371130741209308e-01,6.372136770425874674e-01,6.374875329367940546e-01,6.377537158167654319e-01,6.380085829166636247e-01,6.382502562271622493e-01,6.384805116581734330e-01,6.387235325944292663e-01,6.389470181872524135e-01,6.390602221217271950e-01,6.391388311058279204e-01,6.391855335677291139e-01,6.392010461929847898e-01,6.391855335677284478e-01,6.391388311058279204e-01,6.390602221217273060e-01,6.389470181872518584e-01,6.387235325944295994e-01,6.384805116581735440e-01,6.382502562271620272e-01,6.380085829166642908e-01,6.377537158167656539e-01,6.374875329367942767e-01,6.372136770425882446e-01,6.369371130741210418e-01,6.366639874039010660e-01,6.364015423225198864e-01,6.361580010174892053e-01,6.359423861625228547e-01,6.357642601684875272e-01,6.356333952461309389e-01,6.355593974024056347e-01,6.355513150922775800e-01,6.356172551252335934e-01,6.357640058188059884e-01,6.359966400439196477e-01,6.363180566053286968e-01,6.367284352093844912e-01,6.372246340827751876e-01,6.377996356897831509e-01,6.384422116129416791e-01,6.391369938094560998e-01,6.398650826208950315e-01,6.406052005411413397e-01,6.413352567560237638e-01,6.420340783770968063e-01,6.426830347242642461e-01,6.432673413896541348e-01,6.437769573322921213e-01,6.442071441332530846e-01,6.445589241044190620e-01,6.448398950267533181e-01,6.450663281636852542e-01,6.452689352162525038e-01,6.455107925160197269e-01,6.459665994152155033e-01,6.476739107153459685e-01,6.462790265242615018e-01,6.448946797818650989e-01,6.434327641000953113e-01,6.418809996032310838e-01,6.402381046217261451e-01,6.385080116605724720e-01,6.367007175696431931e-01,6.348398449314900382e-01,6.330057601852721039e-01,6.296504163147534916e-01,6.260094675823920651e-01,6.226848732228245087e-01,6.194310319640907725e-01,6.161844801922706782e-01,6.129232708908218807e-01,6.096430184851310274e-01,6.063496432946802184e-01,6.030564058769332103e-01
5.559139784946236507e-01,5.935360993969458487e-01,5.967730205059754711e-01,6.000758190375560241e-01,6.034297359543652206e-01,6.068288099793699431e-01,6.102846761742894977e-01,6.138533567066168928e-01,6.178041621985234100e-01,6.211295310833198080e-01,6.232861288195091776e-01,6.254674188427791215e-01,6.275938468176806007e-01,6.296377846944152257e-01,6.315851717990172975e-01,6.334277063129962748e-01,6.351604336110402427e-01,6.367813272895338494e-01,6.382927985806250426e-01,6.397088260317959074e-01,6.411123725845979671e-01,6.395919064602344495e-01,6.390188558709536393e-01,6.386828593777553742e-01,6.383894351150729563e-01,6.380774865108683747e-01,6.377239518614237213e-01,6.373231491920211544e-01,6.368796975546247019e-01,6.364051158160007882e-01,6.359154754653651986e-01,6.354292766202754850e-01,6.349653579249014967e-01,6.345409444506192598e-01,6.341700583577083439e-01,6.338625093001982735e-01,6.336235797505462841e-01,6.334543751554140290e-01,6.333526761474870259e-01,6.333140509308241572e-01,6.333329745063335237e-01,6.334037475419306285e-01,6.335210888562557985e-01,6.336803676811864072e-01,6.338775250496958558e-01,6.341087926675227360e-01,6.343703427280232843e-01,6.346579911257190787e-01,6.349670368040614132e-01,6.352922672101081192e-01,6.356281124384922654e-01,6.359689029704950203e-01,6.363091849187388904e-01,6.366440763366048028e-01,6.369697297197924879e-01,6.372842315496306531e-01,6.375907310775540404e-01,6.379356115234769975e-01,6.382121065153191219e-01,6.383756609031339124e-01,6.385007645073373928e-01,6.385897188993322482e-01,6.386430277153460899e-01,6.386607932706981350e-01,6.386430277153459789e-01,6.385897188993311380e-01,6.385007645073368376e-01,6.383756609031340234e-01,6.382121065153196771e-01,6.379356115234772195e-01,6.375907310775547066e-01,6.372842315496308752e-01,6.369697297197924879e-01,6.366440763366050248e-01,6.363091849187386684e-01,6.359689029704957974e-01,6.356281124384922654e-01,6.352922672101084522e-01,6.349670368040608581e-01,6.346579911257193007e-01,6.343703427280236173e-01,6.341087926675225139e-01,6.338775250496959668e-01,6.336803676811857411e-01,6.335210888562559095e-01,6.334037475419309615e-01,6.333329745063334126e-01,6.333140509308244903e-01,6.333526761474869149e-01,6.334543751554138069e-01,6.336235797505466172e-01,6.338625093001977184e-01,6.341700583577081218e-01,6.345409444506198149e-01,6.349653579249020519e-01,6.354292766202748188e-01,6.359154754653650876e-01,6.364051158160011212e-01,6.368796975546254791e-01,6.373231491920209324e-01,6.377239518614240543e-01,6.380774865108682636e-01,6.383894351150724011e-01,6.386828593777555962e-01,6.390188558709537503e-01,6.395919064602344495e-01,6.411123725845977450e-01,6.397088260317957964e-01,6.382927985806251536e-01,6.367813272895339605e-01,6.351604336110409088e-01,6.334277063129971630e-01,6.315851717990169645e-01,6.296377846944161139e-01,6.275938468176814888e-01,6.254674188427794546e-01,6.232861288195085114e-01,6.211295310833194749e-01,6.178041621985234100e-01,6.138533567066170038e-01,6.102846761742892756e-01,6.068288099793700541e-01,6.034297359543649986e-01,6.000758190375563572e-01,5.967730205059756932e-01,5.935360993969456267e-01
5.602150537634408289e-01,5.786626744233182018e-01,5.816379631206184397e-01,5.847449526003249964e-01,5.879792521132838345e-01,5.913483056418294970e-01,5.948995238031358213e-01,5.989070011910785363e-01,6.020376627769521427e-01,6.044139643501333925e-01,6.068475313735274268e-01,6.092539501599832930e-01,6.115979799419208884e-01,6.138586608090258467e-01,6.160217061158939078e-01,6.180768816100183916e-01,6.200170113656650051e-01,6.218378697123081444e-01,6.235390022792901554e-01,6.251264163288741127e-01,6.266218262509788417e-01,6.281252892345260408e-01,6.268382068274982455e-01,6.262157237773240404e-01,6.258977367685967241e-01,6.256723788631750605e-01,6.254850760912747942e-01,6.253231037203054177e-01,6.251904648078725479e-01,6.250983008812480701e-01,6.250597166075092526e-01,6.250864203371111483e-01,6.251865206424218613e-01,6.253633270192030524e-01,6.256150752212342736e-01,6.259354299947889055e-01,6.263145376736407588e-01,6.267403654635244070e-01,6.272000842766862760e-01,6.276813101598379685e-01,6.281730889784188365e-01,6.286665691257902200e-01,6.291553489980227232e-01,6.296355124473062004e-01,6.301053848682671710e-01,6.305650628189971574e-01,6.310157933427121835e-01,6.314593004127411202e-01,6.318971657170288081e-01,6.323303617169926394e-01,6.327590073732599629e-01,6.331823840412192927e-01,6.335992383931320360e-01,6.340084733881141688e-01,6.344107328496368936e-01,6.348139317106342716e-01,6.353504482378818929e-01,6.356316250502814791e-01,6.358502613506910039e-01,6.360287767668012515e-01,6.361682431758475254e-01,6.362683586613268050e-01,6.363286556847271846e-01,6.363487948113544235e-01,6.363286556847260744e-01,6.362683586613269160e-01,6.361682431758467482e-01,6.360287767668013625e-01,6.358502613506903378e-01,6.356316250502808129e-01,6.353504482378814489e-01,6.348139317106336055e-01,6.344107328496364495e-01,6.340084733881143908e-01,6.335992383931320360e-01,6.331823840412185156e-01,6.327590073732598519e-01,6.323303617169927504e-01,6.318971657170291412e-01,6.314593004127412312e-01,6.310157933427118504e-01,6.305650628189970464e-01,6.301053848682668379e-01,6.296355124473067555e-01,6.291553489980228342e-01,6.286665691257908861e-01,6.281730889784183924e-01,6.276813101598380795e-01,6.272000842766869422e-01,6.267403654635241850e-01,6.263145376736406478e-01,6.259354299947897937e-01,6.256150752212339405e-01,6.253633270192029414e-01,6.251865206424216392e-01,6.250864203371118144e-01,6.250597166075096967e-01,6.250983008812478481e-01,6.251904648078727700e-01,6.253231037203054177e-01,6.254850760912745722e-01,6.256723788631752825e-01,6.258977367685961690e-01,6.262157237773233742e-01,6.268382068274984675e-01,6.281252892345262628e-01,6.266218262509789527e-01,6.251264163288742237e-01,6.235390022792903775e-01,6.218378697123078114e-01,6.200170113656652271e-01,6.180768816100185026e-01,6.160217061158942409e-01,6.138586608090256247e-01,6.115979799419209995e-01,6.092539501599837370e-01,6.068475313735272048e-01,6.044139643501330594e-01,6.020376627769510325e-01,5.989070011910792024e-01,5.948995238031351551e-01,5.913483056418292749e-01,5.879792521132848337e-01,5.847449526003254405e-01,5.816379631206186618e-01,5.786626744233189790e-01
5.645161290322581182e-01,5.711897541991818317e-01,5.738375445603779434e-01,5.766494173659106881e-01,5.796462738492488276e-01,5.828824856111338715e-01,5.866493372759864489e-01,5.894203273800875387e-01,5.917450461651390103e-01,5.941734995739762493e-01,5.966193179027677873e-01,5.990400542137731543e-01,6.014070605623478283e-01,6.036988540529067970e-01,6.058988166508660900e-01,6.079942265091253795e-01,6.099759013942149810e-01,6.118382796571981697e-01,6.135799761869951130e-01,6.152050864566434019e-01,6.167262232130377164e-01,6.181738096811364436e-01,6.196534819160554042e-01,6.186204025555478436e-01,6.180467131423511562e-01,6.178548932358739476e-01,6.178237002002721079e-01,6.178992663471956082e-01,6.180665845941595293e-01,6.183225927804955058e-01,6.186666529618389809e-01,6.190964641040758165e-01,6.196064352432915090e-01,6.201874436102292609e-01,6.208274047709653187e-01,6.215122559016132975e-01,6.222270593999001953e-01,6.229570314668316788e-01,6.236883900491246857e-01,6.244089875715368443e-01,6.251087392249874419e-01,6.257798775004601577e-01,6.264170638160051485e-01,6.270173766750962718e-01,6.275801815667559902e-01,6.281068788086952015e-01,6.286005278413181463e-01,6.290653626576970803e-01,6.295062407575244823e-01,6.299281006127684934e-01,6.303355341803884571e-01,6.307326195315653417e-01,6.311232665749550996e-01,6.315128271429215623e-01,6.319150856926817328e-01,6.324804539015884686e-01,6.327430262423999752e-01,6.329622715386816756e-01,6.331501863831867638e-01,6.333065491725824447e-01,6.334300573995361727e-01,6.335193679823670765e-01,6.335734076500623146e-01,6.335914978977584822e-01,6.335734076500624257e-01,6.335193679823670765e-01,6.334300573995361727e-01,6.333065491725832219e-01,6.331501863831870969e-01,6.329622715386813425e-01,6.327430262424000862e-01,6.324804539015880245e-01,6.319150856926819548e-01,6.315128271429215623e-01,6.311232665749554327e-01,6.307326195315651196e-01,6.303355341803884571e-01,6.299281006127687155e-01,6.295062407575237051e-01,6.290653626576977464e-01,6.286005278413182573e-01,6.281068788086948684e-01,6.275801815667562122e-01,6.270173766750958277e-01,6.264170638160048155e-01,6.257798775004596026e-01,6.251087392249872199e-01,6.244089875715368443e-01,6.236883900491245747e-01,6.229570314668319009e-01,6.222270593999000843e-01,6.215122559016130754e-01,6.208274047709647636e-01,6.201874436102299271e-01,6.196064352432910649e-01,6.190964641040760386e-01,6.186666529618383148e-01,6.183225927804953947e-01,6.180665845941586412e-01,6.178992663471958302e-01,6.178237002002721079e-01,6.178548932358738366e-01,6.180467131423502680e-01,6.186204025555479546e-01,6.196534819160558483e-01,6.181738096811366656e-01,6.167262232130374944e-01,6.152050864566429578e-01,6.135799761869950020e-01,6.118382796571988358e-01,6.099759013942152031e-01,6.079942265091259346e-01,6.058988166508664230e-01,6.036988540529071301e-01,6.014070605623481613e-01,5.990400542137737094e-01,5.966193179027680094e-01,5.941734995739761382e-01,5.917450461651386773e-01,5.894203273800874276e-01,5.866493372759871150e-01,5.828824856111335384e-01,5.796462738492487166e-01,5.766494173659113542e-01,5.738375445603786096e-01,5.711897541991817207e-01
5.688172043010752965e-01,5.646864635644840424e-01,5.670381525143715074e-01,5.695579281227266533e-01,5.723190003897176137e-01,5.756368940729207351e-01,5.778927813685287296e-01,5.799376796555522073e-01,5.821407961761420058e-01,5.844203256623691223e-01,5.867313396597937381e-01,5.890399368870495866e-01,5.913181449710305237e-01,5.935425860977832091e-01,5.956941486825565457e-01,5.977580028790615563e-01,5.997237917795800177e-01,6.015859708822485219e-01,6.033443151224475720e-01,6.050046615275669337e-01,6.065801229068105149e-01,6.080936867174498994e-01,6.095865507386493132e-01,6.111706920181739777e-01,6.105098800812608362e-01,6.101770852556890334e-01,6.102992968060331203e-01,6.106376712228615000e-01,6.111255640040206272e-01,6.117328855472693450e-01,6.124401254152030960e-01,6.132305355465159646e-01,6.140876419559596622e-01,6.149947537198738878e-01,6.159352517593379428e-01,6.168931138539550663e-01,6.178534207438921566e-01,6.188027388610185531e-01,6.197293587950370997e-01,6.206234114664677115e-01,6.214769005190521334e-01,6.222836895461060225e-01,6.230394734211242014e-01,6.237417489573714446e-01,6.243897847092521047e-01,6.249845758938822327e-01,6.255287615901713449e-01,6.260264819260926705e-01,6.264831682087271814e-01,6.269052961571200955e-01,6.273002087634658164e-01,6.276763001391554297e-01,6.280445165185246648e-01,6.284263464968021795e-01,6.289806801458509566e-01,6.292002094713449178e-01,6.293894507354389489e-01,6.295563886485100458e-01,6.297011148436357786e-01,6.298224773187406367e-01,6.299189671089013842e-01,6.299891124878786997e-01,6.300317167436141341e-01,6.300460069839600719e-01,6.300317167436141341e-01,6.299891124878784776e-01,6.299189671089008291e-01,6.298224773187403036e-01,6.297011148436358896e-01,6.295563886485096017e-01,6.293894507354390599e-01,6.292002094713451399e-01,6.289806801458514007e-01,6.284263464968024016e-01,6.280445165185242207e-01,6.276763001391547636e-01,6.273002087634659274e-01,6.269052961571199845e-01,6.264831682087275144e-01,6.260264819260927815e-01,6.255287615901713449e-01,6.249845758938816775e-01,6.243897847092523268e-01,6.237417489573714446e-01,6.230394734211247565e-01,6.222836895461063556e-01,6.214769005190521334e-01,6.206234114664680446e-01,6.197293587950379878e-01,6.188027388610191082e-01,6.178534207438919346e-01,6.168931138539549552e-01,6.159352517593386089e-01,6.149947537198738878e-01,6.140876419559597732e-01,6.132305355465161867e-01,6.124401254152032070e-01,6.117328855472691229e-01,6.111255640040212933e-01,6.106376712228617221e-01,6.102992968060333423e-01,6.101770852556882563e-01,6.105098800812607251e-01,6.111706920181738667e-01,6.095865507386496462e-01,6.080936867174498994e-01,6.065801229068106259e-01,6.050046615275670447e-01,6.033443151224474610e-01,6.015859708822487439e-01,5.997237917795804618e-01,5.977580028790621114e-01,5.956941486825566567e-01,5.935425860977827650e-01,5.913181449710299686e-01,5.890399368870491426e-01,5.867313396597932940e-01,5.844203256623690113e-01,5.821407961761421168e-01,5.799376796555516522e-01,5.778927813685291737e-01,5.756368940729210681e-01,5.723190003897181688e-01,5.695579281227265422e-01,5.670381525143715074e-01,5.646864635644840424e-01
5.731182795698924748e-01,5.575071977387835442e-01,5.596703572671933857e-01,5.619915184034374178e-01,5.647867003731991131e-01,5.664749181726561611e-01,5.680837967556968682e-01,5.698594776777330395e-01,5.717402421549260261e-01,5.736936576058881965e-01,5.756933810627515857e-01,5.777151092745856920e-01,5.797362570550641525e-01,5.817366406848304416e-01,5.836993961573563316e-01,5.856118669482921479e-01,5.874663634736410067e-01,5.892607521736482612e-01,5.909988482113311958e-01,5.926906055156744291e-01,5.943521738249841757e-01,5.960061389807509435e-01,5.976830939772975748e-01,5.994294830547951536e-01,6.013621887977484981e-01,6.012306692994033863e-01,6.013033384396860859e-01,6.018761773736442944e-01,6.026827641763019550e-01,6.036380148365270149e-01,6.046966436394205502e-01,6.058274737188629189e-01,6.070059197750364843e-01,6.082113701439806341e-01,6.094261919517420800e-01,6.106352993987426148e-01,6.118258996074492639e-01,6.129872780762829487e-01,6.141105850889316820e-01,6.151886237420950421e-01,6.162156533967845240e-01,6.171872240575290158e-01,6.181000541743281174e-01,6.189519596080234054e-01,6.197418362060012065e-01,6.204696933047345597e-01,6.211367318454313891e-01,6.217454622342336590e-01,6.222998729615472069e-01,6.228057179275361399e-01,6.232711821439467226e-01,6.237089681316477785e-01,6.241459489368659241e-01,6.247434823406825544e-01,6.249496462560868437e-01,6.251268428509690889e-01,6.252792493364254245e-01,6.254094443269153647e-01,6.255190243559515251e-01,6.256087882838909930e-01,6.256789516876025692e-01,6.257293781502251129e-01,6.257597947569765173e-01,6.257699641885836606e-01,6.257597947569764063e-01,6.257293781502257790e-01,6.256789516876024582e-01,6.256087882838917702e-01,6.255190243559517471e-01,6.254094443269155867e-01,6.252792493364258686e-01,6.251268428509690889e-01,6.249496462560868437e-01,6.247434823406823323e-01,6.241459489368658131e-01,6.237089681316478895e-01,6.232711821439472777e-01,6.228057179275361399e-01,6.222998729615475400e-01,6.217454622342337700e-01,6.211367318454319442e-01,6.204696933047346707e-01,6.197418362060014285e-01,6.189519596080231834e-01,6.181000541743283394e-01,6.171872240575302371e-01,6.162156533967845240e-01,6.151886237420948200e-01,6.141105850889320150e-01,6.129872780762832818e-01,6.118258996074498191e-01,6.106352993987427258e-01,6.094261919517424131e-01,6.082113701439808562e-01,6.070059197750363733e-01,6.058274737188631409e-01,6.046966436394209943e-01,6.036380148365276810e-01,6.026827641763018439e-01,6.018761773736444054e-01,6.013033384396859748e-01,6.012306692994030533e-01,6.013621887977484981e-01,5.994294830547947095e-01,5.976830939772979079e-01,5.960061389807507215e-01,5.943521738249840647e-01,5.926906055156745401e-01,5.909988482113306407e-01,5.892607521736478171e-01,5.874663634736413398e-01,5.856118669482919259e-01,5.836993961573559986e-01,5.817366406848307747e-01,5.797362570550643746e-01,5.777151092745852479e-01,5.756933810627518078e-01,5.736936576058881965e-01,5.717402421549258040e-01,5.698594776777332616e-01,5.680837967556974233e-01,5.664749181726553839e-01,5.647867003731994462e-01,5.619915184034373068e-01,5.596703572671937188e-01,5.575071977387838773e-01
5.774193548387096531e-01,5.532561141058373044e-01,5.554165137355949744e-01,5.579660711179492694e-01,5.593367031066696082e-01,5.606298728185526992e-01,5.620531917557750612e-01,5.635640341334530179e-01,5.651476047268573222e-01,5.667932756588502929e-01,5.684896443797049503e-01,5.702237451844389682e-01,5.719817533965946277e-01,5.737502929474667113e-01,5.755179005424433392e-01,5.772763678535912657e-01,5.790217756005371363e-01,5.807550984506738567e-01,5.824823179371353410e-01,5.842140496228803714e-01,5.859647892350492437e-01,5.877520382422665168e-01,5.895958666960215977e-01,5.915202964701072874e-01,5.935616021006904219e-01,5.958234705546230359e-01,5.960996176167630001e-01,5.965019546984736687e-01,5.973862874297940495e-01,5.984754647557315455e-01,5.996788001474304686e-01,6.009484489702449084e-01,6.022532533091595752e-01,6.035706388569352931e-01,6.048833581179356988e-01,6.061779049131452712e-01,6.074435998810764348e-01,6.086719815702780201e-01,6.098563583216491946e-01,6.109914611087644554e-01,6.120731722055045010e-01,6.130983192766685796e-01,6.140645310977300708e-01,6.149701545576189421e-01,6.158142351841365825e-01,6.165965668355176676e-01,6.173178233171161544e-01,6.179798034038618271e-01,6.185858763633731439e-01,6.191419033785496850e-01,6.196587081674483910e-01,6.201625073023686596e-01,6.208061850964811113e-01,6.210381028306907192e-01,6.212326867453032975e-01,6.213924078252279770e-01,6.215218793932654195e-01,6.216255857541832519e-01,6.217074507534897654e-01,6.217706668144952209e-01,6.218176603067803176e-01,6.218501467689525608e-01,6.218692340381910544e-01,6.218755320097765216e-01,6.218692340381917205e-01,6.218501467689525608e-01,6.218176603067806507e-01,6.217706668144948878e-01,6.217074507534895433e-01,6.216255857541830299e-01,6.215218793932653085e-01,6.213924078252277550e-01,6.212326867453029644e-01,6.210381028306906082e-01,6.208061850964814443e-01,6.201625073023689927e-01,6.196587081674482800e-01,6.191419033785492410e-01,6.185858763633729218e-01,6.179798034038611609e-01,6.173178233171163765e-01,6.165965668355172236e-01,6.158142351841363604e-01,6.149701545576190531e-01,6.140645310977302929e-01,6.130983192766686907e-01,6.120731722055037238e-01,6.109914611087650105e-01,6.098563583216497497e-01,6.086719815702777980e-01,6.074435998810769899e-01,6.061779049131456043e-01,6.048833581179363650e-01,6.035706388569350711e-01,6.022532533091600193e-01,6.009484489702450194e-01,5.996788001474298024e-01,5.984754647557308793e-01,5.973862874297939385e-01,5.965019546984737797e-01,5.960996176167633331e-01,5.958234705546232579e-01,5.935616021006905330e-01,5.915202964701071764e-01,5.895958666960213757e-01,5.877520382422669609e-01,5.859647892350492437e-01,5.842140496228804825e-01,5.824823179371365622e-01,5.807550984506737457e-01,5.790217756005373584e-01,5.772763678535905996e-01,5.755179005424423400e-01,5.737502929474672664e-01,5.719817533965951828e-01,5.702237451844389682e-01,5.684896443797056165e-01,5.667932756588501819e-01,5.651476047268575442e-01,5.635640341334531289e-01,5.620531917557756163e-01,5.606298728185536984e-01,5.593367031066692752e-01,5.579660711179491583e-01,5.554165137355945303e-01,5.532561141058375265e-01
5.817204301075269424e-01,5.520883084385256323e-01,5.545512230110575258e-01,5.558575265777039309e-01,5.570391384491866216e-01,5.582838306484804169e-01,5.595571632788243210e-01,5.608550321798192462e-01,5.621803291461068275e-01,5.635370106235932930e-01,5.649279733791408020e-01,5.663544557182329520e-01,5.678162983334235081e-01,5.693127149169063816e-01,5.708432818347582982e-01,5.724088787320377181e-01,5.740123561071356351e-01,5.756587826631908156e-01,5.773552277848779113e-01,5.791101483501933656e-01,5.809325579508395343e-01,5.828312509024526911e-01,5.848144507959865956e-01,5.868904596415291941e-01,5.890706598097181779e-01,5.913801985180228149e-01,5.939198586103862088e-01,5.944552044529088919e-01,5.950429256953704282e-01,5.960807759799480188e-01,5.972915846429880382e-01,5.985860937715971053e-01,5.999192094543451814e-01,6.012633456457243675e-01,6.025998731407105069e-01,6.039155211838010962e-01,6.052005607251328412e-01,6.064477541862827170e-01,6.076516846153473539e-01,6.088082974202739805e-01,6.099145759370930842e-01,6.109683112811471473e-01,6.119679465373211169e-01,6.129124871103646122e-01,6.138014787915392345e-01,6.146350676794427592e-01,6.154141803184670634e-01,6.161409237244440673e-01,6.168194987101901505e-01,6.174587223663559055e-01,6.180825906512966705e-01,6.188318924535294308e-01,6.191531234169591613e-01,6.194356986229563322e-01,6.196743600211251923e-01,6.198716235662719010e-01,6.200314118778472716e-01,6.201581520357570820e-01,6.202563385930881523e-01,6.203302159137860095e-01,6.203835297584792130e-01,6.204193430011810673e-01,6.204399120676026280e-01,6.204466142434167386e-01,6.204399120676026280e-01,6.204193430011815114e-01,6.203835297584791020e-01,6.203302159137860095e-01,6.202563385930881523e-01,6.201581520357570820e-01,6.200314118778476047e-01,6.198716235662714569e-01,6.196743600211257474e-01,6.194356986229567763e-01,6.191531234169589393e-01,6.188318924535303189e-01,6.180825906512970036e-01,6.174587223663561275e-01,6.168194987101897064e-01,6.161409237244437342e-01,6.154141803184669524e-01,6.146350676794423151e-01,6.138014787915393455e-01,6.129124871103651673e-01,6.119679465373214500e-01,6.109683112811472583e-01,6.099145759370930842e-01,6.088082974202740916e-01,6.076516846153472429e-01,6.064477541862831611e-01,6.052005607251335073e-01,6.039155211838006521e-01,6.025998731407117281e-01,6.012633456457244785e-01,5.999192094543451814e-01,5.985860937715969943e-01,5.972915846429884823e-01,5.960807759799471306e-01,5.950429256953698731e-01,5.944552044529091139e-01,5.939198586103859867e-01,5.913801985180229259e-01,5.890706598097178448e-01,5.868904596415294161e-01,5.848144507959869287e-01,5.828312509024536903e-01,5.809325579508398674e-01,5.791101483501930325e-01,5.773552277848779113e-01,5.756587826631903715e-01,5.740123561071366343e-01,5.724088787320372740e-01,5.708432818347582982e-01,5.693127149169063816e-01,5.678162983334232861e-01,5.663544557182337291e-01,5.649279733791412461e-01,5.635370106235939591e-01,5.621803291461064944e-01,5.608550321798191352e-01,5.595571632788246541e-01,5.582838306484811941e-01,5.570391384491862885e-01,5.558575265777038199e-01,5.545512230110571927e-01,5.520883084385258543e-01
5.860215053763441206e-01,5.492719254255979955e-01,5.506591699718028643e-01,5.518557067707179353e-01,5.530708990811671333e-01,5.542665284853565133e-01,5.554382828796420313e-01,5.565923792833343819e-01,5.577396148538865672e-01,5.588927935350906928e-01,5.600652489333294293e-01,5.612699270917266281e-01,5.625188727862286964e-01,5.638230287067020896e-01,5.651922375298357171e-01,5.666353129816259493e-01,5.681600533417784371e-01,5.697731182178937814e-01,5.714797643747546729e-01,5.732835142358301272e-01,5.751858871029988940e-01,5.771863471854392635e-01,5.792826268427774261e-01,5.814716173011946765e-01,5.837512180392332439e-01,5.861243922837088283e-01,5.886109736645537271e-01,5.913141284875700343e-01,5.919141100393207067e-01,5.925886600541331317e-01,5.936822974498170424e-01,5.949256952092718542e-01,5.962333702796961399e-01,5.975636340212758801e-01,5.988920879990611290e-01,6.002030117784266094e-01,6.014857153473865958e-01,6.027327080394591086e-01,6.039386629697369724e-01,6.050997804160321847e-01,6.062133756018486253e-01,6.072776074329078178e-01,6.082913075401058522e-01,6.092538934188540534e-01,6.101653696196669419e-01,6.110264494140008606e-01,6.118388927554785361e-01,6.126063479647616550e-01,6.133367631240701501e-01,6.140525272168273485e-01,6.148941459040022650e-01,6.153017227861350413e-01,6.156719967335650967e-01,6.159949832406130810e-01,6.162709834839169565e-01,6.165022356667232417e-01,6.166919860158506239e-01,6.168441276406005924e-01,6.169629188443686019e-01,6.170526928506018249e-01,6.171175522342351449e-01,6.171610672929813690e-01,6.171860055602631512e-01,6.171941185198499547e-01,6.171860055602635953e-01,6.171610672929820351e-01,6.171175522342349229e-01,6.170526928506011588e-01,6.169629188443686019e-01,6.168441276406012586e-01,6.166919860158508460e-01,6.165022356667236858e-01,6.162709834839167344e-01,6.159949832406131920e-01,6.156719967335646526e-01,6.153017227861350413e-01,6.148941459040022650e-01,6.140525272168274595e-01,6.133367631240705942e-01,6.126063479647616550e-01,6.118388927554784251e-01,6.110264494140014158e-01,6.101653696196668308e-01,6.092538934188536093e-01,6.082913075401058522e-01,6.072776074329073737e-01,6.062133756018488473e-01,6.050997804160322957e-01,6.039386629697364173e-01,6.027327080394594416e-01,6.014857153473870399e-01,6.002030117784267205e-01,5.988920879990613511e-01,5.975636340212761022e-01,5.962333702796960289e-01,5.949256952092717432e-01,5.936822974498180416e-01,5.925886600541332427e-01,5.919141100393208177e-01,5.913141284875702564e-01,5.886109736645528390e-01,5.861243922837081621e-01,5.837512180392332439e-01,5.814716173011944544e-01,5.792826268427773151e-01,5.771863471854395966e-01,5.751858871029988940e-01,5.732835142358301272e-01,5.714797643747550060e-01,5.697731182178943365e-01,5.681600533417788812e-01,5.666353129816252832e-01,5.651922375298353840e-01,5.638230287067023117e-01,5.625188727862281413e-01,5.612699270917255179e-01,5.600652489333293182e-01,5.588927935350902487e-01,5.577396148538863452e-01,5.565923792833336048e-01,5.554382828796418092e-01,5.542665284853565133e-01,5.530708990811671333e-01,5.518557067707180464e-01,5.506591699718027533e-01,5.492719254255977734e-01
5.903225806451612989e-01,5.524498025306613380e-01,5.536968436957020456e-01,5.549421545924410060e-01,5.561438515617965761e-01,5.572938579881522303e-01,5.583954479874944088e-01,5.594580966749898021e-01,5.604954715575556357e-01,5.615242143673832009e-01,5.625629064687072134e-01,5.636310480922165356e-01,5.647480302379705996e-01,5.659321351208044248e-01,5.671996191160859624e-01,5.685639321296558357e-01,5.700351207002635201e-01,5.716194544583992343e-01,5.733193068880174659e-01,5.751333089762789008e-01,5.770567772644515925e-01,5.790824003545801402e-01,5.812011612788499093e-01,5.834034972955262077e-01,5.856807952163346487e-01,5.880276143348804885e-01,5.904460414952564795e-01,5.929584287538280929e-01,5.956828072816569009e-01,5.962232253118854297e-01,5.968874542322492038e-01,5.979350801567741014e-01,5.991154926213942966e-01,6.003489936763803936e-01,6.015974586181677131e-01,6.028391627489861904e-01,6.040605234804117263e-01,6.052526013639857316e-01,6.064093594070283366e-01,6.075266981142868339e-01,6.086018822464523970e-01,6.096331911160088879e-01,6.106197159203768932e-01,6.115612762174036376e-01,6.124584679983590130e-01,6.133129211342078779e-01,6.141280225186804831e-01,6.149110655533909231e-01,6.156822825016120548e-01,6.165785718604620547e-01,6.170480884689623080e-01,6.174925969866331688e-01,6.178948712456910908e-01,6.182528853823150428e-01,6.185668277346474397e-01,6.188378768135274210e-01,6.190678630726296205e-01,6.192590996525662028e-01,6.194142317180085788e-01,6.195360608021971416e-01,6.196273365635287522e-01,6.196905277775626164e-01,6.197275967843116629e-01,6.197398076076787721e-01,6.197275967843118849e-01,6.196905277775626164e-01,6.196273365635288632e-01,6.195360608021974747e-01,6.194142317180084678e-01,6.192590996525655367e-01,6.190678630726291765e-01,6.188378768135276431e-01,6.185668277346476618e-01,6.182528853823147097e-01,6.178948712456905357e-01,6.174925969866332798e-01,6.170480884689623080e-01,6.165785718604621657e-01,6.156822825016120548e-01,6.149110655533911451e-01,6.141280225186805941e-01,6.133129211342077669e-01,6.124584679983597901e-01,6.115612762174037487e-01,6.106197159203767821e-01,6.096331911160094430e-01,6.086018822464525080e-01,6.075266981142866118e-01,6.064093594070285587e-01,6.052526013639855096e-01,6.040605234804111712e-01,6.028391627489865234e-01,6.015974586181681572e-01,6.003489936763810597e-01,5.991154926213937415e-01,5.979350801567738793e-01,5.968874542322490928e-01,5.962232253118860958e-01,5.956828072816566788e-01,5.929584287538279819e-01,5.904460414952563685e-01,5.880276143348808215e-01,5.856807952163345377e-01,5.834034972955258747e-01,5.812011612788507975e-01,5.790824003545803622e-01,5.770567772644515925e-01,5.751333089762794559e-01,5.733193068880181320e-01,5.716194544583991233e-01,5.700351207002642973e-01,5.685639321296551696e-01,5.671996191160858514e-01,5.659321351208044248e-01,5.647480302379703776e-01,5.636310480922166466e-01,5.625629064687077685e-01,5.615242143673830899e-01,5.604954715575558577e-01,5.594580966749895801e-01,5.583954479874938537e-01,5.572938579881515642e-01,5.561438515617963541e-01,5.549421545924411170e-01,5.536968436957014905e-01,5.524498025306612270e-01
5.946236559139784772e-01,5.493401562451619702e-01,5.506733467497245682e-01,5.519526272018098201e-01,5.531656839880223497e-01,5.543118322886699811e-01,5.553969931012178174e-01,5.564320450998485601e-01,5.574320072205805054e-01,5.584153422000325273e-01,5.594031228846589876e-01,5.604179743065723640e-01,5.614828040663119024e-01,5.626194069701633271e-01,5.638470812038922642e-01,5.651814159173663699e-01,5.666333987127885052e-01,5.682089483296627330e-01,5.699089136501566122e-01,5.717295116910100505e-01,5.736631217119135817e-01,5.756993226646086592e-01,5.778260629413850546e-01,5.800308862786083264e-01,5.823022110141500285e-01,5.846308023144780597e-01,5.870119176630005375e-01,5.894497224237172928e-01,5.919709969067251665e-01,5.947123650368618675e-01,5.950816665692318930e-01,5.957213363301471221e-01,5.967231207054778386e-01,5.978511036029340309e-01,5.990288140953494711e-01,6.002197966679422292e-01,6.014034940529856543e-01,6.025672371995367538e-01,6.037028430582889182e-01,6.048049335132695825e-01,6.058700224315495264e-01,6.068960001680561156e-01,6.078818619108620203e-01,6.088276319180941920e-01,6.097345268989684541e-01,6.106055832943340089e-01,6.114476319550314898e-01,6.122795457055713042e-01,6.132535213336430813e-01,6.137839112687067944e-01,6.142991855335093732e-01,6.147756282857426147e-01,6.152101088711491306e-01,6.156018505099574156e-01,6.159509544165880923e-01,6.162580197894850231e-01,6.165239993621851600e-01,6.167501159456706405e-01,6.169377850819675047e-01,6.170885228070480677e-01,6.172038328904833060e-01,6.172850785828933873e-01,6.173333522857128441e-01,6.173493617895491337e-01,6.173333522857131772e-01,6.172850785828934983e-01,6.172038328904833060e-01,6.170885228070480677e-01,6.169377850819676157e-01,6.167501159456701965e-01,6.165239993621849379e-01,6.162580197894850231e-01,6.159509544165880923e-01,6.156018505099576377e-01,6.152101088711496857e-01,6.147756282857426147e-01,6.142991855335092621e-01,6.137839112687070164e-01,6.132535213336431923e-01,6.122795457055716373e-01,6.114476319550312677e-01,6.106055832943337869e-01,6.097345268989682321e-01,6.088276319180943030e-01,6.078818619108625754e-01,6.068960001680563376e-01,6.058700224315493044e-01,6.048049335132686943e-01,6.037028430582888072e-01,6.025672371995368648e-01,6.014034940529858764e-01,6.002197966679422292e-01,5.990288140953486939e-01,5.978511036029336978e-01,5.967231207054777276e-01,5.957213363301467890e-01,5.950816665692317819e-01,5.947123650368619785e-01,5.919709969067250555e-01,5.894497224237172928e-01,5.870119176630009816e-01,5.846308023144773935e-01,5.823022110141499175e-01,5.800308862786081043e-01,5.778260629413846106e-01,5.756993226646089923e-01,5.736631217119132486e-01,5.717295116910102726e-01,5.699089136501570563e-01,5.682089483296630661e-01,5.666333987127883942e-01,5.651814159173664809e-01,5.638470812038927082e-01,5.626194069701633271e-01,5.614828040663122355e-01,5.604179743065732522e-01,5.594031228846589876e-01,5.584153422000321942e-01,5.574320072205808385e-01,5.564320450998480050e-01,5.553969931012182615e-01,5.543118322886696481e-01,5.531656839880227938e-01,5.519526272018099311e-01,5.506733467497246792e-01,5.493401562451616371e-01
5.989247311827957665e-01,5.464622681026602979e-01,5.478365019070468023e-01,5.491433662815951022e-01,5.503797092994546780e-01,5.515486204081908594e-01,5.526577874970767246e-01,5.537188066706657530e-01,5.547467017468449280e-01,5.557593758403718276e-01,5.567768782774857872e-01,5.578204552233493319e-01,5.589114159555110817e-01,5.600698987776098203e-01,5.613136574068484652e-01,5.626570034143182353e-01,5.641100287244191769e-01,5.656781959557993789e-01,5.673623316520337578e-01,5.691590007662042927e-01,5.710611933616033253e-01,5.730592264949930792e-01,5.751417605525832588e-01,5.772968501780395556e-01,5.795129948495385541e-01,5.817802305176890121e-01,5.840914492077534659e-01,5.864444967206798864e-01,5.888468384689720114e-01,5.913308265491153959e-01,5.940596204814626580e-01,5.941811208137213196e-01,5.947772234307908690e-01,5.957156795996824128e-01,5.967773849203650283e-01,5.978889817809277529e-01,5.990152220764219937e-01,6.001362333278287275e-01,6.012398441527867510e-01,6.023183107531527858e-01,6.033667159948090664e-01,6.043821384416703246e-01,6.053632589728140667e-01,6.063103220521246506e-01,6.072256019186170750e-01,6.081151510587962106e-01,6.089961607445321112e-01,6.100398153526629397e-01,6.106209554775864357e-01,6.111960191230246808e-01,6.117361151198367208e-01,6.122372462971535922e-01,6.126980771461616460e-01,6.131181182847293964e-01,6.134972528342976794e-01,6.138355559140179496e-01,6.141332081597179471e-01,6.143904463454109566e-01,6.146075307069447380e-01,6.147847206627117256e-01,6.149222554249826889e-01,6.150203381541702319e-01,6.150791233288401827e-01,6.150987074502893837e-01,6.150791233288407378e-01,6.150203381541706760e-01,6.149222554249820227e-01,6.147847206627108374e-01,6.146075307069444049e-01,6.143904463454104015e-01,6.141332081597181691e-01,6.138355559140176165e-01,6.134972528342972353e-01,6.131181182847292854e-01,6.126980771461617570e-01,6.122372462971533702e-01,6.117361151198364988e-01,6.111960191230245698e-01,6.106209554775866577e-01,6.100398153526631617e-01,6.089961607445318892e-01,6.081151510587960995e-01,6.072256019186167419e-01,6.063103220521250947e-01,6.053632589728137336e-01,6.043821384416703246e-01,6.033667159948067349e-01,6.023183107531524527e-01,6.012398441527864179e-01,6.001362333278286165e-01,5.990152220764224378e-01,5.978889817809276419e-01,5.967773849203652503e-01,5.957156795996815246e-01,5.947772234307904249e-01,5.941811208137214306e-01,5.940596204814621029e-01,5.913308265491153959e-01,5.888468384689720114e-01,5.864444967206804415e-01,5.840914492077535769e-01,5.817802305176889011e-01,5.795129948495388872e-01,5.772968501780396666e-01,5.751417605525837029e-01,5.730592264949933012e-01,5.710611933616034364e-01,5.691590007662045148e-01,5.673623316520337578e-01,5.656781959557994899e-01,5.641100287244192879e-01,5.626570034143177912e-01,5.613136574068479101e-01,5.600698987776100424e-01,5.589114159555114147e-01,5.578204552233487767e-01,5.567768782774853431e-01,5.557593758403720496e-01,5.547467017468449280e-01,5.537188066706660861e-01,5.526577874970763915e-01,5.515486204081913035e-01,5.503797092994542339e-01,5.491433662815953243e-01,5.478365019070465802e-01,5.464622681026598539e-01
6.032258064516129448e-01,5.520885535430517521e-01,5.534189726777447582e-01,5.546827183453461041e-01,5.558823614103040045e-01,5.570244193227033014e-01,5.581186072085182470e-01,5.591773563966957461e-01,5.602153471409332397e-01,5.612489582511228647e-01,5.622956064586981384e-01,5.633729891969021519e-01,5.644982706748172818e-01,5.656872662654458539e-01,5.669536857713949329e-01,5.683084938435305489e-01,5.697594377273043076e-01,5.713107800903398648e-01,5.729632586335550171e-01,5.747142750818007295e-01,5.765582955934220877e-01,5.784874258840339012e-01,5.804921118928214607e-01,5.825619151426227882e-01,5.846863249986333777e-01,5.868556028344373843e-01,5.890617188331471743e-01,5.912995852772581218e-01,5.935691759734160744e-01,5.958804910446824366e-01,5.982704961137204069e-01,6.009351909362901090e-01,6.008698182497931306e-01,6.014671782497912345e-01,6.023605189195748721e-01,6.033619838546615544e-01,6.044062293318703816e-01,6.054615254933755075e-01,6.065100050352605354e-01,6.075408692632418006e-01,6.085474881541260705e-01,6.095260350085011103e-01,6.104749103853229775e-01,6.113948167494024366e-01,6.122899905718999225e-01,6.131738574065445091e-01,6.141366159267790392e-01,6.148198807969990076e-01,6.154225161670846544e-01,6.159933807197529587e-01,6.165278295244962514e-01,6.170243121846689105e-01,6.174821997660164818e-01,6.179012257626884663e-01,6.182812669880616285e-01,6.186222350841718010e-01,6.189240167095677592e-01,6.191864424612473217e-01,6.194092776682178503e-01,6.195922320868887390e-01,6.197349855987335232e-01,6.198372253213606520e-01,6.198986874172116579e-01,6.199191954635226987e-01,6.198986874172116579e-01,6.198372253213608740e-01,6.197349855987327460e-01,6.195922320868888500e-01,6.194092776682176282e-01,6.191864424612470996e-01,6.189240167095679812e-01,6.186222350841721340e-01,6.182812669880622947e-01,6.179012257626886884e-01,6.174821997660163708e-01,6.170243121846682444e-01,6.165278295244961404e-01,6.159933807197531808e-01,6.154225161670849875e-01,6.148198807969994517e-01,6.141366159267789282e-01,6.131738574065441760e-01,6.122899905718999225e-01,6.113948167494019925e-01,6.104749103853238656e-01,6.095260350085012213e-01,6.085474881541265146e-01,6.075408692632423557e-01,6.065100050352610905e-01,6.054615254933752855e-01,6.044062293318708257e-01,6.033619838546613323e-01,6.023605189195757603e-01,6.014671782497912345e-01,6.008698182497930196e-01,6.009351909362907751e-01,5.982704961137207400e-01,5.958804910446827696e-01,5.935691759734166295e-01,5.912995852772580108e-01,5.890617188331471743e-01,5.868556028344380504e-01,5.846863249986337108e-01,5.825619151426232323e-01,5.804921118928216828e-01,5.784874258840343453e-01,5.765582955934221987e-01,5.747142750818005075e-01,5.729632586335551281e-01,5.713107800903405309e-01,5.697594377273039745e-01,5.683084938435304379e-01,5.669536857713941558e-01,5.656872662654462980e-01,5.644982706748177259e-01,5.633729891969021519e-01,5.622956064586978053e-01,5.612489582511225317e-01,5.602153471409332397e-01,5.591773563966949689e-01,5.581186072085190242e-01,5.570244193227033014e-01,5.558823614103040045e-01,5.546827183453461041e-01,5.534189726777448692e-01,5.520885535430519742e-01
6.075268817204301230e-01,5.497547816991072978e-01,5.511251308258655612e-01,5.524382449175095910e-01,5.536996740803264982e-01,5.549174523438055173e-01,5.561014997648447977e-01,5.572631101844088830e-01,5.584144505639675460e-01,5.595680650116486854e-01,5.607364050068396333e-01,5.619314140255478041e-01,5.631641868377836868e-01,5.644447075806832137e-01,5.657816537719229100e-01,5.671822429080167760e-01,5.686520987150893713e-01,5.701951255446296996e-01,5.718133973442678375e-01,5.735070848971409729e-01,5.752744547667181241e-01,5.771119719801577341e-01,5.790145269854753973e-01,5.809757911035317024e-01,5.829886912596820014e-01,5.850459926627638030e-01,5.871409971320147303e-01,5.892684231023521679e-01,5.914256834080100500e-01,5.936152099901470525e-01,5.958500675912845601e-01,5.981738243892710249e-01,6.008445036679282980e-01,6.004272812163709006e-01,6.009810899385821248e-01,6.018120452038914214e-01,6.027501277813760439e-01,6.037334511362409950e-01,6.047314469892066668e-01,6.057268640037711815e-01,6.067094878017030846e-01,6.076735556449119890e-01,6.086168478880975563e-01,6.095412751025006681e-01,6.104574611507688209e-01,6.114304300123850622e-01,6.121987878452344045e-01,6.128464113044681527e-01,6.134658941247072006e-01,6.140514060783727190e-01,6.146008754134213437e-01,6.151133090923095459e-01,6.155881245059727780e-01,6.160248853618037757e-01,6.164231683700119868e-01,6.167824890426968354e-01,6.171022641334011904e-01,6.173818032638053177e-01,6.176203266517820145e-01,6.178170058823491129e-01,6.179710226909990167e-01,6.180816381255216374e-01,6.181482623167083856e-01,6.181705142925906227e-01,6.181482623167094959e-01,6.180816381255218595e-01,6.179710226909989057e-01,6.178170058823490018e-01,6.176203266517822366e-01,6.173818032638054287e-01,6.171022641334015235e-01,6.167824890426967244e-01,6.164231683700123199e-01,6.160248853618041087e-01,6.155881245059730000e-01,6.151133090923089908e-01,6.146008754134215657e-01,6.140514060783721639e-01,6.134658941247075337e-01,6.128464113044675976e-01,6.121987878452340714e-01,6.114304300123857283e-01,6.104574611507692650e-01,6.095412751025005571e-01,6.086168478880976673e-01,6.076735556449111009e-01,6.067094878017037507e-01,6.057268640037712926e-01,6.047314469892069999e-01,6.037334511362409950e-01,6.027501277813764879e-01,6.018120452038914214e-01,6.009810899385825689e-01,6.004272812163707895e-01,6.008445036679278539e-01,5.981738243892708029e-01,5.958500675912851152e-01,5.936152099901476076e-01,5.914256834080100500e-01,5.892684231023519459e-01,5.871409971320148413e-01,5.850459926627635809e-01,5.829886912596810022e-01,5.809757911035317024e-01,5.790145269854752863e-01,5.771119719801570680e-01,5.752744547667195674e-01,5.735070848971407509e-01,5.718133973442681706e-01,5.701951255446294775e-01,5.686520987150897044e-01,5.671822429080164429e-01,5.657816537719224659e-01,5.644447075806832137e-01,5.631641868377827986e-01,5.619314140255476930e-01,5.607364050068401884e-01,5.595680650116492405e-01,5.584144505639675460e-01,5.572631101844082169e-01,5.561014997648450198e-01,5.549174523438055173e-01,5.536996740803266093e-01,5.524382449175094800e-01,5.511251308258646731e-01,5.497547816991074088e-01
6.118279569892473013e-01,5.509002405625285093e-01,5.522820599809726838e-01,5.536142705807840514e-01,5.549039671228411796e-01,5.561596062603759716e-01,5.573904587222249241e-01,5.586061194342066827e-01,5.598160775512340814e-01,5.610293735669009685e-01,5.622543719302744991e-01,5.634986629247513701e-01,5.647690838005330338e-01,5.660718240372749621e-01,5.674125609091549283e-01,5.687965652138151640e-01,5.702287257220353123e-01,5.717134631278769641e-01,5.732545348168582855e-01,5.748547630160671940e-01,5.765157428827047958e-01,5.782375977901721420e-01,5.800188442639480080e-01,5.818564111302856334e-01,5.837458329613121055e-01,5.856816157243636134e-01,5.876577623874109646e-01,5.896684592257319668e-01,5.917089792970778861e-01,5.937770135514029990e-01,5.958750977808993099e-01,5.980165367923426789e-01,6.002472499540546513e-01,6.029237854041943345e-01,6.023122754735907858e-01,6.029340257170744399e-01,6.037786032384522272e-01,6.047090834476618326e-01,6.056734077820014051e-01,6.066456159599017406e-01,6.076113676017156351e-01,6.085629982706782792e-01,6.094981477266637748e-01,6.104221093693635858e-01,6.113741471370441882e-01,6.121964389867989853e-01,6.128822980350574490e-01,6.135402477752959216e-01,6.141641676748987866e-01,6.147519846879289096e-01,6.153027733634319763e-01,6.158160596834417744e-01,6.162915411695197854e-01,6.167289390612159528e-01,6.171279099290127856e-01,6.174879942941748912e-01,6.178085950746688981e-01,6.180889832695137809e-01,6.183283286206333607e-01,6.185257513604039969e-01,6.186803888327938594e-01,6.187914687019681059e-01,6.188583793190299831e-01,6.188807279801307182e-01,6.188583793190296500e-01,6.187914687019681059e-01,6.186803888327943035e-01,6.185257513604044410e-01,6.183283286206338047e-01,6.180889832695133368e-01,6.178085950746692312e-01,6.174879942941741140e-01,6.171279099290123415e-01,6.167289390612160638e-01,6.162915411695187862e-01,6.158160596834417744e-01,6.153027733634317542e-01,6.147519846879287986e-01,6.141641676748985645e-01,6.135402477752955885e-01,6.128822980350571159e-01,6.121964389867985412e-01,6.113741471370444103e-01,6.104221093693636968e-01,6.094981477266641079e-01,6.085629982706778351e-01,6.076113676017160792e-01,6.066456159599017406e-01,6.056734077820011830e-01,6.047090834476617216e-01,6.037786032384523383e-01,6.029340257170739958e-01,6.023122754735905637e-01,6.029237854041940015e-01,6.002472499540546513e-01,5.980165367923423458e-01,5.958750977808994209e-01,5.937770135514028880e-01,5.917089792970775530e-01,5.896684592257322999e-01,5.876577623874116307e-01,5.856816157243635024e-01,5.837458329613127717e-01,5.818564111302859665e-01,5.800188442639481190e-01,5.782375977901716979e-01,5.765157428827053510e-01,5.748547630160677491e-01,5.732545348168583965e-01,5.717134631278778523e-01,5.702287257220354233e-01,5.687965652138154971e-01,5.674125609091547062e-01,5.660718240372747401e-01,5.647690838005337000e-01,5.634986629247509260e-01,5.622543719302742771e-01,5.610293735669016346e-01,5.598160775512348586e-01,5.586061194342067937e-01,5.573904587222253681e-01,5.561596062603761936e-01,5.549039671228410686e-01,5.536142705807833853e-01,5.522820599809731279e-01,5.509002405625285093e-01
6.161290322580645906e-01,5.485554843614874887e-01,5.500233010775613662e-01,5.514563801377874164e-01,5.528619629324236229e-01,5.542474771221063135e-01,5.556200310254327812e-01,5.569860133450267314e-01,5.583508235356106075e-01,5.597187568295034499e-01,5.610930526804360774e-01,5.624760932092300880e-01,5.638697154705970549e-01,5.652755833504075067e-01,5.666955552949415331e-01,5.681319845115099243e-01,5.695878985989006882e-01,5.710670242367741345e-01,5.725736470529468880e-01,5.741123237244902811e-01,5.756874886669812730e-01,5.773030169282853397e-01,5.789618142948371737e-01,5.806655030861403999e-01,5.824142584718812188e-01,5.842068295031387359e-01,5.860407584055631336e-01,5.879128003411410175e-01,5.898195565349652059e-01,5.917583903399801226e-01,5.937288653543065786e-01,5.957354743087267535e-01,5.977945212231111638e-01,5.999610014065315244e-01,6.020690723710573344e-01,6.016643445959840575e-01,6.022533116630004457e-01,6.030493713659514921e-01,6.039312598608104210e-01,6.048508921768437352e-01,6.057844426823209005e-01,6.067202270007987508e-01,6.076568163488185181e-01,6.086201156051089800e-01,6.095045540944887819e-01,6.102287141416885552e-01,6.109308317527991639e-01,6.116025274645090493e-01,6.122406537370923552e-01,6.128435434699520679e-01,6.134101579231829859e-01,6.139397453719577236e-01,6.144316607117011886e-01,6.148852577969111666e-01,6.152998259289251815e-01,6.156745596168402557e-01,6.160085562515070778e-01,6.163008373998499767e-01,6.165503887787217030e-01,6.167562129195875986e-01,6.169173878329858862e-01,6.170331249803877594e-01,6.171028205832636004e-01,6.171260955305237772e-01,6.171028205832630453e-01,6.170331249803877594e-01,6.169173878329862193e-01,6.167562129195871545e-01,6.165503887787225912e-01,6.163008373998497547e-01,6.160085562515065227e-01,6.156745596168404777e-01,6.152998259289250704e-01,6.148852577969117217e-01,6.144316607117015216e-01,6.139397453719572795e-01,6.134101579231833190e-01,6.128435434699516238e-01,6.122406537370921331e-01,6.116025274645097154e-01,6.109308317527992749e-01,6.102287141416884442e-01,6.095045540944883378e-01,6.086201156051089800e-01,6.076568163488181851e-01,6.067202270007990839e-01,6.057844426823214556e-01,6.048508921768436242e-01,6.039312598608106430e-01,6.030493713659511590e-01,6.022533116630002237e-01,6.016643445959833914e-01,6.020690723710575565e-01,5.999610014065315244e-01,5.977945212231109418e-01,5.957354743087268645e-01,5.937288653543068007e-01,5.917583903399802336e-01,5.898195565349646508e-01,5.879128003411413506e-01,5.860407584055632446e-01,5.842068295031394021e-01,5.824142584718809967e-01,5.806655030861399558e-01,5.789618142948378399e-01,5.773030169282861168e-01,5.756874886669807179e-01,5.741123237244902811e-01,5.725736470529473321e-01,5.710670242367741345e-01,5.695878985989006882e-01,5.681319845115095912e-01,5.666955552949413111e-01,5.652755833504072847e-01,5.638697154705973880e-01,5.624760932092293109e-01,5.610930526804360774e-01,5.597187568295026727e-01,5.583508235356111626e-01,5.569860133450262873e-01,5.556200310254336694e-01,5.542474771221067575e-01,5.528619629324244000e-01,5.514563801377875274e-01,5.500233010775611442e-01,5.485554843614877107e-01
6.204301075268817689e-01,5.366070168957423059e-01,5.382050994007817613e-01,5.397690574706572875e-01,5.413045011891206570e-01,5.428165418022634636e-01,5.443094271865699385e-01,5.457863188062961335e-01,5.472492270794333535e-01,5.486991088025275909e-01,5.501361121832996082e-01,5.515599376323803149e-01,5.529702694382018224e-01,5.543672264262072824e-01,5.557517786042079910e-01,5.571260805973538011e-01,5.584936802878879281e-01,5.598595719166719054e-01,5.612300769629527952e-01,5.626125534920934923e-01,5.640149548048926098e-01,5.654452792990442012e-01,5.669109721768497145e-01,5.684183518875930430e-01,5.699721363756234949e-01,5.715751348606926685e-01,5.732281519553982241e-01,5.749301281853488321e-01,5.766785237843382594e-01,5.784699548224304655e-01,5.803011375865061439e-01,5.821703564545406273e-01,5.840801938819301098e-01,5.860444222071262699e-01,5.881165207900014291e-01,5.895993782755482027e-01,5.896831228745343934e-01,5.903802453462325683e-01,5.912353102543658201e-01,5.921548926099101662e-01,5.931013120525875371e-01,5.940587886193866574e-01,5.950345902011401344e-01,5.959846292058200712e-01,5.967764588744077781e-01,5.975455623787370163e-01,5.982835115783315949e-01,5.989870586326625501e-01,5.996544859339952849e-01,6.002847781959117501e-01,6.008772590621882514e-01,6.014313795652517225e-01,6.019465813184677883e-01,6.024222096784350722e-01,6.028574673815282337e-01,6.032514034648586154e-01,6.036029324939408136e-01,6.039108778524475696e-01,6.041740314952952495e-01,6.043912219312811418e-01,6.045613826073913399e-01,6.046836142005150849e-01,6.047572361694062426e-01,6.047818247686005400e-01,6.047572361694060206e-01,6.046836142005146408e-01,6.045613826073912289e-01,6.043912219312804757e-01,6.041740314952955826e-01,6.039108778524477916e-01,6.036029324939403695e-01,6.032514034648583934e-01,6.028574673815277896e-01,6.024222096784360714e-01,6.019465813184677883e-01,6.014313795652513894e-01,6.008772590621883625e-01,6.002847781959117501e-01,5.996544859339953959e-01,5.989870586326623281e-01,5.982835115783318169e-01,5.975455623787371273e-01,5.967764588744078891e-01,5.959846292058198491e-01,5.950345902011403565e-01,5.940587886193876566e-01,5.931013120525876481e-01,5.921548926099107213e-01,5.912353102543657091e-01,5.903802453462325683e-01,5.896831228745343934e-01,5.895993782755483137e-01,5.881165207900015401e-01,5.860444222071262699e-01,5.840801938819297767e-01,5.821703564545400722e-01,5.803011375865060328e-01,5.784699548224295773e-01,5.766785237843377043e-01,5.749301281853486101e-01,5.732281519553992233e-01,5.715751348606926685e-01,5.699721363756238279e-01,5.684183518875927099e-01,5.669109721768500476e-01,5.654452792990439791e-01,5.640149548048930539e-01,5.626125534920938254e-01,5.612300769629524622e-01,5.598595719166714613e-01,5.584936802878880391e-01,5.571260805973542451e-01,5.557517786042083241e-01,5.543672264262069493e-01,5.529702694382024886e-01,5.515599376323807590e-01,5.501361121832989420e-01,5.486991088025275909e-01,5.472492270794332425e-01,5.457863188062961335e-01,5.443094271865701606e-01,5.428165418022633526e-01,5.413045011891206570e-01,5.397690574706569544e-01,5.382050994007813172e-01,5.366070168957427500e-01
6.247311827956989472e-01,5.331440136358772675e-01,5.348654270067713101e-01,5.365627956585357072e-01,5.382399493927303435e-01,5.398996327508266413e-01,5.415433262713805762e-01,5.431712170549413132e-01,5.447823125186983528e-01,5.463746787880340294e-01,5.479457749124877486e-01,5.494928482095742250e-01,5.510133547611670846e-01,5.525053712629441893e-01,5.539679683236041763e-01,5.554015193815674545e-01,5.568079228355398147e-01,5.581907178996990959e-01,5.595550780639085842e-01,5.609076713054271801e-01,5.622563847117549862e-01,5.636099235514908656e-01,5.649773103994356616e-01,5.663673264873124724e-01,5.677879515973259794e-01,5.692458668415071310e-01,5.707460839767006799e-01,5.722917554300186449e-01,5.738842044907827011e-01,5.755232030865269355e-01,5.772075295330170164e-01,5.789358902534622597e-01,5.807084703764883171e-01,5.825300018607129093e-01,5.844179639085208544e-01,5.864400185858786863e-01,5.874564802463674296e-01,5.876521846804938498e-01,5.883281596404691394e-01,5.891549940809341912e-01,5.900539019928621176e-01,5.910032469011122780e-01,5.919824121491102931e-01,5.927967085339673758e-01,5.936030398719712720e-01,5.943877277957647642e-01,5.951447304810628669e-01,5.958703316175563147e-01,5.965619991410562317e-01,5.972178761546700354e-01,5.978364846046881897e-01,5.984165352842346630e-01,5.989568062144794425e-01,5.994560719987371833e-01,5.999130734361525219e-01,6.003265184710285807e-01,6.006951057188577581e-01,6.010175618755142501e-01,6.012926849916401251e-01,6.015193870454206282e-01,6.016967312584914351e-01,6.018239617537156638e-01,6.019005250123853346e-01,6.019260838346005560e-01,6.019005250123855566e-01,6.018239617537153308e-01,6.016967312584917682e-01,6.015193870454206282e-01,6.012926849916399030e-01,6.010175618755142501e-01,6.006951057188574250e-01,6.003265184710284696e-01,5.999130734361522999e-01,5.994560719987377384e-01,5.989568062144787763e-01,5.984165352842347740e-01,5.978364846046881897e-01,5.972178761546697023e-01,5.965619991410564538e-01,5.958703316175567588e-01,5.951447304810628669e-01,5.943877277957650973e-01,5.936030398719704948e-01,5.927967085339673758e-01,5.919824121491106261e-01,5.910032469011126111e-01,5.900539019928621176e-01,5.891549940809339692e-01,5.883281596404695835e-01,5.876521846804937388e-01,5.874564802463676516e-01,5.864400185858792414e-01,5.844179639085208544e-01,5.825300018607124652e-01,5.807084703764887612e-01,5.789358902534624818e-01,5.772075295330174605e-01,5.755232030865272685e-01,5.738842044907828122e-01,5.722917554300184229e-01,5.707460839767003469e-01,5.692458668415070200e-01,5.677879515973254243e-01,5.663673264873128055e-01,5.649773103994355505e-01,5.636099235514910877e-01,5.622563847117548752e-01,5.609076713054266250e-01,5.595550780639081401e-01,5.581907178996995400e-01,5.568079228355403698e-01,5.554015193815671214e-01,5.539679683236045094e-01,5.525053712629441893e-01,5.510133547611670846e-01,5.494928482095746691e-01,5.479457749124883037e-01,5.463746787880342515e-01,5.447823125186987969e-01,5.431712170549413132e-01,5.415433262713807983e-01,5.398996327508259752e-01,5.382399493927301215e-01,5.365627956585361513e-01,5.348654270067706440e-01,5.331440136358769344e-01
6.290322580645161255e-01,5.298027145233731305e-01,5.316503754201836740e-01,5.334801419579948689e-01,5.352937362853326109e-01,5.370915930615487444e-01,5.388728612989190925e-01,5.406355252268338907e-01,5.423766220345230815e-01,5.440925293764070636e-01,5.457792944500172716e-01,5.474329789217797781e-01,5.490499986403658550e-01,5.506274422863267626e-01,5.521633574236156639e-01,5.536569949441602079e-01,5.551090033882654096e-01,5.565215634720350746e-01,5.578984512789464389e-01,5.592450172703609113e-01,5.605680689898092650e-01,5.618756493829845100e-01,5.631767108023580937e-01,5.644806968485162058e-01,5.657970588434644288e-01,5.671347483924937816e-01,5.685017389904333251e-01,5.699046351635186358e-01,5.713484261094878836e-01,5.728364341941166726e-01,5.743705036301778311e-01,5.759514858419582106e-01,5.775801396454333103e-01,5.792587777985531705e-01,5.809947554290761929e-01,5.828104441644278433e-01,5.847950030867600235e-01,5.853727655713820699e-01,5.856384930646312270e-01,5.863015644067717247e-01,5.871230522693446918e-01,5.880639064469886934e-01,5.888497593127901553e-01,5.896564787254552353e-01,5.904599744788130433e-01,5.912489645067708910e-01,5.920161189133649193e-01,5.927562409772467733e-01,5.934654441907083466e-01,5.941406800801719568e-01,5.947794403173516375e-01,5.953795642863118909e-01,5.959391184804079256e-01,5.964563275515656349e-01,5.969295423588822924e-01,5.973572329721112961e-01,5.977379964076549035e-01,5.980705707902426171e-01,5.983538498514968662e-01,5.985868940399393656e-01,5.987689367233977045e-01,5.988993857291372569e-01,5.989778216144520107e-01,5.990039945512165565e-01,5.989778216144524547e-01,5.988993857291374789e-01,5.987689367233977045e-01,5.985868940399391436e-01,5.983538498514968662e-01,5.980705707902430612e-01,5.977379964076549035e-01,5.973572329721110741e-01,5.969295423588821814e-01,5.964563275515654128e-01,5.959391184804077035e-01,5.953795642863121129e-01,5.947794403173514155e-01,5.941406800801721788e-01,5.934654441907090128e-01,5.927562409772471064e-01,5.920161189133646973e-01,5.912489645067710020e-01,5.904599744788133764e-01,5.896564787254553464e-01,5.888497593127893781e-01,5.880639064469888044e-01,5.871230522693439147e-01,5.863015644067723908e-01,5.856384930646311160e-01,5.853727655713822919e-01,5.847950030867600235e-01,5.828104441644277323e-01,5.809947554290759708e-01,5.792587777985533926e-01,5.775801396454331993e-01,5.759514858419585437e-01,5.743705036301776090e-01,5.728364341941163396e-01,5.713484261094878836e-01,5.699046351635187468e-01,5.685017389904331031e-01,5.671347483924937816e-01,5.657970588434649839e-01,5.644806968485159837e-01,5.631767108023583157e-01,5.618756493829843990e-01,5.605680689898091540e-01,5.592450172703613553e-01,5.578984512789463279e-01,5.565215634720354076e-01,5.551090033882655206e-01,5.536569949441604299e-01,5.521633574236151087e-01,5.506274422863270956e-01,5.490499986403658550e-01,5.474329789217797781e-01,5.457792944500173826e-01,5.440925293764067305e-01,5.423766220345226374e-01,5.406355252268340017e-01,5.388728612989189815e-01,5.370915930615487444e-01,5.352937362853326109e-01,5.334801419579949799e-01,5.316503754201832299e-01,5.298027145233733526e-01
6.333333333333333037e-01,5.155009850630697388e-01,5.176191339507375533e-01,5.196964949310582949e-01,5.217339318142909521e-01,5.237313998555486183e-01,5.256879432390548779e-01,5.276017790432495635e-01,5.294704506236773689e-01,5.312910320080093118e-01,5.330603658781185583e-01,5.347753203960310397e-01,5.364330535032814096e-01,5.380312763696489808e-01,5.395685096011141324e-01,5.410443261896034084e-01,5.424595739100889213e-01,5.438165672011229246e-01,5.451192350878591997e-01,5.463732083121632943e-01,5.475858266681068454e-01,5.487660478822085075e-01,5.499242434109210542e-01,5.510718750028159585e-01,5.522210587130165216e-01,5.533840390491469030e-01,5.545726126765507802e-01,5.557975554229238613e-01,5.570681150683494121e-01,5.583916337346525038e-01,5.597733583896460363e-01,5.612164910431356457e-01,5.627225337502601565e-01,5.642920265469233421e-01,5.659259452896665543e-01,5.676286691471892354e-01,5.694166169172086844e-01,5.713696952808142715e-01,5.715160840127510022e-01,5.720394625168916392e-01,5.729687130510340287e-01,5.738542869198346441e-01,5.747990875400277311e-01,5.757672716137693936e-01,5.767385853371755911e-01,5.776996644942056225e-01,5.786410234932449770e-01,5.795555455962558833e-01,5.804376154114812003e-01,5.812825814355319087e-01,5.820864145220805419e-01,5.828454960816021879e-01,5.835564975054289283e-01,5.842163239720906676e-01,5.848221012340203417e-01,5.853711875153365662e-01,5.858611960859814172e-01,5.862900179061280026e-01,5.866558377631372334e-01,5.869571410917896470e-01,5.871927117372919280e-01,5.873616230223642765e-01,5.874632255568941197e-01,5.874971353904725468e-01,5.874632255568942307e-01,5.873616230223648316e-01,5.871927117372920391e-01,5.869571410917897580e-01,5.866558377631375665e-01,5.862900179061281136e-01,5.858611960859813061e-01,5.853711875153364552e-01,5.848221012340201197e-01,5.842163239720910006e-01,5.835564975054293724e-01,5.828454960816020769e-01,5.820864145220803199e-01,5.812825814355319087e-01,5.804376154114810893e-01,5.795555455962556612e-01,5.786410234932449770e-01,5.776996644942059556e-01,5.767385853371762572e-01,5.757672716137691715e-01,5.747990875400279531e-01,5.738542869198345331e-01,5.729687130510341397e-01,5.720394625168910840e-01,5.715160840127507802e-01,5.713696952808143825e-01,5.694166169172079073e-01,5.676286691471889023e-01,5.659259452896657772e-01,5.642920265469237862e-01,5.627225337502599345e-01,5.612164910431354237e-01,5.597733583896455922e-01,5.583916337346527259e-01,5.570681150683486349e-01,5.557975554229238613e-01,5.545726126765502251e-01,5.533840390491464589e-01,5.522210587130170767e-01,5.510718750028162916e-01,5.499242434109208322e-01,5.487660478822090626e-01,5.475858266681067343e-01,5.463732083121639604e-01,5.451192350878594217e-01,5.438165672011227025e-01,5.424595739100888103e-01,5.410443261896028533e-01,5.395685096011137993e-01,5.380312763696497580e-01,5.364330535032810765e-01,5.347753203960311508e-01,5.330603658781185583e-01,5.312910320080088677e-01,5.294704506236772579e-01,5.276017790432495635e-01,5.256879432390546558e-01,5.237313998555488403e-01,5.217339318142908411e-01,5.196964949310579618e-01,5.176191339507376643e-01,5.155009850630699608e-01
6.376344086021505930e-01,5.084370768915584815e-01,5.106791006216540030e-01,5.128852643507169073e-01,5.150551887193335343e-01,5.171876211138580759e-01,5.192805024793210045e-01,5.213310878970097706e-01,5.233361039970331197e-01,5.252919285260481130e-01,5.271947808337847929e-01,5.290409159013862439e-01,5.308268180690408622e-01,5.325493932711792278e-01,5.342061600146176259e-01,5.357954393912086610e-01,5.373165431058367636e-01,5.387699559515141123e-01,5.401575056326693991e-01,5.414825087421958338e-01,5.427498776563302041e-01,5.439661699675505391e-01,5.451395608609810317e-01,5.462797206397455030e-01,5.473975853107222456e-01,5.485050181140226355e-01,5.496143736101603006e-01,5.507379918694585985e-01,5.518876659666984708e-01,5.530741385721041903e-01,5.543066908789420211e-01,5.555928895722946903e-01,5.569385595731771721e-01,5.583480653438339658e-01,5.598250481679385437e-01,5.613739984985087750e-01,5.630039395846863082e-01,5.647402509753495226e-01,5.667146770439508430e-01,5.664800023878594493e-01,5.669982508470607918e-01,5.677428620881908028e-01,5.686096430949204583e-01,5.695379030106341167e-01,5.704950991327207843e-01,5.714605043697922326e-01,5.724194874189000304e-01,5.733609821651768357e-01,5.742761897067988341e-01,5.751578474277717623e-01,5.759997960164445763e-01,5.767967187234440685e-01,5.775439853770487630e-01,5.782375600449842779e-01,5.788739450561494193e-01,5.794501428529872378e-01,5.799636236746961160e-01,5.804122922916977734e-01,5.807944511031108981e-01,5.811087598640614083e-01,5.813541941655800960e-01,5.815300056872350076e-01,5.816356873965690122e-01,5.816709465135525559e-01,5.816356873965687901e-01,5.815300056872356738e-01,5.813541941655797629e-01,5.811087598640617413e-01,5.807944511031107870e-01,5.804122922916978844e-01,5.799636236746967821e-01,5.794501428529870157e-01,5.788739450561500854e-01,5.782375600449844999e-01,5.775439853770480969e-01,5.767967187234439574e-01,5.759997960164445763e-01,5.751578474277715403e-01,5.742761897067985011e-01,5.733609821651761695e-01,5.724194874189002524e-01,5.714605043697920106e-01,5.704950991327215615e-01,5.695379030106343388e-01,5.686096430949205693e-01,5.677428620881909138e-01,5.669982508470604587e-01,5.664800023878590052e-01,5.667146770439509540e-01,5.647402509753493005e-01,5.630039395846859751e-01,5.613739984985092191e-01,5.598250481679390989e-01,5.583480653438345209e-01,5.569385595731780603e-01,5.555928895722952454e-01,5.543066908789414660e-01,5.530741385721043013e-01,5.518876659666988038e-01,5.507379918694590426e-01,5.496143736101598565e-01,5.485050181140223025e-01,5.473975853107228007e-01,5.462797206397458361e-01,5.451395608609814758e-01,5.439661699675505391e-01,5.427498776563299820e-01,5.414825087421958338e-01,5.401575056326693991e-01,5.387699559515143344e-01,5.373165431058365415e-01,5.357954393912081059e-01,5.342061600146177369e-01,5.325493932711794498e-01,5.308268180690409732e-01,5.290409159013863549e-01,5.271947808337844599e-01,5.252919285260481130e-01,5.233361039970328976e-01,5.213310878970096596e-01,5.192805024793212265e-01,5.171876211138581869e-01,5.150551887193337564e-01,5.128852643507172404e-01,5.106791006216545581e-01,5.084370768915580374e-01
6.419354838709677713e-01,4.449236593595702893e-01,4.473340709785742497e-01,4.497467542404400831e-01,4.521598201077885459e-01,4.545703650084743086e-01,4.569746039110376690e-01,4.593680202149765246e-01,4.617455151253112011e-01,4.641015453173484850e-01,4.664302435015562631e-01,4.687255214382471946e-01,4.709811588005423655e-01,4.731908840450619325e-01,4.753484552443696942e-01,4.774477498001191145e-01,4.794828721671408611e-01,4.814482881479823506e-01,4.833389928209589348e-01,4.851507165075322203e-01,4.868801691037476509e-01,4.885253174152825451e-01,4.900856829074619614e-01,4.915626390015710445e-01,4.929596788110621741e-01,4.942826177846208480e-01,4.955396934187761282e-01,4.967415284510842688e-01,4.979009366025424765e-01,4.990325715198762335e-01,5.001524488326537510e-01,5.012774057558551100e-01,5.024246012422124430e-01,5.036112084463181260e-01,5.048545396149626274e-01,5.061730780907912619e-01,5.075897031923441993e-01,5.091421844565383603e-01,5.109425333552836124e-01,5.132435396612368139e-01,5.112955573501337669e-01,5.113496246208467655e-01,5.117897692459032477e-01,5.124270220609767890e-01,5.131811466945065403e-01,5.140058396683113706e-01,5.148698131252318344e-01,5.157499182330140819e-01,5.166281021939880258e-01,5.174898746344309686e-01,5.183234507265740421e-01,5.191192221805878138e-01,5.198693937021515721e-01,5.205677047995919127e-01,5.212091971956265279e-01,5.217900092634815135e-01,5.223071901369407133e-01,5.227585317608222093e-01,5.231424195044626080e-01,5.234577025079388823e-01,5.237035846119528770e-01,5.238795361312859056e-01,5.239852262056393650e-01,5.240204751542881789e-01,5.239852262056381438e-01,5.238795361312867938e-01,5.237035846119536542e-01,5.234577025079393264e-01,5.231424195044618308e-01,5.227585317608218762e-01,5.223071901369401582e-01,5.217900092634816245e-01,5.212091971956275271e-01,5.205677047995926898e-01,5.198693937021506839e-01,5.191192221805880358e-01,5.183234507265729318e-01,5.174898746344314127e-01,5.166281021939878038e-01,5.157499182330140819e-01,5.148698131252316124e-01,5.140058396683118147e-01,5.131811466945060962e-01,5.124270220609764559e-01,5.117897692459036918e-01,5.113496246208464324e-01,5.112955573501338780e-01,5.132435396612373690e-01,5.109425333552828352e-01,5.091421844565379162e-01,5.075897031923448655e-01,5.061730780907912619e-01,5.048545396149622944e-01,5.036112084463193472e-01,5.024246012422125540e-01,5.012774057558558871e-01,5.001524488326541951e-01,4.990325715198750123e-01,4.979009366025437533e-01,4.967415284510842133e-01,4.955396934187765168e-01,4.942826177846207369e-01,4.929596788110623407e-01,4.915626390015718217e-01,4.900856829074613508e-01,4.885253174152833777e-01,4.868801691037474288e-01,4.851507165075321648e-01,4.833389928209590458e-01,4.814482881479829612e-01,4.794828721671402505e-01,4.774477498001192810e-01,4.753484552443704159e-01,4.731908840450614884e-01,4.709811588005424765e-01,4.687255214382479163e-01,4.664302435015562076e-01,4.641015453173478744e-01,4.617455151253111456e-01,4.593680202149760250e-01,4.569746039110376135e-01,4.545703650084740310e-01,4.521598201077891566e-01,4.497467542404405272e-01,4.473340709785733060e-01,4.449236593595707889e-01
6.462365591397849496e-01,4.371175936697816455e-01,4.395419194720690537e-01,4.419696378545830973e-01,4.443982674105770303e-01,4.468246466005156292e-01,4.492450664854911735e-01,4.516553955358625916e-01,4.540511882105246477e-01,4.564277735496193311e-01,4.587803236067653501e-01,4.611039041665522253e-01,4.633935119817113590e-01,4.656441039161639539e-01,4.678506240902375324e-01,4.700080355465148241e-01,4.721113631758724338e-01,4.741557546699312065e-01,4.761365660193065952e-01,4.780494773946664666e-01,4.798906438975565902e-01,4.816568833803418492e-01,4.833459000610707545e-01,4.849565378698498241e-01,4.864890514799261600e-01,4.879453763271670019e-01,4.893293726741238525e-01,4.906470145897208202e-01,4.919064947460742854e-01,4.931182225663979235e-01,4.942947088303031866e-01,4.954503568300328009e-01,4.966012231367187280e-01,4.977648842668635498e-01,4.989607016369566606e-01,5.002112367370337154e-01,5.015475648663841879e-01,5.030384895109132337e-01,5.047260613405897267e-01,5.062534354576375684e-01,5.067806983365282791e-01,5.056331269141601803e-01,5.055888805976770373e-01,5.058930044126721537e-01,5.063838434518269649e-01,5.069873511251534737e-01,5.076594052398651913e-01,5.083698293507487032e-01,5.090963165724993189e-01,5.098216433307007911e-01,5.105322028646449573e-01,5.112171363599089524e-01,5.118677596930074625e-01,5.124771484158064938e-01,5.130398152955807367e-01,5.135514480995950759e-01,5.140086913479072761e-01,5.144089634530685240e-01,5.147503042502439285e-01,5.150312495171006644e-01,5.152507297847267465e-01,5.154079911073606857e-01,5.155025357575815370e-01,5.155340811556760050e-01,5.155025357575803158e-01,5.154079911073594644e-01,5.152507297847267465e-01,5.150312495171003313e-01,5.147503042502437065e-01,5.144089634530691901e-01,5.140086913479072761e-01,5.135514480995949649e-01,5.130398152955806257e-01,5.124771484158062718e-01,5.118677596930073515e-01,5.112171363599092855e-01,5.105322028646451793e-01,5.098216433307016793e-01,5.090963165724993189e-01,5.083698293507493693e-01,5.076594052398655244e-01,5.069873511251539178e-01,5.063838434518268539e-01,5.058930044126714876e-01,5.055888805976771483e-01,5.056331269141608464e-01,5.067806983365275020e-01,5.062534354576373463e-01,5.047260613405901708e-01,5.030384895109119014e-01,5.015475648663846320e-01,5.002112367370331603e-01,4.989607016369563830e-01,4.977648842668632723e-01,4.966012231367184504e-01,4.954503568300330785e-01,4.942947088303036862e-01,4.931182225663980900e-01,4.919064947460749515e-01,4.906470145897208757e-01,4.893293726741241301e-01,4.879453763271666689e-01,4.864890514799266596e-01,4.849565378698498241e-01,4.833459000610709211e-01,4.816568833803417382e-01,4.798906438975566457e-01,4.780494773946660225e-01,4.761365660193068727e-01,4.741557546699308734e-01,4.721113631758719897e-01,4.700080355465147131e-01,4.678506240902381985e-01,4.656441039161641204e-01,4.633935119817117476e-01,4.611039041665522809e-01,4.587803236067648505e-01,4.564277735496194977e-01,4.540511882105234820e-01,4.516553955358621475e-01,4.492450664854914510e-01,4.468246466005162953e-01,4.443982674105774189e-01,4.419696378545838189e-01,4.395419194720691092e-01,4.371175936697812570e-01
6.505376344086022389e-01,4.021776981491571035e-01,4.044590037198875776e-01,4.067512377483507025e-01,4.090519961041345076e-01,4.113587736114139304e-01,4.136690488913049579e-01,4.159803493876794711e-01,4.182902973337147556e-01,4.205966387271573570e-01,4.228972579686660072e-01,4.251901809332118698e-01,4.274735690838514235e-01,4.297457069435451360e-01,4.320049849145452536e-01,4.342498791430474125e-01,4.364789299126092814e-01,4.386907199399166513e-01,4.408838539579957860e-01,4.430569411151912829e-01,4.452085819992410154e-01,4.473373625159651201e-01,4.494418574074856565e-01,4.515206468767394843e-01,4.535723505843187175e-01,4.555956842089884939e-01,4.575895448840090474e-01,4.595531333696483145e-01,4.614861234135634871e-01,4.633888938851286610e-01,4.652628505376081858e-01,4.671108905741255257e-01,4.689381287845412194e-01,4.707531845690844929e-01,4.725709148430911055e-01,4.744199840600530904e-01,4.763772203937021721e-01,4.785492848125713072e-01,4.799958198267267884e-01,4.815627420305626516e-01,4.833796085970206713e-01,4.826820993698370810e-01,4.808281644986996395e-01,4.799925322682866979e-01,4.795408442987710296e-01,4.793046531988807146e-01,4.792072839844556120e-01,4.792051089698625699e-01,4.792698651539665788e-01,4.793816313304973820e-01,4.795255381584027643e-01,4.796900414246697553e-01,4.798659343582371561e-01,4.800457420012732013e-01,4.802233275116430944e-01,4.803936232364127701e-01,4.805524392854368387e-01,4.806963227500390401e-01,4.808224517014476618e-01,4.809285542745233566e-01,4.810128467388120610e-01,4.810739866317913505e-01,4.811110383928471901e-01,4.811234498322345954e-01,4.811110383928479117e-01,4.810739866317904623e-01,4.810128467388121720e-01,4.809285542745219688e-01,4.808224517014469401e-01,4.806963227500390401e-01,4.805524392854386706e-01,4.803936232364129921e-01,4.802233275116443711e-01,4.800457420012722576e-01,4.798659343582373227e-01,4.796900414246688671e-01,4.795255381584020427e-01,4.793816313304987142e-01,4.792698651539661903e-01,4.792051089698608490e-01,4.792072839844562226e-01,4.793046531988803816e-01,4.795408442987704190e-01,4.799925322682869200e-01,4.808281644987009162e-01,4.826820993698388573e-01,4.833796085970210044e-01,4.815627420305631512e-01,4.799958198267265663e-01,4.785492848125705301e-01,4.763772203937022831e-01,4.744199840600542006e-01,4.725709148430914386e-01,4.707531845690856587e-01,4.689381287845418855e-01,4.671108905741261363e-01,4.652628505376078527e-01,4.633888938851295491e-01,4.614861234135643753e-01,4.595531333696484810e-01,4.575895448840096580e-01,4.555956842089881054e-01,4.535723505843187175e-01,4.515206468767400394e-01,4.494418574074866557e-01,4.473373625159645650e-01,4.452085819992410709e-01,4.430569411151912274e-01,4.408838539579964522e-01,4.386907199399156521e-01,4.364789299126096145e-01,4.342498791430482452e-01,4.320049849145459753e-01,4.297457069435465793e-01,4.274735690838520341e-01,4.251901809332128135e-01,4.228972579686655076e-01,4.205966387271568019e-01,4.182902973337150332e-01,4.159803493876793601e-01,4.136690488913054020e-01,4.113587736114138194e-01,4.090519961041355623e-01,4.067512377483501473e-01,4.044590037198877441e-01,4.021776981491569924e-01
6.548387096774194172e-01,4.048760563014581759e-01,4.071613450352202235e-01,4.094494101465703251e-01,4.117383680075488162e-01,4.140263415773496325e-01,4.163115053849080205e-01,4.185921189478989390e-01,4.208665492982778811e-01,4.231332839884954788e-01,4.253909362107732295e-01,4.276382436596009029e-01,4.298740626249032415e-01,4.320973586000494415e-01,4.343071944769705817e-01,4.365027172134705591e-01,4.386831437170930492e-01,4.408477466100488851e-01,4.429958405327417692e-01,4.451267697220055441e-01,4.472398977792022001e-01,4.493346008448900752e-01,4.514102658516294664e-01,4.534662961824217353e-01,4.555021279966411929e-01,4.575172618340882513e-01,4.595113161294577253e-01,4.614841124904930925e-01,4.634358081552324427e-01,4.653671015789955234e-01,4.672795591344539590e-01,4.691761622066786819e-01,4.710623095696995777e-01,4.729479343044464823e-01,4.748531059600812898e-01,4.768304067445943706e-01,4.791728606529345180e-01,4.805547028590244629e-01,4.820302713774064496e-01,4.835616730803344310e-01,4.852058071300394682e-01,4.872082424654153865e-01,4.855258966333644288e-01,4.839612316876264475e-01,4.831579184475168764e-01,4.826834695187458002e-01,4.824016489697906529e-01,4.822471569203431452e-01,4.821818674889984946e-01,4.821806665833026084e-01,4.822256160393634805e-01,4.823031660704257817e-01,4.824026799585314773e-01,4.825155895440203513e-01,4.826348793918092683e-01,4.827547533933951307e-01,4.828704082650402962e-01,4.829778729593012243e-01,4.830738908918597030e-01,4.831558315600623099e-01,4.832216235503877244e-01,4.832697040623202267e-01,4.832989819383772812e-01,4.833088123381399370e-01,4.832989819383773922e-01,4.832697040623205043e-01,4.832216235503874469e-01,4.831558315600606446e-01,4.830738908918596475e-01,4.829778729593013908e-01,4.828704082650396856e-01,4.827547533933946311e-01,4.826348793918086022e-01,4.825155895440217391e-01,4.824026799585302561e-01,4.823031660704261148e-01,4.822256160393636470e-01,4.821806665833044403e-01,4.821818674889976619e-01,4.822471569203414243e-01,4.824016489697899313e-01,4.826834695187455226e-01,4.831579184475159328e-01,4.839612316876263365e-01,4.855258966333638182e-01,4.872082424654161081e-01,4.852058071300398012e-01,4.835616730803342089e-01,4.820302713774068937e-01,4.805547028590244074e-01,4.791728606529352952e-01,4.768304067445950922e-01,4.748531059600822890e-01,4.729479343044464823e-01,4.710623095697000773e-01,4.691761622066789594e-01,4.672795591344544031e-01,4.653671015789951348e-01,4.634358081552323316e-01,4.614841124904929814e-01,4.595113161294581694e-01,4.575172618340886954e-01,4.555021279966415260e-01,4.534662961824229566e-01,4.514102658516301880e-01,4.493346008448904083e-01,4.472398977792019781e-01,4.451267697220063768e-01,4.429958405327426574e-01,4.408477466100488296e-01,4.386831437170939929e-01,4.365027172134687272e-01,4.343071944769704151e-01,4.320973586000509403e-01,4.298740626249019647e-01,4.276382436596010694e-01,4.253909362107731185e-01,4.231332839884954233e-01,4.208665492982787693e-01,4.185921189478988835e-01,4.163115053849095193e-01,4.140263415773483557e-01,4.117383680075484831e-01,4.094494101465699920e-01,4.071613450352195573e-01,4.048760563014573988e-01
6.591397849462365954e-01,4.086753313707102153e-01,4.109575061342015667e-01,4.132344321679699561e-01,4.155048632954235766e-01,4.177676084354284836e-01,4.200215473412388656e-01,4.222656422627981132e-01,4.244989453493138165e-01,4.267206021633968005e-01,4.289298519000419585e-01,4.311260249572188563e-01,4.333085384741635071e-01,4.354768903849814410e-01,4.376306524568063794e-01,4.397694627113134525e-01,4.418930175786801584e-01,4.440010641152966619e-01,4.460933926417801065e-01,4.481698302413658075e-01,4.502302357209396200e-01,4.522744969093448475e-01,4.543025315985654289e-01,4.563142941016380405e-01,4.583097904395831423e-01,4.602891068162369703e-01,4.622524587497194859e-01,4.642002729341060396e-01,4.661333226648702865e-01,4.680529554276235960e-01,4.699614911636142423e-01,4.718629713352451849e-01,4.737647431448078761e-01,4.756815125593769622e-01,4.776499275841388781e-01,4.798727210392742526e-01,4.814731631472811135e-01,4.829282286118745660e-01,4.844107511472499072e-01,4.859231507101814396e-01,4.874970817496708797e-01,4.892202007392278396e-01,4.915335925956850205e-01,4.888436484692308959e-01,4.875164893150519263e-01,4.867748400587784685e-01,4.863124342679815415e-01,4.860195060439660431e-01,4.858408431684034245e-01,4.857433719485833579e-01,4.857049539581878017e-01,4.857095980405707336e-01,4.857451228294263346e-01,4.858019039653312388e-01,4.858721526581612493e-01,4.859494745726323783e-01,4.860285854820859952e-01,4.861051191356126622e-01,4.861754920946249059e-01,4.862368056597827781e-01,4.862867733986588337e-01,4.863236675127867725e-01,4.863462800199909730e-01,4.863538963575283480e-01,4.863462800199910840e-01,4.863236675127881048e-01,4.862867733986590002e-01,4.862368056597827226e-01,4.861754920946261271e-01,4.861051191356119405e-01,4.860285854820864393e-01,4.859494745726338216e-01,4.858721526581605832e-01,4.858019039653305171e-01,4.857451228294268897e-01,4.857095980405701785e-01,4.857049539581875797e-01,4.857433719485835244e-01,4.858408431684024809e-01,4.860195060439670423e-01,4.863124342679804313e-01,4.867748400587781354e-01,4.875164893150530920e-01,4.888436484692312289e-01,4.915335925956832441e-01,4.892202007392281171e-01,4.874970817496716569e-01,4.859231507101827718e-01,4.844107511472497962e-01,4.829282286118747325e-01,4.814731631472801143e-01,4.798727210392746412e-01,4.776499275841398773e-01,4.756815125593775728e-01,4.737647431448072100e-01,4.718629713352454624e-01,4.699614911636125769e-01,4.680529554276224857e-01,4.661333226648701755e-01,4.642002729341053735e-01,4.622524587497208182e-01,4.602891068162373589e-01,4.583097904395826427e-01,4.563142941016384846e-01,4.543025315985638746e-01,4.522744969093449585e-01,4.502302357209392314e-01,4.481698302413661961e-01,4.460933926417807727e-01,4.440010641152963844e-01,4.418930175786802139e-01,4.397694627113136745e-01,4.376306524568073231e-01,4.354768903849806083e-01,4.333085384741633406e-01,4.311260249572195224e-01,4.289298519000408483e-01,4.267206021633965785e-01,4.244989453493140941e-01,4.222656422627983352e-01,4.200215473412377554e-01,4.177676084354290387e-01,4.155048632954227439e-01,4.132344321679706778e-01,4.109575061342006785e-01,4.086753313707101598e-01
6.634408602150537737e-01,5.266488791002255088e-01,5.290471203571749381e-01,5.314030936712662578e-01,5.337164119963072606e-01,5.359867381317088286e-01,5.382138010958861241e-01,5.403974070175302513e-01,5.425374453395752639e-01,5.446338912664099308e-01,5.466868053976969843e-01,5.486963314401254177e-01,5.506626928055844417e-01,5.525861888113750009e-01,5.544671911079241955e-01,5.563061408799070406e-01,5.581035473020534710e-01,5.598599876840372191e-01,5.615761097116196421e-01,5.632526361868901432e-01,5.648903726943819148e-01,5.664902186840709009e-01,5.680531825888411879e-01,5.695804018269139402e-01,5.710731689624323204e-01,5.725329660760127837e-01,5.739615108709590352e-01,5.753608209470773005e-01,5.767333087329225005e-01,5.780819331927564697e-01,5.794104683980142445e-01,5.807240468079390983e-01,5.820304816257574343e-01,5.833445979549674032e-01,5.847163874079114310e-01,5.859368695756489442e-01,5.870073893516893904e-01,5.881048473088007489e-01,5.892226949614184361e-01,5.903685691906791488e-01,5.915603422383600707e-01,5.928352212776597518e-01,5.942924407351163341e-01,5.960703800116112783e-01,5.938519112111962928e-01,5.931272706553291085e-01,5.927461643857430129e-01,5.925419271500681484e-01,5.924473627010538035e-01,5.924264790447801854e-01,5.924567224118990616e-01,5.925224538033835309e-01,5.926120574103237448e-01,5.927164930485556704e-01,5.928285053937751847e-01,5.929421614176556554e-01,5.930525637057607602e-01,5.931556634864372235e-01,5.932481331231010957e-01,5.933272759473049440e-01,5.933909609333900548e-01,5.934375750252558479e-01,5.934659889425443202e-01,5.934755340515718292e-01,5.934659889425458745e-01,5.934375750252561810e-01,5.933909609333908319e-01,5.933272759473050550e-01,5.932481331231015398e-01,5.931556634864366684e-01,5.930525637057604271e-01,5.929421614176554334e-01,5.928285053937751847e-01,5.927164930485565586e-01,5.926120574103228567e-01,5.925224538033841970e-01,5.924567224118993947e-01,5.924264790447807405e-01,5.924473627010542476e-01,5.925419271500690366e-01,5.927461643857427909e-01,5.931272706553293306e-01,5.938519112111957376e-01,5.960703800116124995e-01,5.942924407351161120e-01,5.928352212776590857e-01,5.915603422383606258e-01,5.903685691906790378e-01,5.892226949614191023e-01,5.881048473087991946e-01,5.870073893516898345e-01,5.859368695756490553e-01,5.847163874079110979e-01,5.833445979549661820e-01,5.820304816257578784e-01,5.807240468079380991e-01,5.794104683980140225e-01,5.780819331927563587e-01,5.767333087329222785e-01,5.753608209470770785e-01,5.739615108709593683e-01,5.725329660760134498e-01,5.710731689624320984e-01,5.695804018269138291e-01,5.680531825888404107e-01,5.664902186840696796e-01,5.648903726943826920e-01,5.632526361868890330e-01,5.615761097116193090e-01,5.598599876840359979e-01,5.581035473020548032e-01,5.563061408799065966e-01,5.544671911079238624e-01,5.525861888113752229e-01,5.506626928055849968e-01,5.486963314401260838e-01,5.466868053976974284e-01,5.446338912664094867e-01,5.425374453395755969e-01,5.403974070175306954e-01,5.382138010958856800e-01,5.359867381317099388e-01,5.337164119963075937e-01,5.314030936712670350e-01,5.290471203571748271e-01,5.266488791002263969e-01
6.677419354838709520e-01,5.320098043252206033e-01,5.344833895326899231e-01,5.369080140430561032e-01,5.392836008714098073e-01,5.416101311585534983e-01,5.438876538637992253e-01,5.461162911764054773e-01,5.482962403809570340e-01,5.504277730083173559e-01,5.525112320846413683e-01,5.545470282209870039e-01,5.565356351978613114e-01,5.584775856106345415e-01,5.603734670629112458e-01,5.622239193311056038e-01,5.640296328778918733e-01,5.657913490667211276e-01,5.675098624269470093e-01,5.691860253437355244e-01,5.708207556075124423e-01,5.724150473710846176e-01,5.739699862608026448e-01,5.754867697331152998e-01,5.769667343810394033e-01,5.784113930254971558e-01,5.798224866104801922e-01,5.812020603968506283e-01,5.825525838358459607e-01,5.838771575818428872e-01,5.851799180259428246e-01,5.864669742173460598e-01,5.877492238761605758e-01,5.890566244405671670e-01,5.903246230757462909e-01,5.913491578463361265e-01,5.923973717195991640e-01,5.934528399672429622e-01,5.945166754676327603e-01,5.955956590926253513e-01,5.967021430423253836e-01,5.978581487141317874e-01,5.991092547037254468e-01,6.005911114015561880e-01,6.009385590449131120e-01,5.995292464268940913e-01,5.989102789871773025e-01,5.985649269383066517e-01,5.983696979368805513e-01,5.982702533358529307e-01,5.982361928568465936e-01,5.982479369044152451e-01,5.982916428390584462e-01,5.983568792894661259e-01,5.984354398959148558e-01,5.985206890304819449e-01,5.986071782090974791e-01,5.986904093481210110e-01,5.987666819011409070e-01,5.988329902268748617e-01,5.988869525818770745e-01,5.989267612292503706e-01,5.989511476704703075e-01,5.989593595953768279e-01,5.989511476704694193e-01,5.989267612292495935e-01,5.988869525818761863e-01,5.988329902268753058e-01,5.987666819011411290e-01,5.986904093481217881e-01,5.986071782090978122e-01,5.985206890304817229e-01,5.984354398959150778e-01,5.983568792894656818e-01,5.982916428390585573e-01,5.982479369044136908e-01,5.982361928568465936e-01,5.982702533358535968e-01,5.983696979368797741e-01,5.985649269383073179e-01,5.989102789871773025e-01,5.995292464268939803e-01,6.009385590449118908e-01,6.005911114015565211e-01,5.991092547037254468e-01,5.978581487141320094e-01,5.967021430423251616e-01,5.955956590926247962e-01,5.945166754676333154e-01,5.934528399672425181e-01,5.923973717195996080e-01,5.913491578463362375e-01,5.903246230757462909e-01,5.890566244405669449e-01,5.877492238761606869e-01,5.864669742173461708e-01,5.851799180259424915e-01,5.838771575818429982e-01,5.825525838358466268e-01,5.812020603968496291e-01,5.798224866104801922e-01,5.784113930254958236e-01,5.769667343810394033e-01,5.754867697331164100e-01,5.739699862608018677e-01,5.724150473710848397e-01,5.708207556075136635e-01,5.691860253437343031e-01,5.675098624269468983e-01,5.657913490667220158e-01,5.640296328778919843e-01,5.622239193311051597e-01,5.603734670629118009e-01,5.584775856106357628e-01,5.565356351978604232e-01,5.545470282209874480e-01,5.525112320846418124e-01,5.504277730083173559e-01,5.482962403809577001e-01,5.461162911764052552e-01,5.438876538637985592e-01,5.416101311585533873e-01,5.392836008714093632e-01,5.369080140430557702e-01,5.344833895326895901e-01,5.320098043252200481e-01
6.720430107526882413e-01,5.034514285269612310e-01,5.060174093095785031e-01,5.085290602384217040e-01,5.109856040353124573e-01,5.133863467608580367e-01,5.157306788014588417e-01,5.180180720327598465e-01,5.202480743780734107e-01,5.224203029275243937e-01,5.245344366577697759e-01,5.265902096489596396e-01,5.285874055616324174e-01,5.305258540235594511e-01,5.324054294895097517e-01,5.342260530749913805e-01,5.359876978251942869e-01,5.376903978582219246e-01,5.393342618124434829e-01,5.409194910278758428e-01,5.424464028995996667e-01,5.439154598623676673e-01,5.453273045162673194e-01,5.466828015257724216e-01,5.479830872138342635e-01,5.492296284446110954e-01,5.504242939471042373e-01,5.515694449346484340e-01,5.526680611744857474e-01,5.537239443802037808e-01,5.547421237840832742e-01,5.557299327066639316e-01,5.567015069667022864e-01,5.576994745393110131e-01,5.584976146086675364e-01,5.592977132885996738e-01,5.600910745834892790e-01,5.608816835463195094e-01,5.616757511563506000e-01,5.624807614143157997e-01,5.633056583036910592e-01,5.641619857903062973e-01,5.650672184480353133e-01,5.660560107235527161e-01,5.672465713727735670e-01,5.669946936828084150e-01,5.665673175773249248e-01,5.664979512298421449e-01,5.665804386004162918e-01,5.667494468583799128e-01,5.669719773644644745e-01,5.672272505070491411e-01,5.675003722232837555e-01,5.677797989089383712e-01,5.680561671330522922e-01,5.683216964597728182e-01,5.685698580452133166e-01,5.687951751469380035e-01,5.689930928258570830e-01,5.691598862595290687e-01,5.692925925962064593e-01,5.693889590587851712e-01,5.694474039547072763e-01,5.694669892096515529e-01,5.694474039547072763e-01,5.693889590587853933e-01,5.692925925962062372e-01,5.691598862595292907e-01,5.689930928258564169e-01,5.687951751469382256e-01,5.685698580452129836e-01,5.683216964597731513e-01,5.680561671330528473e-01,5.677797989089377051e-01,5.675003722232843106e-01,5.672272505070491411e-01,5.669719773644644745e-01,5.667494468583804679e-01,5.665804386004166249e-01,5.664979512298414788e-01,5.665673175773247028e-01,5.669946936828081929e-01,5.672465713727736780e-01,5.660560107235526051e-01,5.650672184480353133e-01,5.641619857903065194e-01,5.633056583036917253e-01,5.624807614143156886e-01,5.616757511563506000e-01,5.608816835463192874e-01,5.600910745834896121e-01,5.592977132886004510e-01,5.584976146086679805e-01,5.576994745393106800e-01,5.567015069667021754e-01,5.557299327066640426e-01,5.547421237840831632e-01,5.537239443802035588e-01,5.526680611744857474e-01,5.515694449346481010e-01,5.504242939471051255e-01,5.492296284446112065e-01,5.479830872138333753e-01,5.466828015257726436e-01,5.453273045162670973e-01,5.439154598623684445e-01,5.424464028995997777e-01,5.409194910278753987e-01,5.393342618124440380e-01,5.376903978582218135e-01,5.359876978251939539e-01,5.342260530749912695e-01,5.324054294895096406e-01,5.305258540235588960e-01,5.285874055616321954e-01,5.265902096489598616e-01,5.245344366577699979e-01,5.224203029275242827e-01,5.202480743780735217e-01,5.180180720327595134e-01,5.157306788014587307e-01,5.133863467608575926e-01,5.109856040353122353e-01,5.085290602384218150e-01,5.060174093095792802e-01,5.034514285269611200e-01
6.763440860215054196e-01,4.980895400104034532e-01,5.006834291037898232e-01,5.032208366841824931e-01,5.057013958234156670e-01,5.081247987720770576e-01,5.104907948499606274e-01,5.127991865408396688e-01,5.150498244118583147e-01,5.172426015330876536e-01,5.193774480202462129e-01,5.214543262417105085e-01,5.234732271493569566e-01,5.254341681228635874e-01,5.273371926633189100e-01,5.291823722353070636e-01,5.309698105371631893e-01,5.326996504773040542e-01,5.343720841526286014e-01,5.359873661683229873e-01,5.375458307184510787e-01,5.390479129853610329e-01,5.404941756558534482e-01,5.418853417778151105e-01,5.432223359706990218e-01,5.445063375566946418e-01,5.457388524701626276e-01,5.469218184408783934e-01,5.480577778477498940e-01,5.491502131861383251e-01,5.502043713755301324e-01,5.512302086193042738e-01,5.522722000285499311e-01,5.531483702285289183e-01,5.539711473908651707e-01,5.547735495692286412e-01,5.555570355072566580e-01,5.563260949666325450e-01,5.570865473307793359e-01,5.578452270598279750e-01,5.586100973049484830e-01,5.593908230599569098e-01,5.602003280156843124e-01,5.610592155413910431e-01,5.620120747861174770e-01,5.632662695355141746e-01,5.623521613001353225e-01,5.619975468097685445e-01,5.619104333191569101e-01,5.619518419876449178e-01,5.620698417892521226e-01,5.622364487015621970e-01,5.624333710240424500e-01,5.626471635063575727e-01,5.628672126596295788e-01,5.630847927371015471e-01,5.632925861651143506e-01,5.634844235797401568e-01,5.636551336665331924e-01,5.638004502707135712e-01,5.639169508445873724e-01,5.640020134251491069e-01,5.640537860160823591e-01,5.640711656443603284e-01,5.640537860160823591e-01,5.640020134251487738e-01,5.639169508445870393e-01,5.638004502707135712e-01,5.636551336665334144e-01,5.634844235797397127e-01,5.632925861651143506e-01,5.630847927371011030e-01,5.628672126596288017e-01,5.626471635063572396e-01,5.624333710240421169e-01,5.622364487015619749e-01,5.620698417892517895e-01,5.619518419876449178e-01,5.619104333191569101e-01,5.619975468097684335e-01,5.623521613001351005e-01,5.632662695355143967e-01,5.620120747861168109e-01,5.610592155413902660e-01,5.602003280156849785e-01,5.593908230599564657e-01,5.586100973049487051e-01,5.578452270598279750e-01,5.570865473307797799e-01,5.563260949666328781e-01,5.555570355072565469e-01,5.547735495692280860e-01,5.539711473908650596e-01,5.531483702285283632e-01,5.522722000285499311e-01,5.512302086193038297e-01,5.502043713755306875e-01,5.491502131861385472e-01,5.480577778477495610e-01,5.469218184408780603e-01,5.457388524701628496e-01,5.445063375566948638e-01,5.432223359706979116e-01,5.418853417778148884e-01,5.404941756558538923e-01,5.390479129853601448e-01,5.375458307184506346e-01,5.359873661683236534e-01,5.343720841526283793e-01,5.326996504773042762e-01,5.309698105371634114e-01,5.291823722353070636e-01,5.273371926633189100e-01,5.254341681228633654e-01,5.234732271493570677e-01,5.214543262417106195e-01,5.193774480202465460e-01,5.172426015330880977e-01,5.150498244118576485e-01,5.127991865408396688e-01,5.104907948499607384e-01,5.081247987720771686e-01,5.057013958234157780e-01,5.032208366841824931e-01,5.006834291037889351e-01,4.980895400104036197e-01
6.806451612903225978e-01,3.938256990058663365e-01,3.964257932283423713e-01,3.990155459799986093e-01,4.015930415325791314e-01,4.041561337250026975e-01,4.067024685935652362e-01,4.092295271335935625e-01,4.117346708223591500e-01,4.142151831219840208e-01,4.166683045875015923e-01,4.190912612725256614e-01,4.214812871216124801e-01,4.238356414763366775e-01,4.261516229502508302e-01,4.284265808874910819e-01,4.306579255013379126e-01,4.328431376591361235e-01,4.349797791971414807e-01,4.370655046788006759e-01,4.390980757420172020e-01,4.410753797529802789e-01,4.429954556288454026e-01,4.448565318352453168e-01,4.466570855692355568e-01,4.483959399502805976e-01,4.500724326116145591e-01,4.516867287597449709e-01,4.532404633003773720e-01,4.547382862378064883e-01,4.561927915666633693e-01,4.576548415005073922e-01,4.591689256118479112e-01,4.603233814011593594e-01,4.613838840866055779e-01,4.623597366225530858e-01,4.632570413653142039e-01,4.640827192821753711e-01,4.648453346019250088e-01,4.655552927845986178e-01,4.662247996846985432e-01,4.668677532769252569e-01,4.674997933673133987e-01,4.681390229067403097e-01,4.688090778721192842e-01,4.695535216633954234e-01,4.698313586020597676e-01,4.682742386772647536e-01,4.678706414074447206e-01,4.677829949522248620e-01,4.678660019237386170e-01,4.680551207858355545e-01,4.683119746809349948e-01,4.686098565171746277e-01,4.689283932200670746e-01,4.692512061928476030e-01,4.695647650543061657e-01,4.698577784556325909e-01,4.701208471460340821e-01,4.703462531004655167e-01,4.705278234050344621e-01,4.706608382770770538e-01,4.707419678793834938e-01,4.707692304008484485e-01,4.707419678793826612e-01,4.706608382770770538e-01,4.705278234050346842e-01,4.703462531004659608e-01,4.701208471460344152e-01,4.698577784556309811e-01,4.695647650543055551e-01,4.692512061928466038e-01,4.689283932200672966e-01,4.686098565171746833e-01,4.683119746809355499e-01,4.680551207858369978e-01,4.678660019237398937e-01,4.677829949522257502e-01,4.678706414074438324e-01,4.682742386772661969e-01,4.698313586020599342e-01,4.695535216633947018e-01,4.688090778721192287e-01,4.681390229067408648e-01,4.674997933673137318e-01,4.668677532769245353e-01,4.662247996846978215e-01,4.655552927845981737e-01,4.648453346019236765e-01,4.640827192821772584e-01,4.632570413653148700e-01,4.623597366225529193e-01,4.613838840866049118e-01,4.603233814011613578e-01,4.591689256118473006e-01,4.576548415005078918e-01,4.561927915666633138e-01,4.547382862378053781e-01,4.532404633003768724e-01,4.516867287597451375e-01,4.500724326116146701e-01,4.483959399502812637e-01,4.466570855692347797e-01,4.448565318352460385e-01,4.429954556288463463e-01,4.410753797529812226e-01,4.390980757420168690e-01,4.370655046787996767e-01,4.349797791971415917e-01,4.328431376591371782e-01,4.306579255013375240e-01,4.284265808874907489e-01,4.261516229502512187e-01,4.238356414763361779e-01,4.214812871216133683e-01,4.190912612725261610e-01,4.166683045875008706e-01,4.142151831219835212e-01,4.117346708223589280e-01,4.092295271335929518e-01,4.067024685935650696e-01,4.041561337250022534e-01,4.015930415325802416e-01,3.990155459799987758e-01,3.964257932283425934e-01,3.938256990058676132e-01
6.849462365591398871e-01,3.724135142753855487e-01,3.748620325318840485e-01,3.773076488826758723e-01,3.797486608086182991e-01,3.821832696044836220e-01,3.846095261401398790e-01,3.870253437516934514e-01,3.894285336083452287e-01,3.918168454797268385e-01,3.941880065939388222e-01,3.965397554713503414e-01,3.988698696371114627e-01,4.011761871039117855e-01,4.034566219488111560e-01,4.057091744254920918e-01,4.079319360095780556e-01,4.101230896904823897e-01,4.122809058154616180e-01,4.144037339965255251e-01,4.164899921950750983e-01,4.185381553877642880e-01,4.205467486772855867e-01,4.225143542727243240e-01,4.244396504264016934e-01,4.263215180571128804e-01,4.281592909697983784e-01,4.299533320805521419e-01,4.317064632955902592e-01,4.334282787327229935e-01,4.351557545347434774e-01,4.370636602585994956e-01,4.384681192664405258e-01,4.397619257496239720e-01,4.409511018207489808e-01,4.420354380692038121e-01,4.430154084249789959e-01,4.438934924577739305e-01,4.446747191947095224e-01,4.453669059153618770e-01,4.459807015626934823e-01,4.465295099875257190e-01,4.470294230720144868e-01,4.474994574423605820e-01,4.479629020355346825e-01,4.484528121173666504e-01,4.490420451685751546e-01,4.479931302187974973e-01,4.466486683882925357e-01,4.460280160328899401e-01,4.456995104258059670e-01,4.455443009968416135e-01,4.455045984695560901e-01,4.455445936082113034e-01,4.456387920026998462e-01,4.457674822642784251e-01,4.459147012648362329e-01,4.460672354548363416e-01,4.462141001348747804e-01,4.463462548163439347e-01,4.464564408626720549e-01,4.465390851544421835e-01,4.465902413499236445e-01,4.466075544068037195e-01,4.465902413499236445e-01,4.465390851544435158e-01,4.464564408626722214e-01,4.463462548163446564e-01,4.462141001348742253e-01,4.460672354548364527e-01,4.459147012648359554e-01,4.457674822642824219e-01,4.456387920026990690e-01,4.455445936082134128e-01,4.455045984695558126e-01,4.455443009968416135e-01,4.456995104258061891e-01,4.460280160328913279e-01,4.466486683882926467e-01,4.479931302187975528e-01,4.490420451685751546e-01,4.484528121173659843e-01,4.479629020355340718e-01,4.474994574423598603e-01,4.470294230720146533e-01,4.465295099875262186e-01,4.459807015626928717e-01,4.453669059153625431e-01,4.446747191947109101e-01,4.438934924577729313e-01,4.430154084249796065e-01,4.420354380692029794e-01,4.409511018207508126e-01,4.397619257496256928e-01,4.384681192664376947e-01,4.370636602585992181e-01,4.351557545347434219e-01,4.334282787327236597e-01,4.317064632955914250e-01,4.299533320805521419e-01,4.281592909697986560e-01,4.263215180571116036e-01,4.244396504264022485e-01,4.225143542727238799e-01,4.205467486772865859e-01,4.185381553877641214e-01,4.164899921950751538e-01,4.144037339965258582e-01,4.122809058154616735e-01,4.101230896904831114e-01,4.079319360095777780e-01,4.057091744254923138e-01,4.034566219488118222e-01,4.011761871039116190e-01,3.988698696371110186e-01,3.965397554713505079e-01,3.941880065939394884e-01,3.918168454797278932e-01,3.894285336083455062e-01,3.870253437516933404e-01,3.846095261401401566e-01,3.821832696044848987e-01,3.797486608086186322e-01,3.773076488826759833e-01,3.748620325318850477e-01,3.724135142753851602e-01
6.892473118279570654e-01,3.511665083940672116e-01,3.534538058808943672e-01,3.557439114913991118e-01,3.580351469776356099e-01,3.603260679772156694e-01,3.626152162051152206e-01,3.649010568683559996e-01,3.671819806392074836e-01,3.694563303145481092e-01,3.717224356026234133e-01,3.739786480966812987e-01,3.762233723352910175e-01,3.784550907781887297e-01,3.806723815374712383e-01,3.828739282233719066e-01,3.850585215347043788e-01,3.872250524356182222e-01,3.893724971011742753e-01,3.914998945107096007e-01,3.936063189321832301e-01,3.956908520683660169e-01,3.977525642275175910e-01,3.997905224142416225e-01,4.018038601585539049e-01,4.037919811614583132e-01,4.057550633178608757e-01,4.076953175076603597e-01,4.096205896998015850e-01,4.115588382367283971e-01,4.138208686130266933e-01,4.154409274132004892e-01,4.169499774316156593e-01,4.183549735122574220e-01,4.196509499872077553e-01,4.208331741189145214e-01,4.218984747266011914e-01,4.228458670167500877e-01,4.236769630656380681e-01,4.243962482958050231e-01,4.250112452008769082e-01,4.255325891357547574e-01,4.259740786088621611e-01,4.263528581306805787e-01,4.266901531365405176e-01,4.270138772175221531e-01,4.273688955203436834e-01,4.278891826365260886e-01,4.257493447716547696e-01,4.243868425923796872e-01,4.235772195059323564e-01,4.230384254767523000e-01,4.226729521819961866e-01,4.224299398578360565e-01,4.222768230129341216e-01,4.221900236540567786e-01,4.221511667265953061e-01,4.221453494938957052e-01,4.221602960573989094e-01,4.221859294876846858e-01,4.222141518852744468e-01,4.222387310048520415e-01,4.222552422252782156e-01,4.222610395391905858e-01,4.222552422252777160e-01,4.222387310048519860e-01,4.222141518852728925e-01,4.221859294876857960e-01,4.221602960573966334e-01,4.221453494938965934e-01,4.221511667265953616e-01,4.221900236540531148e-01,4.222768230129337330e-01,4.224299398578367781e-01,4.226729521819956314e-01,4.230384254767521335e-01,4.235772195059318568e-01,4.243868425923787990e-01,4.257493447716558244e-01,4.278891826365262552e-01,4.273688955203437390e-01,4.270138772175218200e-01,4.266901531365410172e-01,4.263528581306790799e-01,4.259740786088611064e-01,4.255325891357554235e-01,4.250112452008766861e-01,4.243962482958060223e-01,4.236769630656397889e-01,4.228458670167496436e-01,4.218984747266010804e-01,4.208331741189149100e-01,4.196509499872069782e-01,4.183549735122578106e-01,4.169499774316157703e-01,4.154409274132003782e-01,4.138208686130257496e-01,4.115588382367281195e-01,4.096205896998015850e-01,4.076953175076588609e-01,4.057550633178628186e-01,4.037919811614585908e-01,4.018038601585532388e-01,3.997905224142414005e-01,3.977525642275183682e-01,3.956908520683657948e-01,3.936063189321830080e-01,3.914998945107101003e-01,3.893724971011736091e-01,3.872250524356181667e-01,3.850585215347048784e-01,3.828739282233704078e-01,3.806723815374706832e-01,3.784550907781887852e-01,3.762233723352921833e-01,3.739786480966806881e-01,3.717224356026243570e-01,3.694563303145479982e-01,3.671819806392077057e-01,3.649010568683556111e-01,3.626152162051156091e-01,3.603260679772152808e-01,3.580351469776356099e-01,3.557439114913983902e-01,3.534538058808941452e-01,3.511665083940676002e-01
6.935483870967742437e-01,1.770999520175373099e-01,1.780623660212431181e-01,1.790378479422653213e-01,1.800206019688748993e-01,1.810077325973055984e-01,1.819974100134503503e-01,1.829883651051805449e-01,1.839797464193106691e-01,1.849710872134063544e-01,1.859622950667450259e-01,1.869536311865335199e-01,1.879456706473701944e-01,1.889392470052201622e-01,1.899353905268872378e-01,1.909352709842132845e-01,1.919401550814448798e-01,1.929513863173885069e-01,1.939703924290147596e-01,1.949987233914031448e-01,1.960381221809616714e-01,1.970906324517105734e-01,1.981587543271411123e-01,1.992456769446891707e-01,2.003556576160778480e-01,2.014947219278080126e-01,2.026721643293449837e-01,2.039044402270995815e-01,2.052288547411612318e-01,2.068080445138439361e-01,2.080060210745509897e-01,2.088242510049955758e-01,2.096926127823013630e-01,2.105935534125243369e-01,2.115221673435092042e-01,2.124761911789569691e-01,2.134538735379729879e-01,2.144532841012146973e-01,2.154720539432772308e-01,2.165072958422393778e-01,2.175556390649899530e-01,2.186133867112539930e-01,2.196768616772043214e-01,2.207430986869682032e-01,2.218112548227542391e-01,2.228857587401705809e-01,2.239847508939421528e-01,2.251723487836246596e-01,2.269757467032740839e-01,2.241769272417362679e-01,2.229718990445865856e-01,2.221228133985544140e-01,2.214524554724500993e-01,2.208969234527502212e-01,2.204260476850529171e-01,2.200235933284086232e-01,2.196800928254168950e-01,2.193896855678101609e-01,2.191485550523208647e-01,2.189541061704501079e-01,2.188045217348699445e-01,2.186985253594377898e-01,2.186352592251768479e-01,2.186142251156000249e-01,2.186352592251769866e-01,2.186985253594380951e-01,2.188045217348686955e-01,2.189541061704497471e-01,2.191485550523205039e-01,2.193896855678112434e-01,2.196800928254177554e-01,2.200235933284065692e-01,2.204260476850543604e-01,2.208969234527506098e-01,2.214524554724498495e-01,2.221228133985522213e-01,2.229718990445847260e-01,2.241769272417364622e-01,2.269757467032727516e-01,2.251723487836274351e-01,2.239847508939422360e-01,2.228857587401709694e-01,2.218112548227531011e-01,2.207430986869682865e-01,2.196768616772043770e-01,2.186133867112552143e-01,2.175556390649888983e-01,2.165072958422411542e-01,2.154720539432778137e-01,2.144532841012146973e-01,2.134538735379730434e-01,2.124761911789569968e-01,2.115221673435082606e-01,2.105935534125245312e-01,2.096926127823007802e-01,2.088242510049968526e-01,2.080060210745493521e-01,2.068080445138458234e-01,2.052288547411619535e-01,2.039044402270984158e-01,2.026721643293458441e-01,2.014947219278072632e-01,2.003556576160802072e-01,1.992456769446893650e-01,1.981587543271430552e-01,1.970906324517107955e-01,1.960381221809610885e-01,1.949987233914043938e-01,1.939703924290155923e-01,1.929513863173885624e-01,1.919401550814431590e-01,1.909352709842135620e-01,1.899353905268882092e-01,1.889392470052187190e-01,1.879456706473683902e-01,1.869536311865332978e-01,1.859622950667448593e-01,1.849710872134082973e-01,1.839797464193114740e-01,1.829883651051793514e-01,1.819974100134503503e-01,1.810077325973066253e-01,1.800206019688747050e-01,1.790378479422642666e-01,1.780623660212440063e-01,1.770999520175380870e-01
6.978494623655914220e-01,1.746318290666656892e-01,1.758448676415850231e-01,1.770697728099925039e-01,1.782933650341123333e-01,1.795099783171090480e-01,1.807160009971713610e-01,1.819086204793122219e-01,1.830854540750664339e-01,1.842444593037634304e-01,1.853839468442922689e-01,1.865026277381093556e-01,1.875996645258689866e-01,1.886747138825377867e-01,1.897279582610298387e-01,1.907601294100220446e-01,1.917725286798902529e-01,1.927670488241600699e-01,1.937462007863910707e-01,1.947131481929279262e-01,1.956717536552788350e-01,1.966266467987267674e-01,1.975833381808191902e-01,1.985484352544157061e-01,1.995300926155032795e-01,2.005390367332804680e-01,2.015912029987814713e-01,2.027162109547868685e-01,2.040027802745943419e-01,2.053232232259315226e-01,2.059607654747596661e-01,2.066821490789228499e-01,2.074544261804787126e-01,2.082705797873173892e-01,2.091282785018694912e-01,2.100264314557937495e-01,2.109641994091540906e-01,2.119406453717842254e-01,2.129546044977613239e-01,2.140046456210713544e-01,2.150890864779804179e-01,2.162060659941845708e-01,2.173537118567938353e-01,2.185304945609494176e-01,2.197359725508338524e-01,2.209724326933147631e-01,2.222489027335181333e-01,2.235932032578925865e-01,2.251080940031440214e-01,2.255295619135125607e-01,2.239719278075801012e-01,2.232081792503051720e-01,2.226959099219071592e-01,2.223152045152905487e-01,2.220168890785839122e-01,2.217760569415151151e-01,2.215786991634325909e-01,2.214164783865420760e-01,2.212842829618069940e-01,2.211789384517830470e-01,2.210984733439757544e-01,2.210416803298277943e-01,2.210078496799374181e-01,2.209966110372220127e-01,2.210078496799418868e-01,2.210416803298236033e-01,2.210984733439784744e-01,2.211789384517805768e-01,2.212842829618071328e-01,2.214164783865451847e-01,2.215786991634313696e-01,2.217760569415163641e-01,2.220168890785824689e-01,2.223152045152914369e-01,2.226959099219067706e-01,2.232081792503055329e-01,2.239719278075834874e-01,2.255295619135144203e-01,2.251080940031417177e-01,2.235932032578915873e-01,2.222489027335174117e-01,2.209724326933125982e-01,2.197359725508306327e-01,2.185304945609504723e-01,2.173537118567925586e-01,2.162060659941826002e-01,2.150890864779779199e-01,2.140046456210712156e-01,2.129546044977584651e-01,2.119406453717847527e-01,2.109641994091534245e-01,2.100264314557945544e-01,2.091282785018696300e-01,2.082705797873190823e-01,2.074544261804780743e-01,2.066821490789244042e-01,2.059607654747610261e-01,2.053232232259341317e-01,2.040027802745937313e-01,2.027162109547881730e-01,2.015912029987798615e-01,2.005390367332779422e-01,1.995300926155021692e-01,1.985484352544166220e-01,1.975833381808172196e-01,1.966266467987271560e-01,1.956717536552803061e-01,1.947131481929294805e-01,1.937462007863928193e-01,1.927670488241615965e-01,1.917725286798903084e-01,1.907601294100214895e-01,1.897279582610300330e-01,1.886747138825382308e-01,1.875996645258708462e-01,1.865026277381099939e-01,1.853839468442914362e-01,1.842444593037636524e-01,1.830854540750649351e-01,1.819086204793128048e-01,1.807160009971729431e-01,1.795099783171107133e-01,1.782933650341119447e-01,1.770697728099930590e-01,1.758448676415864664e-01,1.746318290666669659e-01
7.021505376344086002e-01,1.455332766582810577e-01,1.503712688824196397e-01,1.555820858101085447e-01,1.611188444709662493e-01,1.669440175908902813e-01,1.730142992733527396e-01,1.792796682834722488e-01,1.856845446483932072e-01,1.921697885592973387e-01,1.986750851743447066e-01,2.051413867810096547e-01,2.115131427937382846e-01,2.177401247526865036e-01,2.237787494188893667e-01,2.295928981609824115e-01,2.351543042692557928e-01,2.404426203601231216e-01,2.454452870706057277e-01,2.501573134126426901e-01,2.545810655786358012e-01,2.587261644698397589e-01,2.626096393598983392e-01,2.662566309893059646e-01,2.697023456043621259e-01,2.729972460656830968e-01,2.762226529208453574e-01,2.795572204655784043e-01,2.833574290427387510e-01,2.839249632875581186e-01,2.850593536778013304e-01,2.862916359463945071e-01,2.875581089027229309e-01,2.888477314136841945e-01,2.901661886822038960e-01,2.915261065975609522e-01,2.929433921981532407e-01,2.944356452271740254e-01,2.960214523871805836e-01,2.977201400123024033e-01,2.995518250306757890e-01,3.015377247821204865e-01,3.037007729659959576e-01,3.060666997893618513e-01,3.086659463252606761e-01,3.115372870804588024e-01,3.147354546334973913e-01,3.183499791549617708e-01,3.225659980555963813e-01,3.280245292158799897e-01,3.287872764878484455e-01,3.279698997851288045e-01,3.282710647165094642e-01,3.290335464566721546e-01,3.300352536147069249e-01,3.311550813147582373e-01,3.323100156486940571e-01,3.334356430297451546e-01,3.344788536771134413e-01,3.353950383254150069e-01,3.361472105907065688e-01,3.367059973408445539e-01,3.370499806146868282e-01,3.371661046938172479e-01,3.370499806146861621e-01,3.367059973408523810e-01,3.361472105907069574e-01,3.353950383254113987e-01,3.344788536771199361e-01,3.334356430297489293e-01,3.323100156486915591e-01,3.311550813147570160e-01,3.300352536147070359e-01,3.290335464566723767e-01,3.282710647165132389e-01,3.279698997851406839e-01,3.287872764878463916e-01,3.280245292158829873e-01,3.225659980556018214e-01,3.183499791549625479e-01,3.147354546334928393e-01,3.115372870804583583e-01,3.086659463252584001e-01,3.060666997893624064e-01,3.037007729659922939e-01,3.015377247821280360e-01,2.995518250306760111e-01,2.977201400123019037e-01,2.960214523871802506e-01,2.944356452271764124e-01,2.929433921981515754e-01,2.915261065975605081e-01,2.901661886822040071e-01,2.888477314136825846e-01,2.875581089027236525e-01,2.862916359463967275e-01,2.850593536778017190e-01,2.839249632875602281e-01,2.833574290427408049e-01,2.795572204655807358e-01,2.762226529208442471e-01,2.729972460656818201e-01,2.697023456043605716e-01,2.662566309893072414e-01,2.626096393598983392e-01,2.587261644698364282e-01,2.545810655786368004e-01,2.501573134126419129e-01,2.454452870706046175e-01,2.404426203601271461e-01,2.351543042692573748e-01,2.295928981609773323e-01,2.237787494188863968e-01,2.177401247526939421e-01,2.115131427937383124e-01,2.051413867810102376e-01,1.986750851743486757e-01,1.921697885593028898e-01,1.856845446483966766e-01,1.792796682834754685e-01,1.730142992733581242e-01,1.669440175908847857e-01,1.611188444709649725e-01,1.555820858101076565e-01,1.503712688824187516e-01,1.455332766582812798e-01
7.064516129032258895e-01,1.337325149220927045e-01,1.367029773502540235e-01,1.398790774793714220e-01,1.433482313106565487e-01,1.471086078403947839e-01,1.511598502069789463e-01,1.554982676719184886e-01,1.601155327566702036e-01,1.649981394859310335e-01,1.701272851688173104e-01,1.754791091311100615e-01,1.810252532036580042e-01,1.867336920810266088e-01,1.925697588863474197e-01,1.984972782307795613e-01,2.044797221973269075e-01,2.104813239884700815e-01,2.164681148890442997e-01,2.224088867807266501e-01,2.282761217679711574e-01,2.340469783320621722e-01,2.397045052753420669e-01,2.452394489660176258e-01,2.506535918054959566e-01,2.559676593417568036e-01,2.612478685569908921e-01,2.668144949583320935e-01,2.699747731500208858e-01,2.731505295938990163e-01,2.763423572277088902e-01,2.794327891319934309e-01,2.823916295503083873e-01,2.852139403574056042e-01,2.879058617614949633e-01,2.904794981886221761e-01,2.929505414392197804e-01,2.953369786559896237e-01,2.976583366918251206e-01,2.999352566849048385e-01,3.021893239508832707e-01,3.044431449204485496e-01,3.067207168024956854e-01,3.090482090574740992e-01,3.114554135697634174e-01,3.139784276586263800e-01,3.166649198469869697e-01,3.195856909659620104e-01,3.228651966652211214e-01,3.267940006860067803e-01,3.329878975121421947e-01,3.310723849320648116e-01,3.303061147448459467e-01,3.301890056654122607e-01,3.303725082699026094e-01,3.307162940593031952e-01,3.311412298724605296e-01,3.315942373263930376e-01,3.320361218863485675e-01,3.324365658172483418e-01,3.327719085573334068e-01,3.330241593417123669e-01,3.331805869337318149e-01,3.332335752101580617e-01,3.331805869337333137e-01,3.330241593417105350e-01,3.327719085573309088e-01,3.324365658172550586e-01,3.320361218863453479e-01,3.315942373263906506e-01,3.311412298724559777e-01,3.307162940593081912e-01,3.303725082699041637e-01,3.301890056654115391e-01,3.303061147448460577e-01,3.310723849320648116e-01,3.329878975121402518e-01,3.267940006860104996e-01,3.228651966652182903e-01,3.195856909659656742e-01,3.166649198469861926e-01,3.139784276586293776e-01,3.114554135697628068e-01,3.090482090574728780e-01,3.067207168024991271e-01,3.044431449204534901e-01,3.021893239508844919e-01,2.999352566849060042e-01,2.976583366918225115e-01,2.953369786559884025e-01,2.929505414392211682e-01,2.904794981886199556e-01,2.879058617614910220e-01,2.852139403574050491e-01,2.823916295503092755e-01,2.794327891319980939e-01,2.763423572277077245e-01,2.731505295938900790e-01,2.699747731500201642e-01,2.668144949583364234e-01,2.612478685569961101e-01,2.559676593417550272e-01,2.506535918054921819e-01,2.452394489660201238e-01,2.397045052753325745e-01,2.340469783320687225e-01,2.282761217679704357e-01,2.224088867807261782e-01,2.164681148890428286e-01,2.104813239884709142e-01,2.044797221973183310e-01,1.984972782307803107e-01,1.925697588863364285e-01,1.867336920810220013e-01,1.810252532036573658e-01,1.754791091311107554e-01,1.701272851688166166e-01,1.649981394859331985e-01,1.601155327566707032e-01,1.554982676719196821e-01,1.511598502069811389e-01,1.471086078403915087e-01,1.433482313106567430e-01,1.398790774793715330e-01,1.367029773502542178e-01,1.337325149220930931e-01
7.107526881720430678e-01,1.252762111493363750e-01,1.253394080779015596e-01,1.253180024984660301e-01,1.253443302401748838e-01,1.254009675698546655e-01,1.254873823828163426e-01,1.256066326131946576e-01,1.257633358227181752e-01,1.259631590518290878e-01,1.262126330075345193e-01,1.265190631428036172e-01,1.268904699339659381e-01,1.273355321550304342e-01,1.278635212907393848e-01,1.284842215806690502e-01,1.292078336922920512e-01,1.300448621970275442e-01,1.310059882114554819e-01,1.321019286248353297e-01,1.333432817622324240e-01,1.347403549381921695e-01,1.363029588133824188e-01,1.380401256317077274e-01,1.399596174767876733e-01,1.420666791004126517e-01,1.443579904388800628e-01,1.467938621553759870e-01,1.495881128374061397e-01,1.526476863429824526e-01,1.559642032254441035e-01,1.595333745619918475e-01,1.633493024093645718e-01,1.674031120612450851e-01,1.716823443527577542e-01,1.761706593142432775e-01,1.808477625052864746e-01,1.856895411311122734e-01,1.906684142314518937e-01,1.957539012089943298e-01,2.009134071210719186e-01,2.061132165729914201e-01,2.113196850036737073e-01,2.165006226217526808e-01,2.216268933290121979e-01,2.266743235992236816e-01,2.316262005336062468e-01,2.364771408027246946e-01,2.412407223356070884e-01,2.459700194716780142e-01,2.508470742039802803e-01,2.552141347873650989e-01,2.562605411639965469e-01,2.578234960078166216e-01,2.593739370231787356e-01,2.608057311543681145e-01,2.620808341189376223e-01,2.631845499651682685e-01,2.641124962144528743e-01,2.648652436216457629e-01,2.654455861392883698e-01,2.658569469852274381e-01,2.661023808219649123e-01,2.661839505090618507e-01,2.661023808219613596e-01,2.658569469852243294e-01,2.654455861392701621e-01,2.648652436216366590e-01,2.641124962144463240e-01,2.631845499651761511e-01,2.620808341189229673e-01,2.608057311543607315e-01,2.593739370231730179e-01,2.578234960078114590e-01,2.562605411640034858e-01,2.552141347873744248e-01,2.508470742039723422e-01,2.459700194716688826e-01,2.412407223356182184e-01,2.364771408027034616e-01,2.316262005336054974e-01,2.266743235992339789e-01,2.216268933290151955e-01,2.165006226217477958e-01,2.113196850036706542e-01,2.061132165729895327e-01,2.009134071210826600e-01,1.957539012089920816e-01,1.906684142314441222e-01,1.856895411311069166e-01,1.808477625052920812e-01,1.761706593142423061e-01,1.716823443527547288e-01,1.674031120612446133e-01,1.633493024093676804e-01,1.595333745619864074e-01,1.559642032254447142e-01,1.526476863429822028e-01,1.495881128374048907e-01,1.467938621553752654e-01,1.443579904388802848e-01,1.420666791004130680e-01,1.399596174767893386e-01,1.380401256317043690e-01,1.363029588133862768e-01,1.347403549381891164e-01,1.333432817622321465e-01,1.321019286248355240e-01,1.310059882114553154e-01,1.300448621970278495e-01,1.292078336922919402e-01,1.284842215806686061e-01,1.278635212907404117e-01,1.273355321550290742e-01,1.268904699339666042e-01,1.265190631428022017e-01,1.262126330075346303e-01,1.259631590518291155e-01,1.257633358227173981e-01,1.256066326131951016e-01,1.254873823828161761e-01,1.254009675698532500e-01,1.253443302401748283e-01,1.253180024984662799e-01,1.253394080779033637e-01,1.252762111493354036e-01
7.150537634408602461e-01,1.295234402791241024e-01,1.294823606036707986e-01,1.294002915675071808e-01,1.292668584403373622e-01,1.291489160322991936e-01,1.290351446095875099e-01,1.289261106610364027e-01,1.288250421283125280e-01,1.287365717038399804e-01,1.286664276613462277e-01,1.286213821397828860e-01,1.286093021557156157e-01,1.286392549181182565e-01,1.287216487131253306e-01,1.288684003853752258e-01,1.290931233815734991e-01,1.294113300844161873e-01,1.298406397096083797e-01,1.304009782707830911e-01,1.311147490884031486e-01,1.320069383182625455e-01,1.331050915658551770e-01,1.344390229871703646e-01,1.360398397218308686e-01,1.379361215209781721e-01,1.401185037578155934e-01,1.428817530103063116e-01,1.461328595507611350e-01,1.499066083123160309e-01,1.542346425047979586e-01,1.591408659207709797e-01,1.646379078901629989e-01,1.707240238764027029e-01,1.773805201762771178e-01,1.845699707006885348e-01,1.922355170598473995e-01,2.003014888226232471e-01,2.086754690194858319e-01,2.172517789089009055e-01,2.259161909660458711e-01,2.345515305765634717e-01,2.430437255155848686e-01,2.512878325276480251e-01,2.591936280827711325e-01,2.666905074516550678e-01,2.737317207230192118e-01,2.802984954762145486e-01,2.864057794556907899e-01,2.921150406724376536e-01,2.975767706730065854e-01,3.032898642607683160e-01,3.051306283504762185e-01,3.051949761274799222e-01,3.056164064542005177e-01,3.060170285456783046e-01,3.063224657809671680e-01,3.065261601027470251e-01,3.066438203059185241e-01,3.066982153805690725e-01,3.067125548305233984e-01,3.067071226860661470e-01,3.066974145420421349e-01,3.066930868774835894e-01,3.066974145420418019e-01,3.067071226860514366e-01,3.067125548305107419e-01,3.066982153805709599e-01,3.066438203059168588e-01,3.065261601027476912e-01,3.063224657809642815e-01,3.060170285456724759e-01,3.056164064542019609e-01,3.051949761274864170e-01,3.051306283504846562e-01,3.032898642607663175e-01,2.975767706730159112e-01,2.921150406724281612e-01,2.864057794556826853e-01,2.802984954762134384e-01,2.737317207230254290e-01,2.666905074516496277e-01,2.591936280827666916e-01,2.512878325276374225e-01,2.430437255155841747e-01,2.345515305765613345e-01,2.259161909660419854e-01,2.172517789089046247e-01,2.086754690194868589e-01,2.003014888226207491e-01,1.922355170598379071e-01,1.845699707006891455e-01,1.773805201762757022e-01,1.707240238763998996e-01,1.646379078901660520e-01,1.591408659207732279e-01,1.542346425048005398e-01,1.499066083123165305e-01,1.461328595507623007e-01,1.428817530103071998e-01,1.401185037578165371e-01,1.379361215209767011e-01,1.360398397218315347e-01,1.344390229871736953e-01,1.331050915658585632e-01,1.320069383182628509e-01,1.311147490884028988e-01,1.304009782707834797e-01,1.298406397096090459e-01,1.294113300844150494e-01,1.290931233815736101e-01,1.288684003853747817e-01,1.287216487131238318e-01,1.286392549181187561e-01,1.286093021557166705e-01,1.286213821397826640e-01,1.286664276613425639e-01,1.287365717038404245e-01,1.288250421283135827e-01,1.289261106610378183e-01,1.290351446095868715e-01,1.291489160323006646e-01,1.292668584403369458e-01,1.294002915675062093e-01,1.294823606036710761e-01,1.295234402791234363e-01
7.193548387096774244e-01,1.353744587403353239e-01,1.353345741592271168e-01,1.352492758490133062e-01,1.350614834222693683e-01,1.348565611245298168e-01,1.346345076776821470e-01,1.343923109838851548e-01,1.341323535920780352e-01,1.338586505051808095e-01,1.335761954063431345e-01,1.332908628783917582e-01,1.330094945372230497e-01,1.327400790102246098e-01,1.324920001974246864e-01,1.322763474971740683e-01,1.321062876927755481e-01,1.319974987464443972e-01,1.319686626432250987e-01,1.320420073493540070e-01,1.322438749008623127e-01,1.326052680939222850e-01,1.331622743034286127e-01,1.339561050980164203e-01,1.350317367131957658e-01,1.364247499096038208e-01,1.382324099659980599e-01,1.406539414020124557e-01,1.436896743388251241e-01,1.474082099711108429e-01,1.518759824876243225e-01,1.571499781225637604e-01,1.632713953650478667e-01,1.702594498277729684e-01,1.781056945823419058e-01,1.867695043341654759e-01,1.961754401012982818e-01,2.062131317432817912e-01,2.167400978043821647e-01,2.275875895451480169e-01,2.385691497436742969e-01,2.494911903208901216e-01,2.601645972367930826e-01,2.704162359444048924e-01,2.800992973808892339e-01,2.891017010805532195e-01,2.973522488444781953e-01,3.048249269194041045e-01,3.115429136212762851e-01,3.175864958409989613e-01,3.231182464482640904e-01,3.284899569267253350e-01,3.354867456613011001e-01,3.333602007462364014e-01,3.322614361928927229e-01,3.314509229833376147e-01,3.307040227791328002e-01,3.299859119534834795e-01,3.293103409712480611e-01,3.287049907699952644e-01,3.281991142675437234e-01,3.278182499130841698e-01,3.275817451636525157e-01,3.275015637165871740e-01,3.275817451636561239e-01,3.278182499130861127e-01,3.281991142675414475e-01,3.287049907699940432e-01,3.293103409712488383e-01,3.299859119534797602e-01,3.307040227791346876e-01,3.314509229833363935e-01,3.322614361928957760e-01,3.333602007462347361e-01,3.354867456613053189e-01,3.284899569267267783e-01,3.231182464482631467e-01,3.175864958409998495e-01,3.115429136212751748e-01,3.048249269194054367e-01,2.973522488444764744e-01,2.891017010805525533e-01,2.800992973808884567e-01,2.704162359444054475e-01,2.601645972367969684e-01,2.494911903208909265e-01,2.385691497436757957e-01,2.275875895451499320e-01,2.167400978043865500e-01,2.062131317432860933e-01,1.961754401013008631e-01,1.867695043341662808e-01,1.781056945823440707e-01,1.702594498277728574e-01,1.632713953650491989e-01,1.571499781225638992e-01,1.518759824876255715e-01,1.474082099711100380e-01,1.436896743388257069e-01,1.406539414020139822e-01,1.382324099659975047e-01,1.364247499096030991e-01,1.350317367131941282e-01,1.339561050980177248e-01,1.331622743034282519e-01,1.326052680939205364e-01,1.322438749008625070e-01,1.320420073493525082e-01,1.319686626432249876e-01,1.319974987464460070e-01,1.321062876927787122e-01,1.322763474971742903e-01,1.324920001974218275e-01,1.327400790102244432e-01,1.330094945372241044e-01,1.332908628783942007e-01,1.335761954063423018e-01,1.338586505051818643e-01,1.341323535920760923e-01,1.343923109838867092e-01,1.346345076776818694e-01,1.348565611245306495e-01,1.350614834222689242e-01,1.352492758490120295e-01,1.353345741592272833e-01,1.353744587403348798e-01
7.236559139784946026e-01,2.039022597165406347e-01,2.056054539513987867e-01,2.070311466776588172e-01,2.081600675244593690e-01,2.089819571339659454e-01,2.095635180424343380e-01,2.098762577498269888e-01,2.099278284753203772e-01,2.097318984835648270e-01,2.093060330105008249e-01,2.086703624010189384e-01,2.078464307646589182e-01,2.068562099810737354e-01,2.057213322964872027e-01,2.044625776996399358e-01,2.030996171541094575e-01,2.016509796673416344e-01,2.001341887784686691e-01,1.985660071832084372e-01,1.969627425973163315e-01,1.953406208541322298e-01,1.937163992575363092e-01,1.921091193970074773e-01,1.905500313623598174e-01,1.888299411528709393e-01,1.870134388438751127e-01,1.853484338572120027e-01,1.838010644662792514e-01,1.823661747974594238e-01,1.810428847065969071e-01,1.798306202997403958e-01,1.787280407826405959e-01,1.777327700357808626e-01,1.768414266445504368e-01,1.760497774645047309e-01,1.753529383520416318e-01,1.747455838118733285e-01,1.742221457386769479e-01,1.737769920591281936e-01,1.734045830684974310e-01,1.730996084213491659e-01,1.728571121997202753e-01,1.726726182978717272e-01,1.725422749815440360e-01,1.724630485262992341e-01,1.724330169968580073e-01,1.724518605038922181e-01,1.725217526051245065e-01,1.726491536307762642e-01,1.728489750973697114e-01,1.731567493307040462e-01,1.736846231432052079e-01,1.746238490802774490e-01,1.741473968659303651e-01,1.738153565996096717e-01,1.735423749517522873e-01,1.733104073061391415e-01,1.731137447659360507e-01,1.729510257519838168e-01,1.728226879354636536e-01,1.727298247212186999e-01,1.726735655297856054e-01,1.726547161231848093e-01,1.726735655297900740e-01,1.727298247212165627e-01,1.728226879354656520e-01,1.729510257519838168e-01,1.731137447659360229e-01,1.733104073061414729e-01,1.735423749517444325e-01,1.738153565996094496e-01,1.741473968659369986e-01,1.746238490802812515e-01,1.736846231432042365e-01,1.731567493307032968e-01,1.728489750973682682e-01,1.726491536307742658e-01,1.725217526051240347e-01,1.724518605038964092e-01,1.724330169968589788e-01,1.724630485263004553e-01,1.725422749815426482e-01,1.726726182978729207e-01,1.728571121997251325e-01,1.730996084213496100e-01,1.734045830684957656e-01,1.737769920591243356e-01,1.742221457386754768e-01,1.747455838118738281e-01,1.753529383520441853e-01,1.760497774645078395e-01,1.768414266445508254e-01,1.777327700357798634e-01,1.787280407826357109e-01,1.798306202997416725e-01,1.810428847065994606e-01,1.823661747974571479e-01,1.838010644662800841e-01,1.853484338572099488e-01,1.870134388438747242e-01,1.888299411528734373e-01,1.905500313623583186e-01,1.921091193970062005e-01,1.937163992575354210e-01,1.953406208541331179e-01,1.969627425973146106e-01,1.985660071832114904e-01,2.001341887784688356e-01,2.016509796673522370e-01,2.030996171541116779e-01,2.044625776996365496e-01,2.057213322964775437e-01,2.068562099810793975e-01,2.078464307646560316e-01,2.086703624010172731e-01,2.093060330105092071e-01,2.097318984835633282e-01,2.099278284753139379e-01,2.098762577498202719e-01,2.095635180424329502e-01,2.089819571339631143e-01,2.081600675244587584e-01,2.070311466776521558e-01,2.056054539513927915e-01,2.039022597165411899e-01
7.279569892473118919e-01,2.171988198765102407e-01,2.206462147838669230e-01,2.238327031843376780e-01,2.267178234606709863e-01,2.292304217162634550e-01,2.314222380427039538e-01,2.332270746131879235e-01,2.346127799184476448e-01,2.355614544469983307e-01,2.360666111866407957e-01,2.361330344422390426e-01,2.357762826679376533e-01,2.350215963632065197e-01,2.339023179732205859e-01,2.324580229447456570e-01,2.307325670428556075e-01,2.287722176362376736e-01,2.266239846105560507e-01,2.243342247428796177e-01,2.219475875858235581e-01,2.195064569700695412e-01,2.170514800570073066e-01,2.146266679143328804e-01,2.122756740866511005e-01,2.094384069570318085e-01,2.068973526539573671e-01,2.045225172189678031e-01,2.022982994506769550e-01,2.002180802434782025e-01,1.982759749629914858e-01,1.964650355576078034e-01,1.947768824057349302e-01,1.932017629529312330e-01,1.917287407377559205e-01,1.903459080590298447e-01,1.890405816612624190e-01,1.877994687189267209e-01,1.866088041315618340e-01,1.854544679619286596e-01,1.843220971130049568e-01,1.831972096079063084e-01,1.820653638907323013e-01,1.809123797901620867e-01,1.797246523788138262e-01,1.784895952111324458e-01,1.771962563717122963e-01,1.758361630020892630e-01,1.744044789143840701e-01,1.729016421285280991e-01,1.713359136973697794e-01,1.697282693687488520e-01,1.681261686019644985e-01,1.666873664832891067e-01,1.649900551598556531e-01,1.627930332079813580e-01,1.607218795564830105e-01,1.587935391133635799e-01,1.570498925678303348e-01,1.555384977972678051e-01,1.543058562735668826e-01,1.533929287468289437e-01,1.528316340374319127e-01,1.526422232541312651e-01,1.528316340374304694e-01,1.533929287468276392e-01,1.543058562735665218e-01,1.555384977972667504e-01,1.570498925678304181e-01,1.587935391133687424e-01,1.607218795564840652e-01,1.627930332079827458e-01,1.649900551598584009e-01,1.666873664832925206e-01,1.681261686019674961e-01,1.697282693687474919e-01,1.713359136973706953e-01,1.729016421285285987e-01,1.744044789143854302e-01,1.758361630020931765e-01,1.771962563717135453e-01,1.784895952111336115e-01,1.797246523788122996e-01,1.809123797901649733e-01,1.820653638907317462e-01,1.831972096079040324e-01,1.843220971130049568e-01,1.854544679619273273e-01,1.866088041315639434e-01,1.877994687189277756e-01,1.890405816612661383e-01,1.903459080590302888e-01,1.917287407377527009e-01,1.932017629529295122e-01,1.947768824057407033e-01,1.964650355576092466e-01,1.982759749629914858e-01,2.002180802434789242e-01,2.022982994506765109e-01,2.045225172189686913e-01,2.068973526539579777e-01,2.094384069570298657e-01,2.122756740866529879e-01,2.146266679143369882e-01,2.170514800570061964e-01,2.195064569700759805e-01,2.219475875858237801e-01,2.243342247428800063e-01,2.266239846105563838e-01,2.287722176362365634e-01,2.307325670428561626e-01,2.324580229447430479e-01,2.339023179732255264e-01,2.350215963632013572e-01,2.357762826679366541e-01,2.361330344422367111e-01,2.360666111866409067e-01,2.355614544469954441e-01,2.346127799184452578e-01,2.332270746131865913e-01,2.314222380427051196e-01,2.292304217162618452e-01,2.267178234606692655e-01,2.238327031843388437e-01,2.206462147838634258e-01,2.171988198765111289e-01
7.322580645161290702e-01,1.776604552549150284e-01,1.827792518551546452e-01,1.879838775194322964e-01,1.932323447987443488e-01,1.984654162339881678e-01,2.036288985938035645e-01,2.086465680865881023e-01,2.133889690388765525e-01,2.177402656685238358e-01,2.215864496779889059e-01,2.248228330593371460e-01,2.273625165155009342e-01,2.291443941022730524e-01,2.301395638582332537e-01,2.303551399889398055e-01,2.298346943272765452e-01,2.286549649313082133e-01,2.269190552719119180e-01,2.247470086015040946e-01,2.222651949065711507e-01,2.195962236483441909e-01,2.168511997777157196e-01,2.141293359362073101e-01,2.111921348609593907e-01,2.085247409538237284e-01,2.060958541296970536e-01,2.038855040503908533e-01,2.018825606940224393e-01,2.000733029125851270e-01,1.984408238893073384e-01,1.969659360696974781e-01,1.956281264271222953e-01,1.944062454780837168e-01,1.932788903454621954e-01,1.922245218253181842e-01,1.912213738519136230e-01,1.902472114444991869e-01,1.892789853769502595e-01,1.882924249279604445e-01,1.872616070887764828e-01,1.861585429400253178e-01,1.849528302958312054e-01,1.836114364819392830e-01,1.820986960678925293e-01,1.803766343396552285e-01,1.784057553976332589e-01,1.761464585740692979e-01,1.735612600253977900e-01,1.706179882552474880e-01,1.672940909812560828e-01,1.635821791747162912e-01,1.594972255036644082e-01,1.550886516977152962e-01,1.505671783499062388e-01,1.454285093151848618e-01,1.403401874054407417e-01,1.353943034680528124e-01,1.307629194261671901e-01,1.266335508131253562e-01,1.231906621698790616e-01,1.205989593366227630e-01,1.189883519759299402e-01,1.184419523902082438e-01,1.189883519759292185e-01,1.205989593366216250e-01,1.231906621698768411e-01,1.266335508131246346e-01,1.307629194261689942e-01,1.353943034680515078e-01,1.403401874054409915e-01,1.454285093151826136e-01,1.505671783499032412e-01,1.550886516977183494e-01,1.594972255036615216e-01,1.635821791747185117e-01,1.672940909812593024e-01,1.706179882552442129e-01,1.735612600253929605e-01,1.761464585740691868e-01,1.784057553976344801e-01,1.803766343396581706e-01,1.820986960678904198e-01,1.836114364819401712e-01,1.849528302958358128e-01,1.861585429400204328e-01,1.872616070887741513e-01,1.882924249279635531e-01,1.892789853769477615e-01,1.902472114444976881e-01,1.912213738519119022e-01,1.922245218253177401e-01,1.932788903454605300e-01,1.944062454780849936e-01,1.956281264271214626e-01,1.969659360696991990e-01,1.984408238893065057e-01,2.000733029125875695e-01,2.018825606940273243e-01,2.038855040503920746e-01,2.060958541296989965e-01,2.085247409538225072e-01,2.111921348609579474e-01,2.141293359362088644e-01,2.168511997777148315e-01,2.195962236483458563e-01,2.222651949065659882e-01,2.247470086014983770e-01,2.269190552719159149e-01,2.286549649313082133e-01,2.298346943272746024e-01,2.303551399889325335e-01,2.301395638582297565e-01,2.291443941022750508e-01,2.273625165155016559e-01,2.248228330593284863e-01,2.215864496779930692e-01,2.177402656685225035e-01,2.133889690388749982e-01,2.086465680865912664e-01,2.036288985938040086e-01,1.984654162339901662e-01,1.932323447987490117e-01,1.879838775194334066e-01,1.827792518551509815e-01,1.776604552549133631e-01
7.365591397849462485e-01,1.643991803177092814e-01,1.695469717395093889e-01,1.747289323192052213e-01,1.798892223702550641e-01,1.849633309975391993e-01,1.898923275814242695e-01,1.946197763395552949e-01,1.990215360390301669e-01,2.030255616285816522e-01,2.065659451799979340e-01,2.095891203364241284e-01,2.120559454379468134e-01,2.139428547373604661e-01,2.152424384437023330e-01,2.159636994439525504e-01,2.161320812338546338e-01,2.157891513112769610e-01,2.149916416409993203e-01,2.138094939524964322e-01,2.123227183765161730e-01,2.106173579134344442e-01,2.087826930015257987e-01,2.067457738894206698e-01,2.046606287471763874e-01,2.027289480364865004e-01,2.009424180524609915e-01,1.993122691736566865e-01,1.978430870471711289e-01,1.965309990682748142e-01,1.953649417672732036e-01,1.943284989066386137e-01,1.934016007470357734e-01,1.925618403010461721e-01,1.917853538383670897e-01,1.910473033727762004e-01,1.903220379726848766e-01,1.895830224842187106e-01,1.888026215452722201e-01,1.879518230422821956e-01,1.869999838869920716e-01,1.859146846728632063e-01,1.846617885537131798e-01,1.832058115059572168e-01,1.815107214643446598e-01,1.795412852902251166e-01,1.772650649113629573e-01,1.746551153388203326e-01,1.716933474268415027e-01,1.683743854813190000e-01,1.647095918801907977e-01,1.607308033101498834e-01,1.564933717190064022e-01,1.520788835162779074e-01,1.476044525393554463e-01,1.431540756313034457e-01,1.386719877089223618e-01,1.345066144866048363e-01,1.307595085102871146e-01,1.275357944050754533e-01,1.249281416472518003e-01,1.230112588887090075e-01,1.218393423764188854e-01,1.214450698842595711e-01,1.218393423764194405e-01,1.230112588887098679e-01,1.249281416472532713e-01,1.275357944050765358e-01,1.307595085102889465e-01,1.345066144866028934e-01,1.386719877089232500e-01,1.431540756313030016e-01,1.476044525393572782e-01,1.520788835162804609e-01,1.564933717190072349e-01,1.607308033101542133e-01,1.647095918801894654e-01,1.683743854813143370e-01,1.716933474268403925e-01,1.746551153388213318e-01,1.772650649113560184e-01,1.795412852902199541e-01,1.815107214643387756e-01,1.832058115059497783e-01,1.846617885537114589e-01,1.859146846728692015e-01,1.869999838869908504e-01,1.879518230422791425e-01,1.888026215452741630e-01,1.895830224842156020e-01,1.903220379726860423e-01,1.910473033727774217e-01,1.917853538383657019e-01,1.925618403010446733e-01,1.934016007470361065e-01,1.943284989066381141e-01,1.953649417672682631e-01,1.965309990682742591e-01,1.978430870471704073e-01,1.993122691736524676e-01,2.009424180524564951e-01,2.027289480364870555e-01,2.046606287471746666e-01,2.067457738894222241e-01,2.087826930015252991e-01,2.106173579134424378e-01,2.123227183765123427e-01,2.138094939524993188e-01,2.149916416409932696e-01,2.157891513112715209e-01,2.161320812338530239e-01,2.159636994439498858e-01,2.152424384436997795e-01,2.139428547373573020e-01,2.120559454379455366e-01,2.095891203364287358e-01,2.065659451799921054e-01,2.030255616285838727e-01,1.990215360390341082e-01,1.946197763395604019e-01,1.898923275814245470e-01,1.849633309975327600e-01,1.798892223702548421e-01,1.747289323192074417e-01,1.695469717395096110e-01,1.643991803177083932e-01
7.408602150537635378e-01,1.861613373472187360e-01,1.915559983458855475e-01,1.965261994878664820e-01,2.010689306028162204e-01,2.051965248992676516e-01,2.089322830431787348e-01,2.123776437265435524e-01,2.155252615251990744e-01,2.183474246487520642e-01,2.208814177856049388e-01,2.231578874982982907e-01,2.252030360042956425e-01,2.270382696914343135e-01,2.286797768217625482e-01,2.301382410924053268e-01,2.314187110526272906e-01,2.325206510987614106e-01,2.334382488973048564e-01,2.341611428547997198e-01,2.346759516171764703e-01,2.349700255606529398e-01,2.350578458014673799e-01,2.345243395208193027e-01,2.338054073958401036e-01,2.328106577037467595e-01,2.315354745446657758e-01,2.299959209206570709e-01,2.282225301497841641e-01,2.262564219540205146e-01,2.241442954727443926e-01,2.219324131136623524e-01,2.196605161511462900e-01,2.173567617449129186e-01,2.150345167665356771e-01,2.126913864671199361e-01,2.103104046703727636e-01,2.078630097964452306e-01,2.053133112968015817e-01,2.026231586510102156e-01,1.997575704522186468e-01,1.966900926055929477e-01,1.934076082592045553e-01,1.899140478304789936e-01,1.862324163289467704e-01,1.824046485726753541e-01,1.784890702249506966e-01,1.745556614860467315e-01,1.706797846759626203e-01,1.669353911567940663e-01,1.633888338753177183e-01,1.600942404726107826e-01,1.570910358032718279e-01,1.544038620404519224e-01,1.520454658342426657e-01,1.500327669587758206e-01,1.482121478209800225e-01,1.466895853458102250e-01,1.454610280105714804e-01,1.444948562451205398e-01,1.437677396787785389e-01,1.432615538395360377e-01,1.429631655921870803e-01,1.428645954285953645e-01,1.429631655921881905e-01,1.432615538395372035e-01,1.437677396787798156e-01,1.444948562451221497e-01,1.454610280105709808e-01,1.466895853458113907e-01,1.482121478209789123e-01,1.500327669587757651e-01,1.520454658342420551e-01,1.544038620404516449e-01,1.570910358032699405e-01,1.600942404726100610e-01,1.633888338753184399e-01,1.669353911567960647e-01,1.706797846759638970e-01,1.745556614860468980e-01,1.784890702249536387e-01,1.824046485726759093e-01,1.862324163289441614e-01,1.899140478304777724e-01,1.934076082592050549e-01,1.966900926055938359e-01,1.997575704522181472e-01,2.026231586510113813e-01,2.053133112968040797e-01,2.078630097964441203e-01,2.103104046703739849e-01,2.126913864671214904e-01,2.150345167665365098e-01,2.173567617449156941e-01,2.196605161511486770e-01,2.219324131136647948e-01,2.241442954727430048e-01,2.262564219540210142e-01,2.282225301497862180e-01,2.299959209206589028e-01,2.315354745446634999e-01,2.328106577037445946e-01,2.338054073958378831e-01,2.345243395208189696e-01,2.350578458014660477e-01,2.349700255606511079e-01,2.346759516171765814e-01,2.341611428548000529e-01,2.334382488973031911e-01,2.325206510987609110e-01,2.314187110526287894e-01,2.301382410924043276e-01,2.286797768217637694e-01,2.270382696914347576e-01,2.252030360042959756e-01,2.231578874982984573e-01,2.208814177856047722e-01,2.183474246487501214e-01,2.155252615251995740e-01,2.123776437265430528e-01,2.089322830431776801e-01,2.051965248992675406e-01,2.010689306028174417e-01,1.965261994878663709e-01,1.915559983458852145e-01,1.861613373472175148e-01
7.451612903225807161e-01,1.844903017780845089e-01,1.882739949390947465e-01,1.917119641567643362e-01,1.948432171283881464e-01,1.977081897300453917e-01,2.003459663177747929e-01,2.027847925700600462e-01,2.052121033968190567e-01,2.074941073860498419e-01,2.096538021136286623e-01,2.117157530743384863e-01,2.136987724533671029e-01,2.156177169230794610e-01,2.174838769249033410e-01,2.193050510150127419e-01,2.210854581464920532e-01,2.228255217766009211e-01,2.245215442488398550e-01,2.261652976234616585e-01,2.277435536549518025e-01,2.292372280177245036e-01,2.304545822233755037e-01,2.315562667263115770e-01,2.324916722261121671e-01,2.332054180900775542e-01,2.336515259641557818e-01,2.337871362785036711e-01,2.335744558957847383e-01,2.329838845385301949e-01,2.319968240502033874e-01,2.306072397624329140e-01,2.288213855671005770e-01,2.266556256437458616e-01,2.241329097634718326e-01,2.212789563021763106e-01,2.181193479973045357e-01,2.146784711858435446e-01,2.109806305749133970e-01,2.070529652868586812e-01,2.029292061305675299e-01,1.986530133322159108e-01,1.942796936498279448e-01,1.898755005571937104e-01,1.855143651003350325e-01,1.812726026923491274e-01,1.772226741805470462e-01,1.734272786968458213e-01,1.699348772616038894e-01,1.667772899651635554e-01,1.639694642398006885e-01,1.615110609638288897e-01,1.593892556559822760e-01,1.575821181755077127e-01,1.560620864891157922e-01,1.547995736453293136e-01,1.537256477970371238e-01,1.527999905749771181e-01,1.520931794646148694e-01,1.515546450767103481e-01,1.511588743706909210e-01,1.508881560953081458e-01,1.507304308895062728e-01,1.506786328510002493e-01,1.507304308895090483e-01,1.508881560953085343e-01,1.511588743706914206e-01,1.515546450767109588e-01,1.520931794646155355e-01,1.527999905749760634e-01,1.537256477970402324e-01,1.547995736453284255e-01,1.560620864891155146e-01,1.575821181755058809e-01,1.593892556559823315e-01,1.615110609638306105e-01,1.639694642397990232e-01,1.667772899651640550e-01,1.699348772616023351e-01,1.734272786968469315e-01,1.772226741805443817e-01,1.812726026923484612e-01,1.855143651003375860e-01,1.898755005571955978e-01,1.942796936498279448e-01,1.986530133322162439e-01,2.029292061305644768e-01,2.070529652868565162e-01,2.109806305749149513e-01,2.146784711858438222e-01,2.181193479973010385e-01,2.212789563021707040e-01,2.241329097634747192e-01,2.266556256437449735e-01,2.288213855671001884e-01,2.306072397624303605e-01,2.319968240502070511e-01,2.329838845385271417e-01,2.335744558957873473e-01,2.337871362785042817e-01,2.336515259641565589e-01,2.332054180900734464e-01,2.324916722261143320e-01,2.315562667263101337e-01,2.304545822233735608e-01,2.292372280177272792e-01,2.277435536549540784e-01,2.261652976234632684e-01,2.245215442488392443e-01,2.228255217766004215e-01,2.210854581464930524e-01,2.193050510150127419e-01,2.174838769249055614e-01,2.156177169230791280e-01,2.136987724533637167e-01,2.117157530743377647e-01,2.096538021136317709e-01,2.074941073860497864e-01,2.052121033968172248e-01,2.027847925700601017e-01,2.003459663177761807e-01,1.977081897300462798e-01,1.948432171283872028e-01,1.917119641567666122e-01,1.882739949390966894e-01,1.844903017780818999e-01
7.494623655913978943e-01,1.747037681936071118e-01,1.771273207053440379e-01,1.793764691536167133e-01,1.814886079005406661e-01,1.834958240374254257e-01,1.854248334681933286e-01,1.872952921070551446e-01,1.891610867460801759e-01,1.911301356668048679e-01,1.930722751462766729e-01,1.950094893857804990e-01,1.969530941541918767e-01,1.989117086774660481e-01,2.008922253965985671e-01,2.028999891315832471e-01,2.049386812946655256e-01,2.070099633837805264e-01,2.091127900962702069e-01,2.112420049138925005e-01,2.133840276456772100e-01,2.154360980552200711e-01,2.175610038895468001e-01,2.196757600164946367e-01,2.217340610421459357e-01,2.236939889219645705e-01,2.255044690781284888e-01,2.271039644512538591e-01,2.284209277531153992e-01,2.293758322291213902e-01,2.298850394885500470e-01,2.298666225393255491e-01,2.292478947216921581e-01,2.279739037206485186e-01,2.260156841965192398e-01,2.233768138264085601e-01,2.200969321393614342e-01,2.162513681276822530e-01,2.119467319152177343e-01,2.073130338430246855e-01,2.024934263490733022e-01,1.976329555572126639e-01,1.928677714001024168e-01,1.883160973546490480e-01,1.840719161087225886e-01,1.802018284728030273e-01,1.767449916411393818e-01,1.737155754261388019e-01,1.711068989364157300e-01,1.688963575672561279e-01,1.670503770485808337e-01,1.655288522901390280e-01,1.642887570769464012e-01,1.632867759766002402e-01,1.624808260477638711e-01,1.618298376163626040e-01,1.612857839425991258e-01,1.607081235730171698e-01,1.603581554736199788e-01,1.601128539534223405e-01,1.599421723594526834e-01,1.598300501403043250e-01,1.597665050051405022e-01,1.597459291538931292e-01,1.597665050051397251e-01,1.598300501403041030e-01,1.599421723594531275e-01,1.601128539534233952e-01,1.603581554736215331e-01,1.607081235730159485e-01,1.612857839425971829e-01,1.618298376163638252e-01,1.624808260477656474e-01,1.632867759766006843e-01,1.642887570769497319e-01,1.655288522901404158e-01,1.670503770485785022e-01,1.688963575672577377e-01,1.711068989364148973e-01,1.737155754261347496e-01,1.767449916411395483e-01,1.802018284728016395e-01,1.840719161087225886e-01,1.883160973546510464e-01,1.928677714001033050e-01,1.976329555572116647e-01,2.024934263490744124e-01,2.073130338430229647e-01,2.119467319152187890e-01,2.162513681276819200e-01,2.200969321393603795e-01,2.233768138264123349e-01,2.260156841965163532e-01,2.279739037206514607e-01,2.292478947216948781e-01,2.298666225393238838e-01,2.298850394885473269e-01,2.293758322291227225e-01,2.284209277531182858e-01,2.271039644512504729e-01,2.255044690781282668e-01,2.236939889219656807e-01,2.217340610421386637e-01,2.196757600165021862e-01,2.175610038895474108e-01,2.154360980552166849e-01,2.133840276456727136e-01,2.112420049138906131e-01,2.091127900962697628e-01,2.070099633837794162e-01,2.049386812946694114e-01,2.028999891315874105e-01,2.008922253965982341e-01,1.989117086774724319e-01,1.969530941541915992e-01,1.950094893857807765e-01,1.930722751462777276e-01,1.911301356668095863e-01,1.891610867460812861e-01,1.872952921070538679e-01,1.854248334681922183e-01,1.834958240374263139e-01,1.814886079005385566e-01,1.793764691536179900e-01,1.771273207053451482e-01,1.747037681936078890e-01
7.537634408602151836e-01,1.102239569094323746e-01,1.120635341638943627e-01,1.137862601146346631e-01,1.154134364599862517e-01,1.169645820244894496e-01,1.184564507062171312e-01,1.199019227714818170e-01,1.213036748392468667e-01,1.227378464443544259e-01,1.242081118827153552e-01,1.256770831878322725e-01,1.271538585080596029e-01,1.286451081628875448e-01,1.301565681386983586e-01,1.316932727520167545e-01,1.332594253556261266e-01,1.348579341955860045e-01,1.364893328093881308e-01,1.381487289811542118e-01,1.398070251107293438e-01,1.415727971720536771e-01,1.434381620810376012e-01,1.453180785370923322e-01,1.472021594658378674e-01,1.490708808328992663e-01,1.508988812339440710e-01,1.526570208631446435e-01,1.543150265449207414e-01,1.558448626982494867e-01,1.572244520098990406e-01,1.584410317959571990e-01,1.594932913773819960e-01,1.603915895757166976e-01,1.611560081193222915e-01,1.618126185195666866e-01,1.623888867323840524e-01,1.629093886876988861e-01,1.633928670929196691e-01,1.638511939197795919e-01,1.642901922596686770e-01,1.647117239467659755e-01,1.651161380985743388e-01,1.655041924273034648e-01,1.658778812075017428e-01,1.662400884033641835e-01,1.665934221204805055e-01,1.669388042269078776e-01,1.672743378156251182e-01,1.675947368433254314e-01,1.678913155965597870e-01,1.681523053231367415e-01,1.683631074938936045e-01,1.685059072936695435e-01,1.685575164429210515e-01,1.684819670016900472e-01,1.682001576659065689e-01,1.671497824318777803e-01,1.662184802304613740e-01,1.660679042116405268e-01,1.659945512578509530e-01,1.659555162233141146e-01,1.659360085661001905e-01,1.659300587276254513e-01,1.659360085661014672e-01,1.659555162233157244e-01,1.659945512578551718e-01,1.660679042116409154e-01,1.662184802304570441e-01,1.671497824318766146e-01,1.682001576659012398e-01,1.684819670016904358e-01,1.685575164429226058e-01,1.685059072936725411e-01,1.683631074938938821e-01,1.681523053231377962e-01,1.678913155965628956e-01,1.675947368433262641e-01,1.672743378156238969e-01,1.669388042269079331e-01,1.665934221204813381e-01,1.662400884033662929e-01,1.658778812074999109e-01,1.655041924273036869e-01,1.651161380985779470e-01,1.647117239467645322e-01,1.642901922596727293e-01,1.638511939197818124e-01,1.633928670929180038e-01,1.629093886876977759e-01,1.623888867323842744e-01,1.618126185195719602e-01,1.611560081193232352e-01,1.603915895757245247e-01,1.594932913773842720e-01,1.584410317959564218e-01,1.572244520098944331e-01,1.558448626982482654e-01,1.543150265449195202e-01,1.526570208631425341e-01,1.508988812339466801e-01,1.490708808329032076e-01,1.472021594658423083e-01,1.453180785370914996e-01,1.434381620810336044e-01,1.415727971720526779e-01,1.398070251107278450e-01,1.381487289811551000e-01,1.364893328093904068e-01,1.348579341955850053e-01,1.332594253556285691e-01,1.316932727520177537e-01,1.301565681386959161e-01,1.286451081628888771e-01,1.271538585080587147e-01,1.256770831878301076e-01,1.242081118827152997e-01,1.227378464443523720e-01,1.213036748392467001e-01,1.199019227714839819e-01,1.184564507062161320e-01,1.169645820244872847e-01,1.154134364599859186e-01,1.137862601146340524e-01,1.120635341638925864e-01,1.102239569094338734e-01
7.580645161290322509e-01,9.623662179791436788e-02,9.802866119137504386e-02,9.972201632761695800e-02,1.013256809355266297e-01,1.028514998153278182e-01,1.043126208224717244e-01,1.057220964178318678e-01,1.070909014750998089e-01,1.084217615543651148e-01,1.098374729283565499e-01,1.112426000490135958e-01,1.126602066418179171e-01,1.141026994023167096e-01,1.155810604065576341e-01,1.171055376795700487e-01,1.186855206737880697e-01,1.203288539497495702e-01,1.220400354467258142e-01,1.238133359183157256e-01,1.256355665049606607e-01,1.276809675029314528e-01,1.298003002531026850e-01,1.319935873607742671e-01,1.342509297406707103e-01,1.365587781268537970e-01,1.389030805421970216e-01,1.412726478924367091e-01,1.436625842724898461e-01,1.460770899223758912e-01,1.485308426832157025e-01,1.510483760385958329e-01,1.536613172971590946e-01,1.564038625636960389e-01,1.593072579526964572e-01,1.623942126431114907e-01,1.656740896936807483e-01,1.691394958827442396e-01,1.727646351580812145e-01,1.765055774274215117e-01,1.803024407223417502e-01,1.840833556522270542e-01,1.877699229539329662e-01,1.912836547398779063e-01,1.945526317684678208e-01,1.975174078992923410e-01,2.001351828165048863e-01,2.023815365963983481e-01,2.042495382475296162e-01,2.057466238881222598e-01,2.068900489890059258e-01,2.077017855739515806e-01,2.082034296881407065e-01,2.084110386897590206e-01,2.083286546719352317e-01,2.079363254660877014e-01,2.071562551114821682e-01,2.056844334280683584e-01,2.008193818081226434e-01,1.994432886805137528e-01,1.987277082080741719e-01,1.982943584976736839e-01,1.980546271890936683e-01,1.979774336809365654e-01,1.980546271890944454e-01,1.982943584976750162e-01,1.987277082080804447e-01,1.994432886805121430e-01,2.008193818081221438e-01,2.056844334280700792e-01,2.071562551114812245e-01,2.079363254660901439e-01,2.083286546719406163e-01,2.084110386897573552e-01,2.082034296881445368e-01,2.077017855739569652e-01,2.068900489890060923e-01,2.057466238881238696e-01,2.042495382475338905e-01,2.023815365964051205e-01,2.001351828165062741e-01,1.975174078992965043e-01,1.945526317684644901e-01,1.912836547398789611e-01,1.877699229539347980e-01,1.840833556522313286e-01,1.803024407223406955e-01,1.765055774274184031e-01,1.727646351580818251e-01,1.691394958827461825e-01,1.656740896936816365e-01,1.623942126431132116e-01,1.593072579526974009e-01,1.564038625636940960e-01,1.536613172971579289e-01,1.510483760385979979e-01,1.485308426832151474e-01,1.460770899223738928e-01,1.436625842724881807e-01,1.412726478924397067e-01,1.389030805421945236e-01,1.365587781268544076e-01,1.342509297406724866e-01,1.319935873607738230e-01,1.298003002531056826e-01,1.276809675029280111e-01,1.256355665049629367e-01,1.238133359183183901e-01,1.220400354467268689e-01,1.203288539497497367e-01,1.186855206737927326e-01,1.171055376795670511e-01,1.155810604065556912e-01,1.141026994023191521e-01,1.126602066418174175e-01,1.112426000490138733e-01,1.098374729283559392e-01,1.084217615543641156e-01,1.070909014751003085e-01,1.057220964178282596e-01,1.043126208224731677e-01,1.028514998153305937e-01,1.013256809355284616e-01,9.972201632761457102e-02,9.802866119137454426e-02,9.623662179791220295e-02
7.623655913978495402e-01,8.755204010655442959e-02,8.853014262353747776e-02,8.943354520972485178e-02,9.027293326166457854e-02,9.106506739674269379e-02,9.183179545781616770e-02,9.259867845574881740e-02,9.339349622113196636e-02,9.424408783888510444e-02,9.523111919141413750e-02,9.635056888424492483e-02,9.760358685570924564e-02,9.902521683544240894e-02,1.006458741366271781e-01,1.024934503877072411e-01,1.045923301013371720e-01,1.069611095354158770e-01,1.096077313670991149e-01,1.124970814223119064e-01,1.157554333064594876e-01,1.194285925474765087e-01,1.234727689634732006e-01,1.279163865583293203e-01,1.327967239115300790e-01,1.381574354368692581e-01,1.440423780090250849e-01,1.504861829540690699e-01,1.575035089053717363e-01,1.650797279105966631e-01,1.731656844991918409e-01,1.816781320512748654e-01,1.905058817469856836e-01,1.995201904472890253e-01,2.085869911444175884e-01,2.175784660063470044e-01,2.263820593125974723e-01,2.349059765597696359e-01,2.430811377220589709e-01,2.508601963346771546e-01,2.582145292633529765e-01,2.651301085525384904e-01,2.716030094170859277e-01,2.776351046249757593e-01,2.832303237414586228e-01,2.883917479194105793e-01,2.931197576642691205e-01,2.974114112170584967e-01,3.012611466959033146e-01,3.046627201010226882e-01,3.076120000120478593e-01,3.101098860883623187e-01,3.121642937129140427e-01,3.137898922382381661e-01,3.150038795994220542e-01,3.158144917085996539e-01,3.161917918002458694e-01,3.159696157002458983e-01,3.140467080259883859e-01,2.961081003239003917e-01,2.904220739247470040e-01,2.872932077271024842e-01,2.856254266298956512e-01,2.850962859885803891e-01,2.856254266298963729e-01,2.872932077271042606e-01,2.904220739247481142e-01,2.961081003238962839e-01,3.140467080259864430e-01,3.159696157002437333e-01,3.161917918002434824e-01,3.158144917085980996e-01,3.150038795994192786e-01,3.137898922382457711e-01,3.121642937129121553e-01,3.101098860883591546e-01,3.076120000120486919e-01,3.046627201010221886e-01,3.012611466959017603e-01,2.974114112170582191e-01,2.931197576642709524e-01,2.883917479194134659e-01,2.832303237414585118e-01,2.776351046249753152e-01,2.716030094170867049e-01,2.651301085525410439e-01,2.582145292633534206e-01,2.508601963346797081e-01,2.430811377220593039e-01,2.349059765597707461e-01,2.263820593125982494e-01,2.175784660063471154e-01,2.085869911444183655e-01,1.995201904472877485e-01,1.905058817469845733e-01,1.816781320512783626e-01,1.731656844991911748e-01,1.650797279105981064e-01,1.575035089053718473e-01,1.504861829540696250e-01,1.440423780090238637e-01,1.381574354368714785e-01,1.327967239115312448e-01,1.279163865583299864e-01,1.234727689634740333e-01,1.194285925474767862e-01,1.157554333064597651e-01,1.124970814223129612e-01,1.096077313671011133e-01,1.069611095354162655e-01,1.045923301013372275e-01,1.024934503877075742e-01,1.006458741366271226e-01,9.902521683544313058e-02,9.760358685570946768e-02,9.635056888424481381e-02,9.523111919141413750e-02,9.424408783888621466e-02,9.339349622113174432e-02,9.259867845574898393e-02,9.183179545781611219e-02,9.106506739674480322e-02,9.027293326166502263e-02,8.943354520972240929e-02,8.853014262353559038e-02,8.755204010655459612e-02
7.666666666666667185e-01,8.693734546842041278e-02,8.757914812529971060e-02,8.811382394800176820e-02,8.855008249997664560e-02,8.890750907327499286e-02,8.921679561855833107e-02,8.951864760905525742e-02,8.986152708132899569e-02,9.029842036412660811e-02,9.087608148974868350e-02,9.176921656178332887e-02,9.289207868361082365e-02,9.430393389420066441e-02,9.604962457549870436e-02,9.816436836018710421e-02,1.006727707973903985e-01,1.035858490905535723e-01,1.068900957153841591e-01,1.106324672755878979e-01,1.150485167590608038e-01,1.199981225334844637e-01,1.255055145223305524e-01,1.315762065758850907e-01,1.381893286824559253e-01,1.452905850302466662e-01,1.527911149594413098e-01,1.605737737299638423e-01,1.685054354122540454e-01,1.764518920280356840e-01,1.842915243479350540e-01,1.919249908437404839e-01,1.992799023798147440e-01,2.063109643323375320e-01,2.129969193916475545e-01,2.193358018966264922e-01,2.253397551508146135e-01,2.310302371803678589e-01,2.364340347584527047e-01,2.415802045592421177e-01,2.464978756920434000e-01,2.512147563987641163e-01,2.557561581260201500e-01,2.601443567449353012e-01,2.643981374278155938e-01,2.685324099326287239e-01,2.725578346626555959e-01,2.764804690444182533e-01,2.803015271462252489e-01,2.840174310335148444e-01,2.876203916823789619e-01,2.910997468580986958e-01,2.944441597236386876e-01,2.976445291992523279e-01,3.006971121865201768e-01,3.036059450086708855e-01,3.063829814203355983e-01,3.090417933846725251e-01,3.115609854015646274e-01,3.034835051311736698e-01,2.942569831898835253e-01,2.903402468493249122e-01,2.883930899990096441e-01,2.877906984465332663e-01,2.883930899990123087e-01,2.903402468493297417e-01,2.942569831898813604e-01,3.034835051311736143e-01,3.115609854015650715e-01,3.090417933846735243e-01,3.063829814203378188e-01,3.036059450086665557e-01,3.006971121865210650e-01,2.976445291992527720e-01,2.944441597236414632e-01,2.910997468581033587e-01,2.876203916823729667e-01,2.840174310335105146e-01,2.803015271462295788e-01,2.764804690444204738e-01,2.725578346626571502e-01,2.685324099326329428e-01,2.643981374278250307e-01,2.601443567449379657e-01,2.557561581260269223e-01,2.512147563987581211e-01,2.464978756920405134e-01,2.415802045592376768e-01,2.364340347584501512e-01,2.310302371803683030e-01,2.253397551508163899e-01,2.193358018966246048e-01,2.129969193916464443e-01,2.063109643323368658e-01,1.992799023798160762e-01,1.919249908437378194e-01,1.842915243479312792e-01,1.764518920280380154e-01,1.685054354122524911e-01,1.605737737299637313e-01,1.527911149594389784e-01,1.452905850302466106e-01,1.381893286824563138e-01,1.315762065758859789e-01,1.255055145223308299e-01,1.199981225334842971e-01,1.150485167590606372e-01,1.106324672755894523e-01,1.068900957153857134e-01,1.035858490905530171e-01,1.006727707973926189e-01,9.816436836018599399e-02,9.604962457549859334e-02,9.430393389419944317e-02,9.289207868360987996e-02,9.176921656178343989e-02,9.087608148974807287e-02,9.029842036412888406e-02,8.986152708132733036e-02,8.951864760905486884e-02,8.921679561855888618e-02,8.890750907327721331e-02,8.855008249997664560e-02,8.811382394800054696e-02,8.757914812529626891e-02,8.693734546842168953e-02
7.709677419354838968e-01,1.005808724023339318e-01,1.007817764259342774e-01,1.007396300649272547e-01,1.004190054611594496e-01,9.980153051356244198e-02,9.889748275933818444e-02,9.775773054724778977e-02,9.648241015277714272e-02,9.522126506276057389e-02,9.415729294998165244e-02,9.347370613858957400e-02,9.363913978981608377e-02,9.456749003896813832e-02,9.632795515103154127e-02,9.892205748621779593e-02,1.022804961560744852e-01,1.062738450527020984e-01,1.106867503236777517e-01,1.157560744369919292e-01,1.209892664911862425e-01,1.262725918017874593e-01,1.314844829649382540e-01,1.365332692332208997e-01,1.413595368522164719e-01,1.459327189991092011e-01,1.502451896203307324e-01,1.543058044805597495e-01,1.581340513341207288e-01,1.617553431860208057e-01,1.651975590307346309e-01,1.684886993895524654e-01,1.716554296999345253e-01,1.747222762529799800e-01,1.777112715434416845e-01,1.806418925243210571e-01,1.835311795601416440e-01,1.863939610975405836e-01,1.892431374788475784e-01,1.920899977238833545e-01,1.949445569328707162e-01,1.978159105427429454e-01,2.007126059028070397e-01,2.036430318859473454e-01,2.066158233300438019e-01,2.096402683343794315e-01,2.127266918510439808e-01,2.158867678253163502e-01,2.191336847507725505e-01,2.224820594049448097e-01,2.259474704782994392e-01,2.295454883125760404e-01,2.332901451593227815e-01,2.371919772699278006e-01,2.412561516108422399e-01,2.454818856517797521e-01,2.498657167166832282e-01,2.544147993773010485e-01,2.591931062834359478e-01,2.646058361948038229e-01,2.586711438603745972e-01,2.558181007054998179e-01,2.547162371700186778e-01,2.544095287909411418e-01,2.547162371700207872e-01,2.558181007055013723e-01,2.586711438603723767e-01,2.646058361948027127e-01,2.591931062834380572e-01,2.544147993773062666e-01,2.498657167166800086e-01,2.454818856517766434e-01,2.412561516108416848e-01,2.371919772699279116e-01,2.332901451593231146e-01,2.295454883125777057e-01,2.259474704783003274e-01,2.224820594049418121e-01,2.191336847507758812e-01,2.158867678253149069e-01,2.127266918510449800e-01,2.096402683343789874e-01,2.066158233300434688e-01,2.036430318859482336e-01,2.007126059028094822e-01,1.978159105427402809e-01,1.949445569328679406e-01,1.920899977238829104e-01,1.892431374788473564e-01,1.863939610975399175e-01,1.835311795601418661e-01,1.806418925243237217e-01,1.777112715434432388e-01,1.747222762529798690e-01,1.716554296999353024e-01,1.684886993895524654e-01,1.651975590307336317e-01,1.617553431860188073e-01,1.581340513341210618e-01,1.543058044805587503e-01,1.502451896203317316e-01,1.459327189991094231e-01,1.413595368522134743e-01,1.365332692332187903e-01,1.314844829649367552e-01,1.262725918017843507e-01,1.209892664911870752e-01,1.157560744369918737e-01,1.106867503236799721e-01,1.062738450527040968e-01,1.022804961560754289e-01,9.892205748621785144e-02,9.632795515103259598e-02,9.456749003896802730e-02,9.363913978981636133e-02,9.347370613859190547e-02,9.415729294998137489e-02,9.522126506276057389e-02,9.648241015277675414e-02,9.775773054724667954e-02,9.889748275933796240e-02,9.980153051356316363e-02,1.004190054611610039e-01,1.007396300649288645e-01,1.007817764259338889e-01,1.005808724023347644e-01
7.752688172043011861e-01,1.090220377199664914e-01,1.092781257443064535e-01,1.092375479328496768e-01,1.088317495412646774e-01,1.080025406682026956e-01,1.067182872874697375e-01,1.049954034340581099e-01,1.029217322004067903e-01,1.006739895324370027e-01,9.851667632182964374e-02,9.675310862625335906e-02,9.570985100144491220e-02,9.592570155906032792e-02,9.731122567775551957e-02,9.980881504526079029e-02,1.032320488953045179e-01,1.073025371198695344e-01,1.117562517074924822e-01,1.164416060673045816e-01,1.210843819692554724e-01,1.255463651589158736e-01,1.297486417844899154e-01,1.336596161587681464e-01,1.372807810057162792e-01,1.406339563926879421e-01,1.437514984287763253e-01,1.466695931975882106e-01,1.494241110680092355e-01,1.520483299289218104e-01,1.545719018509961185e-01,1.570205826278266992e-01,1.594163902460671300e-01,1.617779771242968678e-01,1.641210866908152655e-01,1.664590236979616167e-01,1.688031030784874487e-01,1.711630661489255134e-01,1.735474662537818125e-01,1.759640337943154664e-01,1.784200353579094012e-01,1.809226443802660622e-01,1.834793421661687907e-01,1.860983681950016955e-01,1.887892368814548805e-01,1.915633330830792680e-01,1.944345884569624872e-01,1.974202218591490920e-01,2.005414944437764468e-01,2.038243775946517733e-01,2.072999526009779991e-01,2.110042517184201882e-01,2.149771201098445994e-01,2.192595680499074273e-01,2.238891008103544022e-01,2.288928958464160335e-01,2.342799270240020215e-01,2.400363590689061910e-01,2.461381193177558657e-01,2.526439323710648610e-01,2.568761581088399026e-01,2.527248243276897233e-01,2.521275902901405352e-01,2.520480462864334026e-01,2.521275902901410904e-01,2.527248243276943862e-01,2.568761581088404577e-01,2.526439323710707452e-01,2.461381193177559767e-01,2.400363590689109650e-01,2.342799270240008003e-01,2.288928958464160335e-01,2.238891008103536251e-01,2.192595680499068722e-01,2.149771201098437112e-01,2.110042517184184119e-01,2.072999526009738913e-01,2.038243775946544378e-01,2.005414944437772240e-01,1.974202218591486480e-01,1.944345884569661509e-01,1.915633330830768255e-01,1.887892368814561017e-01,1.860983681950003632e-01,1.834793421661694568e-01,1.809226443802633977e-01,1.784200353579074028e-01,1.759640337943148003e-01,1.735474662537820345e-01,1.711630661489280669e-01,1.688031030784876707e-01,1.664590236979615057e-01,1.641210866908144883e-01,1.617779771242985332e-01,1.594163902460682403e-01,1.570205826278275874e-01,1.545719018509981169e-01,1.520483299289222545e-01,1.494241110680109008e-01,1.466695931975867673e-01,1.437514984287747155e-01,1.406339563926883307e-01,1.372807810057163347e-01,1.336596161587672582e-01,1.297486417844891382e-01,1.255463651589148744e-01,1.210843819692576928e-01,1.164416060673026387e-01,1.117562517074923156e-01,1.073025371198710887e-01,1.032320488953061832e-01,9.980881504526112336e-02,9.731122567775774002e-02,9.592570155906016138e-02,9.570985100144524527e-02,9.675310862625285946e-02,9.851667632182925516e-02,1.006739895324386125e-01,1.029217322004086776e-01,1.049954034340622733e-01,1.067182872874691824e-01,1.080025406682064149e-01,1.088317495412642888e-01,1.092375479328489551e-01,1.092781257443070086e-01,1.090220377199679902e-01
7.795698924731182533e-01,1.198345888514881219e-01,1.202583856784500416e-01,1.202923540476310560e-01,1.198386526296548737e-01,1.188110399494348157e-01,1.171565501406501286e-01,1.148836311632657758e-01,1.120917213129754564e-01,1.089924415862325024e-01,1.059093984910036701e-01,1.032449242650057553e-01,1.012533657116964636e-01,1.005366354636915704e-01,1.012548464811784399e-01,1.033010597660170005e-01,1.064210356050270812e-01,1.101757247008333662e-01,1.142896585096279671e-01,1.184605963548762131e-01,1.224322453370432218e-01,1.260720189395834190e-01,1.293354521819548020e-01,1.322366151186181171e-01,1.348214573372023550e-01,1.371483181466655599e-01,1.392759267268818824e-01,1.412572330409983534e-01,1.431370467615670217e-01,1.449518350142757761e-01,1.467305659213348212e-01,1.484959376728088865e-01,1.502656448474821715e-01,1.520535240665021881e-01,1.538705268079205712e-01,1.557255207914274298e-01,1.576259450423063146e-01,1.595783536044963480e-01,1.615888837087267049e-01,1.636636828730755333e-01,1.658093297480932593e-01,1.680332818998631073e-01,1.703443845681077429e-01,1.727534757837544399e-01,1.752741246822789867e-01,1.779235399577470123e-01,1.807236814665033053e-01,1.837025951869900586e-01,1.868959617054958278e-01,1.903487871226620110e-01,1.941170505087824738e-01,1.982689212553319091e-01,2.028848323556109445e-01,2.080552093964317395e-01,2.138740363287320312e-01,2.204258964915204455e-01,2.277643027433754463e-01,2.358815601824144625e-01,2.446786105026729219e-01,2.539693215391914949e-01,2.637217482396613244e-01,2.650694279766698802e-01,2.654687285007127917e-01,2.658925607532403035e-01,2.654687285007213404e-01,2.650694279766754313e-01,2.637217482396626567e-01,2.539693215391886083e-01,2.446786105026617086e-01,2.358815601824180153e-01,2.277643027433803313e-01,2.204258964915196684e-01,2.138740363287358059e-01,2.080552093964332938e-01,2.028848323556089461e-01,1.982689212553342406e-01,1.941170505087826959e-01,1.903487871226609007e-01,1.868959617054936073e-01,1.837025951869898366e-01,1.807236814665016400e-01,1.779235399577455690e-01,1.752741246822796528e-01,1.727534757837509982e-01,1.703443845681078539e-01,1.680332818998622191e-01,1.658093297480933703e-01,1.636636828730743121e-01,1.615888837087241514e-01,1.595783536044969031e-01,1.576259450423073138e-01,1.557255207914255424e-01,1.538705268079185728e-01,1.520535240665020771e-01,1.502656448474831707e-01,1.484959376728098857e-01,1.467305659213370417e-01,1.449518350142752765e-01,1.431370467615667996e-01,1.412572330409986865e-01,1.392759267268810497e-01,1.371483181466671142e-01,1.348214573372009117e-01,1.322366151186165073e-01,1.293354521819530811e-01,1.260720189395870272e-01,1.224322453370422781e-01,1.184605963548797658e-01,1.142896585096291884e-01,1.101757247008350871e-01,1.064210356050277473e-01,1.033010597660181107e-01,1.012548464811792726e-01,1.005366354636925696e-01,1.012533657116989061e-01,1.032449242650048116e-01,1.059093984910045583e-01,1.089924415862318918e-01,1.120917213129746792e-01,1.148836311632662199e-01,1.171565501406495735e-01,1.188110399494321512e-01,1.198386526296558729e-01,1.202923540476308895e-01,1.202583856784489313e-01,1.198345888514879554e-01
7.838709677419355426e-01,1.407283599166223587e-01,1.371042191508574093e-01,1.326023549757485709e-01,1.275533864069000045e-01,1.223452850896994959e-01,1.173473367707904003e-01,1.128504548131154528e-01,1.090408232158925905e-01,1.060054160441369908e-01,1.037564448776690518e-01,1.022602482912994826e-01,1.014549750397596428e-01,1.012532629170810883e-01,1.017797998360173706e-01,1.029188321424118757e-01,1.046487020665923806e-01,1.069148598358315438e-01,1.097994153687359420e-01,1.132116204848504504e-01,1.170289281856901620e-01,1.210647305769481652e-01,1.250800528809357104e-01,1.288274381619984865e-01,1.321104452139614804e-01,1.348287114783331408e-01,1.369864064371409951e-01,1.386663323598087416e-01,1.399898815509739713e-01,1.410825419276425796e-01,1.420535105901092332e-01,1.429883066015552595e-01,1.439495050036113666e-01,1.449810813676765675e-01,1.461135578411267844e-01,1.473686413220170466e-01,1.487629563800845212e-01,1.503109093219853754e-01,1.520268718223916071e-01,1.539268885414675769e-01,1.560300750322904939e-01,1.583597983683068255e-01,1.609446532528163720e-01,1.638191210931150277e-01,1.670236175901702591e-01,1.706033553972339245e-01,1.746050403289750586e-01,1.790698938552113262e-01,1.840210048237562734e-01,1.894430466416299197e-01,1.952540134098882385e-01,2.012734199815487957e-01,2.072002701355163401e-01,2.126238501033571593e-01,2.170902353281543018e-01,2.202237245992695325e-01,2.218593375389542599e-01,2.221167859530694955e-01,2.213755940413532075e-01,2.201788490400640175e-01,2.191497949286055347e-01,2.192049254836710981e-01,2.137624769992320095e-01,2.127218388083922385e-01,2.137624769992301221e-01,2.192049254836668792e-01,2.191497949286048685e-01,2.201788490400631293e-01,2.213755940413608680e-01,2.221167859530740474e-01,2.218593375389544819e-01,2.202237245992699766e-01,2.170902353281568553e-01,2.126238501033568262e-01,2.072002701355135645e-01,2.012734199815471303e-01,1.952540134098902369e-01,1.894430466416318071e-01,1.840210048237563845e-01,1.790698938552129915e-01,1.746050403289785002e-01,1.706033553972352568e-01,1.670236175901705922e-01,1.638191210931138064e-01,1.609446532528172602e-01,1.583597983683053823e-01,1.560300750322892727e-01,1.539268885414669108e-01,1.520268718223903304e-01,1.503109093219882619e-01,1.487629563800850208e-01,1.473686413220188229e-01,1.461135578411276725e-01,1.449810813676739030e-01,1.439495050036075918e-01,1.429883066015556481e-01,1.420535105901092887e-01,1.410825419276425241e-01,1.399898815509728056e-01,1.386663323598085751e-01,1.369864064371407175e-01,1.348287114783334739e-01,1.321104452139600927e-01,1.288274381620011511e-01,1.250800528809350998e-01,1.210647305769489424e-01,1.170289281856908836e-01,1.132116204848509500e-01,1.097994153687363861e-01,1.069148598358313773e-01,1.046487020665926582e-01,1.029188321424113761e-01,1.017797998360183143e-01,1.012532629170808662e-01,1.014549750397584771e-01,1.022602482912974842e-01,1.037564448776683856e-01,1.060054160441370463e-01,1.090408232158935897e-01,1.128504548131153418e-01,1.173473367707913440e-01,1.223452850897017163e-01,1.275533864068983947e-01,1.326023549757480158e-01,1.371042191508555219e-01,1.407283599166219146e-01
7.881720430107527209e-01,1.312062833239200366e-01,1.255736764651090853e-01,1.200875774216662584e-01,1.150507601602518970e-01,1.106572590646693888e-01,1.069965629389322825e-01,1.040769099594794911e-01,1.018541382754841740e-01,1.002571858211274702e-01,9.920653237984544681e-02,9.862495720219255357e-02,9.843862317002766149e-02,9.849708518160088522e-02,9.909834388284149975e-02,1.000414552009683544e-01,1.012773827699456897e-01,1.029011650925741317e-01,1.049099503288977164e-01,1.073083495135558341e-01,1.101043839482042652e-01,1.132879960976411193e-01,1.168120099910183729e-01,1.205755787517910349e-01,1.244198133129562622e-01,1.281463058161259605e-01,1.315598909809994610e-01,1.345198950338933885e-01,1.369741298045124012e-01,1.389595878675408680e-01,1.405753273073280241e-01,1.419464675231387751e-01,1.431955869642311252e-01,1.444274374089226098e-01,1.457249060407863062e-01,1.471515313845522810e-01,1.487566165208055735e-01,1.505806105019965035e-01,1.526597156924493492e-01,1.550293731219772875e-01,1.577265045537411536e-01,1.607903084681341355e-01,1.642611251640943570e-01,1.681764261867332855e-01,1.725624465439490329e-01,1.774195546100046372e-01,1.826997274757716228e-01,1.882766187938477165e-01,1.939142081843399090e-01,1.992493139685411752e-01,2.038120329124222252e-01,2.071046104259192111e-01,2.087311499029651518e-01,2.085269775170711659e-01,2.066175275409992684e-01,2.033742219681062835e-01,1.993011637558244065e-01,1.949195827400815872e-01,1.906970653524476811e-01,1.870301567854728564e-01,1.842703418705451401e-01,1.828251138071270709e-01,1.799078830606714030e-01,1.784936311949891774e-01,1.799078830606742896e-01,1.828251138071250725e-01,1.842703418705441409e-01,1.870301567854772973e-01,1.906970653524466819e-01,1.949195827400865833e-01,1.993011637558226301e-01,2.033742219681056174e-01,2.066175275410011558e-01,2.085269775170708328e-01,2.087311499029664841e-01,2.071046104259169907e-01,2.038120329124233354e-01,1.992493139685422854e-01,1.939142081843396870e-01,1.882766187938470503e-01,1.826997274757707346e-01,1.774195546100025833e-01,1.725624465439468680e-01,1.681764261867374488e-01,1.642611251640944681e-01,1.607903084681343575e-01,1.577265045537404875e-01,1.550293731219763438e-01,1.526597156924480725e-01,1.505806105019960039e-01,1.487566165208066837e-01,1.471515313845554451e-01,1.457249060407854735e-01,1.444274374089232205e-01,1.431955869642309587e-01,1.419464675231391637e-01,1.405753273073276910e-01,1.389595878675380369e-01,1.369741298045124567e-01,1.345198950338943322e-01,1.315598909810031247e-01,1.281463058161252389e-01,1.244198133129552075e-01,1.205755787517926447e-01,1.168120099910188170e-01,1.132879960976442835e-01,1.101043839482042097e-01,1.073083495135530030e-01,1.049099503288975499e-01,1.029011650925754640e-01,1.012773827699451901e-01,1.000414552009678548e-01,9.909834388284222140e-02,9.849708518160105175e-02,9.843862317002771700e-02,9.862495720219255357e-02,9.920653237984716766e-02,1.002571858211269706e-01,1.018541382754831193e-01,1.040769099594796021e-01,1.069965629389320605e-01,1.106572590646740517e-01,1.150507601602573371e-01,1.200875774216654257e-01,1.255736764651076420e-01,1.312062833239208137e-01
7.924731182795698992e-01,1.081855461057661949e-01,1.052569967460310063e-01,1.029339064564022133e-01,1.011465416475322288e-01,9.981780017435426533e-02,9.887244606001094338e-02,9.824216312589140188e-02,9.786764046018658902e-02,9.769866607618887810e-02,9.769275698509571892e-02,9.781201685601964568e-02,9.801489991545953018e-02,9.821059484612681967e-02,9.834300739888168774e-02,9.900607044162862413e-02,9.988253538800906384e-02,1.009147704719849381e-01,1.020824079826092579e-01,1.033935985662165491e-01,1.048609410439513279e-01,1.065021612315370514e-01,1.083399091254692581e-01,1.104007873925207939e-01,1.127130051511488484e-01,1.153018700977864741e-01,1.181825506610245657e-01,1.213505958194966428e-01,1.247729343406357438e-01,1.283848156669639695e-01,1.320988284669897816e-01,1.358275366254835248e-01,1.395121799826645748e-01,1.431436988968305402e-01,1.467662147176692633e-01,1.504640422538430777e-01,1.543410762356129950e-01,1.585007822785229892e-01,1.630295342988803409e-01,1.679811666889294286e-01,1.733587409669222756e-01,1.790906751636301975e-01,1.850025238359493396e-01,1.907932314539370622e-01,1.960342783586166981e-01,2.002148996789544499e-01,2.028440523115276339e-01,2.035843224105953198e-01,2.023555533890134539e-01,1.993481753791105371e-01,1.949400837539205789e-01,1.895701547965742417e-01,1.836336294787914714e-01,1.774320422647867046e-01,1.711729345358899979e-01,1.649977977137507823e-01,1.590183660472773708e-01,1.533495809160511092e-01,1.481347105421723098e-01,1.435627772302937588e-01,1.398829231854858968e-01,1.374346401306343335e-01,1.369266126302395303e-01,1.346383156411289361e-01,1.369266126302361997e-01,1.374346401306353327e-01,1.398829231854864519e-01,1.435627772302919825e-01,1.481347105421717547e-01,1.533495809160523304e-01,1.590183660472808125e-01,1.649977977137531138e-01,1.711729345358945498e-01,1.774320422647857054e-01,1.836336294787935808e-01,1.895701547965726874e-01,1.949400837539182474e-01,1.993481753791103150e-01,2.023555533890116775e-01,2.035843224105938765e-01,2.028440523115248584e-01,2.002148996789547830e-01,1.960342783586132565e-01,1.907932314539366736e-01,1.850025238359507829e-01,1.790906751636305860e-01,1.733587409669280488e-01,1.679811666889267641e-01,1.630295342988832830e-01,1.585007822785267639e-01,1.543410762356085542e-01,1.504640422538418565e-01,1.467662147176713727e-01,1.431436988968296520e-01,1.395121799826656850e-01,1.358275366254806382e-01,1.320988284669901702e-01,1.283848156669637475e-01,1.247729343406372426e-01,1.213505958194960876e-01,1.181825506610257315e-01,1.153018700977868627e-01,1.127130051511495701e-01,1.104007873925204608e-01,1.083399091254709790e-01,1.065021612315358301e-01,1.048609410439545475e-01,1.033935985662158830e-01,1.020824079826101460e-01,1.009147704719847716e-01,9.988253538800906384e-02,9.900607044162890169e-02,9.834300739888268694e-02,9.821059484612909563e-02,9.801489991546197267e-02,9.781201685601925711e-02,9.769275698509499728e-02,9.769866607619165366e-02,9.786764046018681107e-02,9.824216312589123534e-02,9.887244606001066582e-02,9.981780017435598618e-02,1.011465416475337276e-01,1.029339064564027129e-01,1.052569967460326161e-01,1.081855461057631418e-01
7.967741935483871885e-01,9.076034086328499395e-02,8.949079161122502901e-02,8.856515643203566324e-02,8.791953246601152960e-02,8.749839681900545285e-02,8.725516773067348852e-02,8.715173166670608929e-02,8.715737118841682118e-02,8.724731976785876642e-02,8.740093845664625993e-02,8.759907940573952168e-02,8.781874090784153042e-02,8.801419217831746300e-02,8.776871542850356311e-02,8.825273720334314564e-02,8.896132810737611418e-02,8.975731908686668259e-02,9.064384471134812049e-02,9.162341198122342378e-02,9.270175666967161998e-02,9.388809496219779893e-02,9.519556263156730980e-02,9.664189093287395282e-02,9.825023560585222082e-02,1.000499924142524977e-01,1.020772711460393167e-01,1.043744499564648875e-01,1.069879617452069165e-01,1.099634138670224082e-01,1.133377817738255855e-01,1.171301974627815823e-01,1.213353551749705717e-01,1.259245719116284246e-01,1.308561753009527262e-01,1.360896167337907192e-01,1.415923627900851356e-01,1.473306888938796244e-01,1.532432781872926641e-01,1.592042140183403953e-01,1.649875888302399507e-01,1.702515127088495839e-01,1.745632679939240761e-01,1.774800554052343160e-01,1.786714031961894045e-01,1.780304892504039893e-01,1.757099725011957991e-01,1.720592191723383513e-01,1.675030486512565364e-01,1.624288346161012475e-01,1.571243079070805404e-01,1.517683743344168112e-01,1.464547694503658404e-01,1.412270287822203763e-01,1.361111996742049302e-01,1.311404740797965651e-01,1.263705947502851146e-01,1.218871647127001134e-01,1.178071938745697267e-01,1.142782845772897238e-01,1.114807908099998413e-01,1.096450843961495059e-01,1.091412772778120877e-01,1.090329654805228810e-01,1.091412772778149742e-01,1.096450843961461752e-01,1.114807908099997302e-01,1.142782845772888356e-01,1.178071938745676173e-01,1.218871647126962277e-01,1.263705947502851146e-01,1.311404740797936785e-01,1.361111996742053742e-01,1.412270287822207093e-01,1.464547694503632869e-01,1.517683743344178104e-01,1.571243079070785420e-01,1.624288346161018026e-01,1.675030486512574246e-01,1.720592191723357978e-01,1.757099725011959102e-01,1.780304892503985492e-01,1.786714031961886828e-01,1.774800554052332058e-01,1.745632679939244647e-01,1.702515127088506941e-01,1.649875888302410054e-01,1.592042140183376198e-01,1.532432781872920535e-01,1.473306888938750725e-01,1.415923627900790294e-01,1.360896167337897755e-01,1.308561753009513384e-01,1.259245719116264817e-01,1.213353551749712933e-01,1.171301974627821929e-01,1.133377817738263627e-01,1.099634138670230188e-01,1.069879617452069720e-01,1.043744499564638328e-01,1.020772711460375959e-01,1.000499924142522756e-01,9.825023560585105509e-02,9.664189093287328669e-02,9.519556263157002984e-02,9.388809496219979733e-02,9.270175666967084283e-02,9.162341198122253560e-02,9.064384471134789845e-02,8.975731908686684912e-02,8.896132810737478191e-02,8.825273720334397831e-02,8.776871542850400720e-02,8.801419217831607522e-02,8.781874090784236309e-02,8.759907940573730123e-02,8.740093845664637096e-02,8.724731976785893295e-02,8.715737118841787590e-02,8.715173166670642235e-02,8.725516773067293341e-02,8.749839681900412058e-02,8.791953246601108551e-02,8.856515643203438648e-02,8.949079161122364123e-02,9.076034086328499395e-02
8.010752688172043667e-01,8.887416409887538560e-02,8.906047350863965928e-02,8.927394511913722130e-02,8.948961109429981464e-02,8.969169104569990614e-02,8.987154652077167238e-02,9.002578310989478583e-02,9.015449515694312632e-02,9.025958661429206442e-02,9.034298327488832214e-02,9.040424589082829421e-02,9.043606474408233398e-02,9.041126983701008868e-02,9.021186975804673658e-02,8.947606173581890143e-02,8.982048488864441405e-02,9.034844654575713285e-02,9.100227748460937294e-02,9.176997304857886784e-02,9.265036176779384292e-02,9.364718877168748401e-02,9.476754675131521255e-02,9.602153072564073577e-02,9.742239238693312098e-02,9.898696840457865687e-02,1.007362776052291853e-01,1.026961700936586674e-01,1.048977932627724319e-01,1.073773715206571833e-01,1.101743022615808143e-01,1.133258013811400122e-01,1.168554360963368621e-01,1.207525607714456384e-01,1.249415801951361260e-01,1.292463975557859301e-01,1.333667212158219928e-01,1.368926492360881264e-01,1.393777679587935303e-01,1.404594745023868829e-01,1.399747518202988372e-01,1.380087303554064504e-01,1.348510153120479615e-01,1.308908577317225430e-01,1.265090519592770302e-01,1.220085920048410988e-01,1.175928506912554683e-01,1.133771667925551618e-01,1.094146138932045043e-01,1.057220957344354728e-01,1.023001874959466595e-01,9.914537271470330593e-02,9.625593511494034971e-02,9.363362516861784002e-02,9.128314093542666541e-02,8.921098964329809977e-02,8.742475059751730893e-02,8.593333384718515600e-02,8.474866275471526489e-02,8.388950711214970823e-02,8.338964079227040305e-02,8.331848590746271377e-02,8.385952837191879006e-02,8.584133827386897231e-02,8.385952837192089948e-02,8.331848590746304684e-02,8.338964079227073611e-02,8.388950711214870903e-02,8.474866275471748533e-02,8.593333384718504497e-02,8.742475059751741995e-02,8.921098964329976511e-02,9.128314093542533314e-02,9.363362516861828411e-02,9.625593511494179300e-02,9.914537271470308388e-02,1.023001874959464930e-01,1.057220957344347512e-01,1.094146138932042822e-01,1.133771667925575488e-01,1.175928506912535254e-01,1.220085920048384343e-01,1.265090519592766416e-01,1.308908577317245969e-01,1.348510153120462962e-01,1.380087303554057288e-01,1.399747518202955621e-01,1.404594745023859947e-01,1.393777679587953067e-01,1.368926492360881264e-01,1.333667212158247684e-01,1.292463975557842093e-01,1.249415801951359040e-01,1.207525607714435290e-01,1.168554360963389716e-01,1.133258013811409559e-01,1.101743022615775947e-01,1.073773715206560175e-01,1.048977932627708776e-01,1.026961700936599997e-01,1.007362776052294628e-01,9.898696840457793522e-02,9.742239238693423120e-02,9.602153072563790470e-02,9.476754675131671135e-02,9.364718877168415334e-02,9.265036176779523069e-02,9.176997304858081073e-02,9.100227748461064969e-02,9.034844654575757694e-02,8.982048488864641245e-02,8.947606173581873490e-02,9.021186975804518227e-02,9.041126983701014419e-02,9.043606474407955842e-02,9.040424589082701745e-02,9.034298327488970992e-02,9.025958661428951091e-02,9.015449515694545779e-02,9.002578310989245436e-02,8.987154652077206096e-02,8.969169104569746365e-02,8.948961109429920402e-02,8.927394511913927522e-02,8.906047350863877110e-02,8.887416409887333169e-02
8.053763440860215450e-01,9.785123201910184143e-02,9.847263932483540927e-02,9.900066278568042666e-02,9.942458201653703309e-02,9.974364334251545339e-02,9.996437045888428852e-02,1.000981512446859067e-01,1.001591335036534636e-01,1.001624031545296778e-01,1.001223490626642065e-01,1.000510221657225363e-01,9.995624435302730149e-02,9.984158657765290767e-02,9.994486170413441339e-02,9.859484035862065010e-02,9.804709917532633545e-02,9.826290300564266555e-02,9.870959582532257137e-02,9.932416983400521593e-02,1.000867042727922596e-01,1.009902483637176163e-01,1.020333570334642781e-01,1.032173895206019987e-01,1.045452229619210915e-01,1.060204234233416698e-01,1.076464986193992890e-01,1.094260159148386369e-01,1.113593865347265455e-01,1.134430551643300644e-01,1.156667014626629464e-01,1.180088679187155654e-01,1.204302636905952850e-01,1.228641452591043848e-01,1.252042658703580447e-01,1.272937320480409529e-01,1.289227191377038118e-01,1.298466133081140894e-01,1.298324733651099461e-01,1.287260145441190273e-01,1.265107240585138237e-01,1.233251058909263786e-01,1.194255294125569078e-01,1.151151074979347988e-01,1.106746645949272523e-01,1.063210696160954427e-01,1.021967800576321084e-01,9.838023161509118486e-02,9.490420871956961602e-02,9.177346198901137342e-02,8.897787810233870331e-02,8.650085787645800384e-02,8.432400120032340629e-02,8.242947838364556024e-02,8.080120493352355160e-02,7.942557294698221471e-02,7.829221490184157251e-02,7.739516054365869202e-02,7.673486899863246613e-02,7.632223250889602628e-02,7.618791926912937829e-02,7.641140612343055860e-02,7.729771176212141270e-02,7.797460572241099452e-02,7.729771176212363315e-02,7.641140612342856020e-02,7.618791926912671375e-02,7.632223250889513810e-02,7.673486899863235511e-02,7.739516054365813691e-02,7.829221490183979615e-02,7.942557294698232573e-02,8.080120493352110911e-02,8.242947838364550472e-02,8.432400120032346180e-02,8.650085787645905855e-02,8.897787810234236705e-02,9.177346198901226160e-02,9.490420871956878335e-02,9.838023161508629988e-02,1.021967800576314978e-01,1.063210696160941660e-01,1.106746645949266417e-01,1.151151074979340216e-01,1.194255294125565192e-01,1.233251058909246023e-01,1.265107240585118809e-01,1.287260145441180281e-01,1.298324733651115004e-01,1.298466133081139784e-01,1.289227191377049220e-01,1.272937320480395096e-01,1.252042658703601541e-01,1.228641452591049399e-01,1.204302636905949520e-01,1.180088679187142331e-01,1.156667014626610035e-01,1.134430551643289542e-01,1.113593865347286549e-01,1.094260159148401357e-01,1.076464986193966245e-01,1.060204234233426690e-01,1.045452229619234230e-01,1.032173895206024983e-01,1.020333570334618911e-01,1.009902483637191706e-01,1.000867042727912049e-01,9.932416983400571553e-02,9.870959582532562449e-02,9.826290300564516356e-02,9.804709917532655750e-02,9.859484035862148277e-02,9.994486170413491299e-02,9.984158657765063172e-02,9.995624435302924438e-02,1.000510221657196497e-01,1.001223490626644286e-01,1.001624031545336746e-01,1.001591335036530750e-01,1.000981512446816879e-01,9.996437045888767470e-02,9.974364334251689668e-02,9.942458201653731065e-02,9.900066278568137035e-02,9.847263932483391047e-02,9.785123201910433943e-02
8.096774193548388343e-01,1.091490753572618710e-01,1.100131330410806796e-01,1.106762121091363071e-01,1.111425371398849227e-01,1.114269414684405102e-01,1.115515680843709445e-01,1.115429814069350822e-01,1.114298147498588021e-01,1.112410231683358397e-01,1.110048562660860827e-01,1.107490780570443145e-01,1.105057079644267692e-01,1.103707938837227842e-01,1.105274651007596698e-01,1.101560740012326733e-01,1.074208661080819915e-01,1.068605618375507160e-01,1.068104065359484212e-01,1.070208546009864814e-01,1.074216083591612581e-01,1.079805020915633462e-01,1.086782482286241525e-01,1.095004202131659721e-01,1.104340117190181214e-01,1.114656108141649504e-01,1.125803043011188165e-01,1.137610476102706714e-01,1.149884575898744155e-01,1.162410296300893098e-01,1.174956575787536872e-01,1.187279971525857514e-01,1.199116653543104150e-01,1.210147296806171058e-01,1.219920074145786071e-01,1.227732487648387494e-01,1.232508235115521433e-01,1.232750429057887231e-01,1.226674742464365364e-01,1.212582708719937008e-01,1.189410356491209519e-01,1.157234874621611009e-01,1.117465196140049466e-01,1.072575272531274271e-01,1.025495571575133491e-01,9.789564869114997236e-02,9.350447272820916478e-02,8.950591383047967753e-02,8.595961614209213231e-02,8.287409799692241341e-02,8.022662416409409580e-02,7.797897940784143112e-02,7.608808978482423102e-02,7.451232857085066108e-02,7.321485946923689259e-02,7.216525683893232346e-02,7.134036555466638507e-02,7.072518366644126031e-02,7.031467531152840733e-02,7.011836643529467672e-02,7.017390051738692236e-02,7.060452466011546413e-02,7.187006426036002260e-02,7.151178742789543463e-02,7.187006426035980056e-02,7.060452466011502004e-02,7.017390051738559009e-02,7.011836643529456570e-02,7.031467531152685302e-02,7.072518366644164889e-02,7.134036555466721774e-02,7.216525683892976994e-02,7.321485946923539379e-02,7.451232857085066108e-02,7.608808978482373142e-02,7.797897940783998783e-02,8.022662416409159780e-02,8.287409799692485590e-02,8.595961614209296497e-02,8.950591383047967753e-02,9.350447272820960887e-02,9.789564869115136014e-02,1.025495571575131271e-01,1.072575272531262613e-01,1.117465196140036143e-01,1.157234874621619891e-01,1.189410356491253928e-01,1.212582708719930347e-01,1.226674742464360923e-01,1.232750429057861696e-01,1.232508235115518103e-01,1.227732487648403037e-01,1.219920074145793842e-01,1.210147296806152184e-01,1.199116653543091937e-01,1.187279971525858624e-01,1.174956575787531321e-01,1.162410296300899759e-01,1.149884575898711958e-01,1.137610476102717261e-01,1.125803043011182059e-01,1.114656108141653390e-01,1.104340117190170667e-01,1.095004202131631965e-01,1.086782482286260398e-01,1.079805020915657887e-01,1.074216083591623683e-01,1.070208546009903672e-01,1.068104065359462007e-01,1.068605618375523814e-01,1.074208661080807148e-01,1.101560740012336725e-01,1.105274651007574493e-01,1.103707938837202862e-01,1.105057079644259366e-01,1.107490780570441480e-01,1.110048562660849725e-01,1.112410231683365058e-01,1.114298147498629099e-01,1.115429814069350822e-01,1.115515680843709445e-01,1.114269414684405657e-01,1.111425371398884754e-01,1.106762121091374174e-01,1.100131330410795694e-01,1.091490753572597616e-01
8.139784946236559016e-01,1.250268885918769390e-01,1.257193556565463499e-01,1.261554099117597749e-01,1.263529753907802755e-01,1.263376131486459442e-01,1.261404514389061204e-01,1.257961133673615173e-01,1.253410628503119906e-01,1.248127397641855540e-01,1.242501060788496758e-01,1.236978699104970825e-01,1.232292489598152407e-01,1.230483461058347050e-01,1.225753703222123292e-01,1.220954365591525037e-01,1.206267316553189528e-01,1.169763881329831112e-01,1.154544815561449056e-01,1.144031919455236745e-01,1.136146154363066318e-01,1.130060365018848989e-01,1.125331854184218328e-01,1.121687673678548602e-01,1.118953076424789028e-01,1.117026425831567638e-01,1.115872226174671189e-01,1.115520094552024943e-01,1.116061239390488957e-01,1.117634296489946610e-01,1.120392826449619905e-01,1.124450077724360453e-01,1.129804331423382990e-01,1.136258739351955205e-01,1.143357222917821270e-01,1.150355633457594839e-01,1.156233922172069661e-01,1.159739938764655642e-01,1.159452572420078820e-01,1.153866900165115839e-01,1.141526909802109691e-01,1.121240345782998915e-01,1.092382097191234580e-01,1.055220438595403376e-01,1.011118141723993391e-01,9.624460766876719031e-02,9.121612279785773492e-02,8.631923485419845665e-02,8.178907704953314317e-02,7.777434242124492414e-02,7.433777751363468411e-02,7.147563561462777493e-02,6.914292300750118914e-02,6.727548780928666039e-02,6.580555687317329872e-02,6.467102590790330119e-02,6.382034409815889875e-02,6.321513243341081445e-02,6.283280682085989888e-02,6.267294733238748528e-02,6.278051658408861924e-02,6.340588039671446463e-02,6.388469606603247586e-02,6.374771331880924041e-02,6.388469606603425222e-02,6.340588039671479770e-02,6.278051658408762004e-02,6.267294733238648607e-02,6.283280682085912172e-02,6.321513243341064792e-02,6.382034409815751097e-02,6.467102590790463346e-02,6.580555687317407587e-02,6.727548780928954697e-02,6.914292300750157771e-02,7.147563561462866311e-02,7.433777751363451758e-02,7.777434242124475761e-02,8.178907704953219948e-02,8.631923485419862319e-02,9.121612279785790145e-02,9.624460766876663520e-02,1.011118141723965635e-01,1.055220438595396715e-01,1.092382097191222368e-01,1.121240345783006687e-01,1.141526909802119683e-01,1.153866900165078091e-01,1.159452572420069938e-01,1.159739938764634548e-01,1.156233922172053008e-01,1.150355633457613713e-01,1.143357222917806837e-01,1.136258739351950764e-01,1.129804331423412966e-01,1.124450077724366004e-01,1.120392826449604362e-01,1.117634296489949941e-01,1.116061239390510051e-01,1.115520094552019392e-01,1.115872226174687842e-01,1.117026425831550984e-01,1.118953076424777926e-01,1.121687673678546382e-01,1.125331854184241642e-01,1.130060365018871749e-01,1.136146154363075200e-01,1.144031919455263946e-01,1.154544815561471260e-01,1.169763881329822230e-01,1.206267316553184532e-01,1.220954365591547242e-01,1.225753703222091096e-01,1.230483461058320405e-01,1.232292489598147411e-01,1.236978699104986368e-01,1.242501060788467337e-01,1.248127397641854430e-01,1.253410628503115465e-01,1.257961133673628495e-01,1.261404514389037335e-01,1.263376131486490528e-01,1.263529753907812192e-01,1.261554099117649375e-01,1.257193556565458503e-01,1.250268885918786599e-01
8.182795698924731909e-01,1.190735700718352219e-01,1.196280120896585086e-01,1.200018509682021506e-01,1.202029553934549910e-01,1.202437939148841006e-01,1.201416017674484249e-01,1.199177110770336951e-01,1.195967188823813809e-01,1.192061019355253326e-01,1.187772132347821863e-01,1.183512652531887865e-01,1.180341064057286449e-01,1.176214278778636713e-01,1.171577846224486352e-01,1.167283793606411213e-01,1.163715753798806873e-01,1.133252197507507719e-01,1.112074707470733226e-01,1.097799773696249703e-01,1.086628301151806308e-01,1.077463640023795799e-01,1.069827076084713946e-01,1.063484943153256701e-01,1.058334398860946157e-01,1.054356718359547029e-01,1.051589656066993506e-01,1.050100776800739766e-01,1.049953636670409862e-01,1.051165434370695539e-01,1.053662303278547485e-01,1.057245536026343302e-01,1.061583895424956792e-01,1.066239217809081818e-01,1.070716505155961951e-01,1.074515421855725128e-01,1.077158075175901342e-01,1.078179646711382444e-01,1.077085779640809537e-01,1.073294828512124655e-01,1.066091660613368575e-01,1.054624852409857816e-01,1.037980933789630633e-01,1.015360432285256076e-01,9.863477345593241186e-02,9.512053131959496977e-02,9.110591457010508432e-02,8.678381739768337155e-02,8.239320781836678709e-02,7.816910516318087421e-02,7.429817442779146353e-02,7.089597011159087803e-02,6.800802796190086319e-02,6.562632648333527330e-02,6.371039856040761062e-02,6.220591542368814064e-02,6.105820444994658480e-02,6.022145567292619406e-02,5.966655373543128249e-02,5.939465557282730401e-02,5.949055628341648472e-02,6.049748132051280258e-02,6.012245517380510051e-02,6.002344382246960208e-02,6.012245517380443438e-02,6.049748132051291361e-02,5.949055628341798352e-02,5.939465557282785912e-02,5.966655373542900653e-02,6.022145567292425117e-02,6.105820444994614071e-02,6.220591542368636429e-02,6.371039856040755511e-02,6.562632648333510677e-02,6.800802796189997501e-02,7.089597011158965678e-02,7.429817442778940961e-02,7.816910516318092972e-02,8.239320781836806384e-02,8.678381739768248337e-02,9.110591457010996930e-02,9.512053131959496977e-02,9.863477345593307799e-02,1.015360432285264958e-01,1.037980933789625082e-01,1.054624852409865587e-01,1.066091660613373016e-01,1.073294828512126875e-01,1.077085779640782892e-01,1.078179646711371342e-01,1.077158075175879137e-01,1.074515421855707364e-01,1.070716505155964171e-01,1.066239217809092921e-01,1.061583895424991209e-01,1.057245536026316657e-01,1.053662303278578571e-01,1.051165434370735507e-01,1.049953636670392099e-01,1.050100776800736435e-01,1.051589656066967970e-01,1.054356718359547029e-01,1.058334398860930614e-01,1.063484943153258921e-01,1.069827076084748363e-01,1.077463640023802460e-01,1.086628301151794096e-01,1.097799773696287451e-01,1.112074707470740442e-01,1.133252197507509940e-01,1.163715753798813535e-01,1.167283793606365694e-01,1.171577846224489128e-01,1.176214278778607292e-01,1.180341064057294775e-01,1.183512652531898413e-01,1.187772132347790777e-01,1.192061019355283857e-01,1.195967188823822136e-01,1.199177110770350274e-01,1.201416017674507564e-01,1.202437939148875423e-01,1.202029553934567674e-01,1.200018509681998746e-01,1.196280120896565102e-01,1.190735700718339451e-01
8.225806451612903691e-01,9.621454923098232692e-02,9.678663845102308816e-02,9.726761960679231045e-02,9.766248051468895408e-02,9.797437252024399079e-02,9.820606055609004681e-02,9.836114171226906233e-02,9.844485040096517814e-02,9.846456474368370237e-02,9.843042729557882620e-02,9.835771430727668907e-02,9.824451810544065911e-02,9.808284583536086565e-02,9.791023548441568636e-02,9.774322627293619004e-02,9.762371625226629046e-02,9.761596831775065652e-02,9.558784820429022666e-02,9.456370114258505488e-02,9.378394312511673103e-02,9.315962127618004907e-02,9.265978596513835264e-02,9.226932835104162400e-02,9.197690872165587006e-02,9.176946163379318122e-02,9.162934896956953512e-02,9.153372554576644227e-02,9.145634470769770097e-02,9.137152306766183063e-02,9.125897685331540998e-02,9.110761821865953625e-02,9.091682097966968801e-02,9.069491604776791505e-02,9.045584528918071410e-02,9.021528519657850964e-02,8.998718630032631616e-02,8.978104926162755461e-02,8.959978467060747409e-02,8.943780907616882825e-02,8.927906422774567474e-02,8.909483764932091265e-02,8.884159258999180242e-02,8.845951257076478669e-02,8.787313175793587394e-02,8.699608977982975500e-02,8.574219679962891139e-02,8.404370691652018888e-02,8.187420421164182116e-02,7.926855439863811359e-02,7.632939686370243670e-02,7.321306876754507531e-02,7.009791964598433012e-02,6.714791990739787941e-02,6.448617350635776901e-02,6.218574230595153018e-02,6.027602938164144941e-02,5.875855622693049174e-02,5.762824487529949469e-02,5.690881083235133087e-02,5.681949643947514783e-02,5.717177842342302529e-02,5.684765893048754348e-02,5.674344032390232773e-02,5.684765893048854268e-02,5.717177842342180405e-02,5.681949643947453721e-02,5.690881083235022064e-02,5.762824487530066042e-02,5.875855622692727209e-02,6.027602938164050572e-02,6.218574230595297347e-02,6.448617350635826861e-02,6.714791990739704675e-02,7.009791964598444114e-02,7.321306876754640758e-02,7.632939686370365795e-02,7.926855439863622621e-02,8.187420421164137707e-02,8.404370691651952274e-02,8.574219679962824525e-02,8.699608977983142033e-02,8.787313175793576292e-02,8.845951257076511975e-02,8.884159258999058117e-02,8.909483764932069061e-02,8.927906422774678497e-02,8.943780907616916132e-02,8.959978467060714102e-02,8.978104926162699950e-02,8.998718630032598309e-02,9.021528519657240341e-02,9.045584528918215739e-02,9.069491604776691585e-02,9.091682097967024312e-02,9.110761821865975829e-02,9.125897685331518794e-02,9.137152306766116450e-02,9.145634470769725688e-02,9.153372554577166031e-02,9.162934896956853592e-02,9.176946163379251509e-02,9.197690872165575904e-02,9.226932835104439956e-02,9.265978596514012899e-02,9.315962127618082622e-02,9.378394312511728614e-02,9.456370114258505488e-02,9.558784820428822826e-02,9.761596831775343208e-02,9.762371625227006522e-02,9.774322627293807741e-02,9.791023548441690760e-02,9.808284583535920031e-02,9.824451810544065911e-02,9.835771430727602294e-02,9.843042729558082460e-02,9.846456474368348033e-02,9.844485040096440098e-02,9.836114171227050562e-02,9.820606055608982476e-02,9.797437252024043808e-02,9.766248051469006430e-02,9.726761960679009000e-02,9.678663845102042362e-02,9.621454923098210488e-02
8.268817204301075474e-01,8.527243855434968323e-02,8.588620053171897029e-02,8.641600240982000303e-02,8.686627913496935971e-02,8.724161142884778730e-02,8.754641305467614210e-02,8.778497159591913679e-02,8.796176239170583333e-02,8.808194012673298268e-02,8.815216866343877911e-02,8.818485820445298717e-02,8.818153099269676609e-02,8.814131635683042365e-02,8.808216007131541847e-02,8.801791557830007662e-02,8.797128143699317615e-02,8.800537913395034550e-02,8.721905043971456273e-02,8.643286805158034714e-02,8.588983423329776823e-02,8.546897952294507661e-02,8.513281012788331825e-02,8.485851672149058444e-02,8.462513545523486780e-02,8.441047769614284935e-02,8.419202636111866589e-02,8.395000250212780735e-02,8.367098502205361221e-02,8.335039581251990626e-02,8.299277834990337332e-02,8.260993053076370884e-02,8.221786171710443458e-02,8.183372988564685535e-02,8.147350273832487666e-02,8.115052640960107588e-02,8.087480481128850318e-02,8.065265639519048069e-02,8.048643649855946602e-02,8.037409129840167310e-02,8.030838773339421532e-02,8.027573279450184174e-02,8.025457642010069836e-02,8.021352526781078129e-02,8.010953084183225492e-02,7.988689597327269798e-02,7.947834515704688130e-02,7.880983397043694882e-02,7.781065390686248140e-02,7.642901944494107092e-02,7.465032145095495952e-02,7.251158056769013704e-02,7.010418960106379327e-02,6.756068386136004911e-02,6.502923507458374663e-02,6.264638823597401540e-02,6.051909446146358507e-02,5.872227132884838552e-02,5.731550499197041182e-02,5.640592169262087507e-02,5.676526133952491948e-02,5.610033950129589275e-02,5.571366669509386638e-02,5.558672531689223817e-02,5.571366669509392189e-02,5.610033950129672542e-02,5.676526133952569664e-02,5.640592169261987587e-02,5.731550499196996773e-02,5.872227132884877410e-02,6.051909446146302995e-02,6.264638823597690198e-02,6.502923507458407970e-02,6.756068386135960502e-02,7.010418960106290509e-02,7.251158056768991500e-02,7.465032145095240601e-02,7.642901944493973865e-02,7.781065390686192629e-02,7.880983397043617167e-02,7.947834515704699232e-02,7.988689597327180980e-02,8.010953084183203288e-02,8.021352526780889391e-02,8.025457642010003223e-02,8.027573279450250787e-02,8.030838773339488146e-02,8.037409129840056288e-02,8.048643649855846682e-02,8.065265639518726104e-02,8.087480481128794807e-02,8.115052640960063179e-02,8.147350273832454359e-02,8.183372988564641126e-02,8.221786171710288027e-02,8.260993053076504111e-02,8.299277834990403946e-02,8.335039581251890706e-02,8.367098502205394528e-02,8.395000250212714121e-02,8.419202636111866589e-02,8.441047769614173912e-02,8.462513545523520087e-02,8.485851672149180569e-02,8.513281012788442847e-02,8.546897952294640888e-02,8.588983423329521472e-02,8.643286805157990305e-02,8.721905043971156513e-02,8.800537913395212186e-02,8.797128143699284308e-02,8.801791557829807822e-02,8.808216007131453029e-02,8.814131635683031263e-02,8.818153099269754325e-02,8.818485820445165491e-02,8.815216866343889013e-02,8.808194012673054019e-02,8.796176239170661049e-02,8.778497159592202337e-02,8.754641305467669721e-02,8.724161142884667708e-02,8.686627913496502984e-02,8.641600240982072467e-02,8.588620053171952540e-02,8.527243855434862851e-02
8.311827956989248367e-01,7.283575583665996556e-02,7.342223094942668116e-02,7.395146088904674953e-02,7.441943553940877365e-02,7.482398198204742723e-02,7.516524986910433359e-02,7.544576090230048493e-02,7.567017994717351037e-02,7.584535938416103740e-02,7.598294350870138381e-02,7.611994811555800045e-02,7.617683482972137377e-02,7.621183397137243354e-02,7.623278704936631289e-02,7.624754214328033353e-02,7.626573058760111046e-02,7.630400741415332977e-02,7.635025514079063491e-02,7.575986734202688755e-02,7.544736949138541870e-02,7.518141603104966375e-02,7.492221827856448968e-02,7.464809369865432753e-02,7.434515521446261044e-02,7.400654668734218955e-02,7.363269584668818979e-02,7.323057837103585932e-02,7.281179155859618390e-02,7.239008732089047271e-02,7.197916353006772461e-02,7.159119270799263468e-02,7.123614968174662998e-02,7.092173624489228612e-02,7.065363173369043626e-02,7.043584694056792550e-02,7.027104024070274235e-02,7.016072196983624831e-02,7.010531271514264251e-02,7.010403704219303478e-02,7.015463471545912988e-02,7.025286470279790141e-02,7.039177045613775885e-02,7.056067658793807595e-02,7.074390967879062853e-02,7.091929912885563958e-02,7.105664492413610311e-02,7.111656558041445919e-02,7.105046392559533075e-02,7.080269314596443486e-02,7.031613645696677128e-02,6.954191555071276287e-02,6.845241362411313979e-02,6.705439664607260042e-02,6.539706052838056838e-02,6.357049321762997529e-02,6.169454840276911156e-02,5.990542481143318332e-02,5.835908366285330606e-02,5.736155523529856692e-02,5.706628285871606643e-02,5.625026350544920506e-02,5.576084586188917447e-02,5.559785890167934230e-02,5.576084586188989611e-02,5.625026350544820586e-02,5.706628285871656603e-02,5.736155523529817835e-02,5.835908366285480486e-02,5.990542481143268372e-02,6.169454840276955565e-02,6.357049321762897609e-02,6.539706052837834793e-02,6.705439664607149020e-02,6.845241362411191854e-02,6.954191555071331798e-02,7.031613645696832560e-02,7.080269314596610020e-02,7.105046392559533075e-02,7.111656558041434817e-02,7.105664492413532596e-02,7.091929912885708287e-02,7.074390967879151670e-02,7.056067658793874209e-02,7.039177045613842498e-02,7.025286470279756834e-02,7.015463471545946295e-02,7.010403704219314580e-02,7.010531271514064411e-02,7.016072196983547116e-02,7.027104024070407462e-02,7.043584694056692630e-02,7.065363173368810479e-02,7.092173624488995465e-02,7.123614968174640794e-02,7.159119270799318979e-02,7.197916353006761359e-02,7.239008732088692000e-02,7.281179155859662799e-02,7.323057837103752465e-02,7.363269584668785672e-02,7.400654668734174546e-02,7.434515521446227737e-02,7.464809369865377242e-02,7.492221827856559990e-02,7.518141603104955273e-02,7.544736949138297621e-02,7.575986734202633244e-02,7.635025514079052389e-02,7.630400741415410693e-02,7.626573058759966717e-02,7.624754214327866819e-02,7.623278704936631289e-02,7.621183397137298865e-02,7.617683482972159581e-02,7.611994811555811147e-02,7.598294350869960745e-02,7.584535938416048229e-02,7.567017994717517571e-02,7.544576090230004084e-02,7.516524986910488870e-02,7.482398198204620599e-02,7.441943553940932876e-02,7.395146088904547277e-02,7.342223094942629258e-02,7.283575583666002107e-02
8.354838709677420150e-01,6.750833069545758569e-02,6.800520665772008533e-02,6.846238214125083266e-02,6.887504134774496967e-02,6.923895013048109170e-02,6.955133324914308801e-02,6.981174223140773627e-02,7.002287854164257475e-02,7.019225226675107621e-02,7.034698139642769910e-02,7.045469432974571511e-02,7.049803514243535574e-02,7.052206131745797357e-02,7.053194939284523901e-02,7.053257767264908829e-02,7.052832412026688313e-02,7.052415901240394192e-02,7.053502543334788655e-02,7.018716275563130491e-02,6.984952011434275576e-02,6.954629518676536115e-02,6.922982888775608412e-02,6.888630076661783619e-02,6.851336308435751477e-02,6.811575844200234986e-02,6.770273628657408338e-02,6.728566465618635029e-02,6.687601043953916857e-02,6.648398580747605369e-02,6.611791240107345313e-02,6.578414147215216889e-02,6.548729639722139506e-02,6.523063787680138947e-02,6.501642366353077573e-02,6.484619898294718965e-02,6.472099541216236318e-02,6.464143626629492712e-02,6.460775223868375772e-02,6.461970838923236649e-02,6.467643675484280319e-02,6.477616034180311289e-02,6.491578578474488381e-02,6.509033563216370943e-02,6.529219083847193073e-02,6.551012668584299536e-02,6.572816315609930626e-02,6.592433183505885808e-02,6.606960703056452555e-02,6.612747080487768603e-02,6.605485214694617468e-02,6.580538203603214509e-02,6.533579157745572630e-02,6.461553332549496709e-02,6.363822879722180748e-02,6.243196363676151162e-02,6.106548927808241878e-02,5.965223640554728757e-02,5.837798767214907869e-02,5.797390994785905916e-02,5.684281483832936965e-02,5.601726700470077702e-02,5.551174424179278200e-02,5.534151319432278893e-02,5.551174424179589062e-02,5.601726700469955578e-02,5.684281483832887005e-02,5.797390994785633911e-02,5.837798767214807949e-02,5.965223640554684348e-02,6.106548927808141958e-02,6.243196363676073446e-02,6.363822879722103032e-02,6.461553332549363482e-02,6.533579157745439403e-02,6.580538203603059078e-02,6.605485214694528651e-02,6.612747080487757501e-02,6.606960703056430351e-02,6.592433183506241079e-02,6.572816315610041649e-02,6.551012668584466070e-02,6.529219083847381810e-02,6.509033563216237717e-02,6.491578578474421768e-02,6.477616034180255777e-02,6.467643675484235910e-02,6.461970838923236649e-02,6.460775223868375772e-02,6.464143626629481609e-02,6.472099541216114194e-02,6.484619898294574636e-02,6.501642366352911040e-02,6.523063787680138947e-02,6.548729639722095097e-02,6.578414147215250196e-02,6.611791240107256495e-02,6.648398580747461040e-02,6.687601043954216617e-02,6.728566465618723846e-02,6.770273628657552667e-02,6.811575844200357110e-02,6.851336308435829192e-02,6.888630076661828028e-02,6.922982888775530697e-02,6.954629518676480604e-02,6.984952011434419905e-02,7.018716275563163798e-02,7.053502543334677632e-02,7.052415901240327578e-02,7.052832412026721620e-02,7.053257767264875522e-02,7.053194939284490594e-02,7.052206131745708539e-02,7.049803514243391245e-02,7.045469432974582613e-02,7.034698139642847625e-02,7.019225226675285256e-02,7.002287854164357395e-02,6.981174223140873547e-02,6.955133324914164472e-02,6.923895013048220193e-02,6.887504134774574682e-02,6.846238214124866772e-02,6.800520665771819795e-02,6.750833069545753018e-02
8.397849462365591933e-01,6.372449821260761649e-02,6.409895417968392017e-02,6.444502569065962971e-02,6.475942494251479831e-02,6.503883739203919490e-02,6.528050698852461142e-02,6.548317597588915184e-02,6.564869333739031809e-02,6.578698384890835360e-02,6.592968757437100980e-02,6.595932353742839371e-02,6.596614167718917177e-02,6.595222255348809348e-02,6.592102618735673492e-02,6.587507300527384313e-02,6.581540909239891324e-02,6.574192782769772148e-02,6.565593578293238419e-02,6.547496866804358717e-02,6.500174945580639019e-02,6.463042072629909818e-02,6.425438214681766791e-02,6.386397647203934103e-02,6.346249422696703668e-02,6.305770787733822047e-02,6.265858316339556477e-02,6.227351515756873734e-02,6.190947322201589831e-02,6.157176836187339131e-02,6.126419087396917096e-02,6.098931294875942211e-02,6.074882060730268929e-02,6.054380399314851502e-02,6.037497975790973026e-02,6.024284369552113105e-02,6.014776162837487394e-02,6.009000789481555582e-02,6.006975791642710227e-02,6.008703664716696924e-02,6.014161933340700372e-02,6.023287535029453466e-02,6.035954010963551220e-02,6.051939453908017352e-02,6.070882747130923462e-02,6.092225587722477353e-02,6.115138600687841652e-02,6.138432354658052148e-02,6.160459579787747053e-02,6.179025012699101982e-02,6.191335400524156096e-02,6.194043577210384122e-02,6.183461268898360341e-02,6.156021169805003801e-02,6.109040097070816966e-02,6.041767919946394727e-02,5.956680288092708331e-02,5.861419643641985200e-02,5.777154048225918714e-02,5.713140325655274854e-02,5.614716107696537950e-02,5.539690513593054089e-02,5.492491536267307684e-02,5.476380124910429359e-02,5.492491536267229968e-02,5.539690513593265031e-02,5.614716107696582359e-02,5.713140325654475493e-02,5.777154048225696670e-02,5.861419643642007404e-02,5.956680288092908171e-02,6.041767919946250398e-02,6.109040097070816966e-02,6.156021169804837267e-02,6.183461268898338137e-02,6.194043577210373019e-02,6.191335400524033972e-02,6.179025012699046471e-02,6.160459579787713746e-02,6.138432354658096557e-02,6.115138600687930470e-02,6.092225587722532865e-02,6.070882747131023383e-02,6.051939453908117272e-02,6.035954010963562322e-02,6.023287535029264728e-02,6.014161933340611554e-02,6.008703664716741333e-02,6.006975791642676921e-02,6.009000789481466764e-02,6.014776162837487394e-02,6.024284369552057594e-02,6.037497975791061844e-02,6.054380399314729377e-02,6.074882060730057987e-02,6.098931294876042131e-02,6.126419087396883789e-02,6.157176836187394642e-02,6.190947322201623138e-02,6.227351515756796019e-02,6.265858316339578682e-02,6.305770787733644411e-02,6.346249422696659259e-02,6.386397647203945205e-02,6.425438214681922222e-02,6.463042072629932022e-02,6.500174945580394770e-02,6.547496866804392024e-02,6.565593578293238419e-02,6.574192782769860965e-02,6.581540909239891324e-02,6.587507300527284393e-02,6.592102618735762309e-02,6.595222255348542895e-02,6.596614167718906074e-02,6.595932353742872678e-02,6.592968757437234206e-02,6.578698384890668827e-02,6.564869333739087320e-02,6.548317597589015104e-02,6.528050698852305711e-02,6.503883739203952796e-02,6.475942494251291093e-02,6.444502569065879705e-02,6.409895417968347608e-02,6.372449821260683933e-02
8.440860215053764826e-01,6.104704798615467887e-02,6.118119363171470315e-02,6.129213392400456595e-02,6.137890755740593729e-02,6.144083997718152723e-02,6.147781749361735937e-02,6.149095468625764838e-02,6.148467147407599143e-02,6.148122809617895257e-02,6.144025034109346084e-02,6.133314629976249766e-02,6.120522755355206623e-02,6.105664368378282969e-02,6.088757143061074295e-02,6.069736587308471876e-02,6.048456761622833522e-02,6.024762583780574055e-02,5.998639706786013104e-02,5.970572186640077383e-02,5.914878484001884207e-02,5.867973333540710268e-02,5.824985638881552408e-02,5.784139512793851079e-02,5.745430779966953505e-02,5.709128705966326489e-02,5.675492903503687181e-02,5.644705305988784172e-02,5.616866691615318707e-02,5.592013736812950775e-02,5.570139841306032125e-02,5.551213368076690635e-02,5.535191518879323258e-02,5.522029988405852130e-02,5.511689177322398603e-02,5.504137798181252261e-02,5.499354534781297765e-02,5.497328178885152461e-02,5.498056430708508913e-02,5.501543324428836979e-02,5.507795018815753174e-02,5.516813459876790393e-02,5.528587160572140391e-02,5.543078040717375199e-02,5.560202930358792983e-02,5.579807994012075945e-02,5.601634072511763041e-02,5.625270966721140908e-02,5.650099400559849272e-02,5.675221506495320423e-02,5.699385310009408290e-02,5.720917444209128178e-02,5.737693005798683021e-02,5.747193399829342297e-02,5.746732748187599604e-02,5.733977023968916953e-02,5.708001486739144870e-02,5.671936393702814438e-02,5.653495209024206325e-02,5.573106745402089945e-02,5.502957982881373500e-02,5.445558461595145783e-02,5.407676197210598001e-02,5.394424631004912651e-02,5.407676197210464775e-02,5.445558461595256805e-02,5.502957982881340193e-02,5.573106745402223172e-02,5.653495209024106405e-02,5.671936393702614598e-02,5.708001486739089358e-02,5.733977023968861442e-02,5.746732748187410866e-02,5.747193399829331195e-02,5.737693005798771839e-02,5.720917444209039360e-02,5.699385310009397188e-02,5.675221506495420343e-02,5.650099400559749352e-02,5.625270966721129806e-02,5.601634072511696427e-02,5.579807994011976024e-02,5.560202930358648654e-02,5.543078040717597244e-02,5.528587160572207004e-02,5.516813459876901415e-02,5.507795018815719867e-02,5.501543324428859183e-02,5.498056430708431197e-02,5.497328178885185768e-02,5.499354534781109027e-02,5.504137798181141239e-02,5.511689177322298683e-02,5.522029988405696699e-02,5.535191518879434280e-02,5.551213368076668431e-02,5.570139841305898898e-02,5.592013736813050695e-02,5.616866691615141072e-02,5.644705305988673150e-02,5.675492903503687181e-02,5.709128705966148853e-02,5.745430779966942403e-02,5.784139512793828874e-02,5.824985638881630123e-02,5.867973333540787984e-02,5.914878484001850900e-02,5.970572186640088486e-02,5.998639706785890979e-02,6.024762583780507441e-02,6.048456761622844624e-02,6.069736587308405262e-02,6.088757143061163113e-02,6.105664368378160844e-02,6.120522755355095601e-02,6.133314629976283072e-02,6.144025034109279471e-02,6.148122809617884155e-02,6.148467147407554734e-02,6.149095468625631611e-02,6.147781749361724835e-02,6.144083997718019496e-02,6.137890755740682547e-02,6.129213392400545413e-02,6.118119363171403702e-02,6.104704798615345762e-02
8.483870967741935498e-01,6.046895537248231367e-02,6.044974233415500997e-02,6.040618433709377122e-02,6.033784633262162522e-02,6.024493809466180405e-02,6.012871382035367418e-02,5.999248922042832444e-02,5.984589260517447773e-02,5.973368200368600611e-02,5.951675426493774346e-02,5.928387334774398720e-02,5.903459783791642490e-02,5.876822778219037424e-02,5.848295905713529752e-02,5.817614975286822254e-02,5.784521472445369739e-02,5.748891378013532005e-02,5.710856258117413820e-02,5.670860755731188529e-02,5.616526058671245103e-02,5.557457623340922304e-02,5.509860006329558857e-02,5.466792206384840647e-02,5.427389431060880565e-02,5.391426786594177845e-02,5.358802132186102352e-02,5.329425390759445769e-02,5.303195767721535780e-02,5.280002448940146476e-02,5.259730808849394368e-02,5.242268678593708930e-02,5.227511235322757077e-02,5.215364391676680089e-02,5.205746936009958414e-02,5.198591711509903401e-02,5.193846053132078477e-02,5.191471606372854986e-02,5.191443555301700208e-02,5.193749190722851683e-02,5.198385646353775869e-02,5.205356511950065546e-02,5.214666886970642512e-02,5.226316256649710112e-02,5.240288347236721211e-02,5.256536850407556027e-02,5.274965620878824257e-02,5.295401712971681274e-02,5.317559586581199760e-02,5.340995301506135107e-02,5.365051145235266716e-02,5.388795010776525896e-02,5.410966883788015380e-02,5.429960449418436141e-02,5.443898588826401319e-02,5.450933001025570768e-02,5.450158827892437330e-02,5.445786888949888382e-02,5.425642452918455483e-02,5.371126618838528710e-02,5.318887957691498247e-02,5.274062558749204044e-02,5.243500022633695856e-02,5.232627950853596666e-02,5.243500022633573732e-02,5.274062558749170737e-02,5.318887957691631474e-02,5.371126618838606426e-02,5.425642452918466585e-02,5.445786888949832871e-02,5.450158827892503943e-02,5.450933001025504154e-02,5.443898588826423524e-02,5.429960449418302915e-02,5.410966883788070891e-02,5.388795010776625816e-02,5.365051145235288921e-02,5.340995301506146209e-02,5.317559586581244169e-02,5.295401712971581354e-02,5.274965620878813155e-02,5.256536850407556027e-02,5.240288347236743416e-02,5.226316256649510272e-02,5.214666886970642512e-02,5.205356511950076648e-02,5.198385646353798073e-02,5.193749190722773967e-02,5.191443555301578083e-02,5.191471606372943803e-02,5.193846053132078477e-02,5.198591711509981117e-02,5.205746936010036130e-02,5.215364391676835520e-02,5.227511235322734873e-02,5.242268678593675624e-02,5.259730808849361061e-02,5.280002448940157578e-02,5.303195767721569087e-02,5.329425390759412462e-02,5.358802132186046840e-02,5.391426786594111231e-02,5.427389431060836156e-02,5.466792206384785135e-02,5.509860006329625470e-02,5.557457623340766872e-02,5.616526058671311716e-02,5.670860755731210734e-02,5.710856258117436024e-02,5.748891378013565312e-02,5.784521472445502965e-02,5.817614975287022094e-02,5.848295905713585263e-02,5.876822778219037424e-02,5.903459783791520366e-02,5.928387334774565254e-02,5.951675426493729937e-02,5.973368200368400771e-02,5.984589260517547693e-02,5.999248922042899057e-02,6.012871382035267498e-02,6.024493809466047178e-02,6.033784633262373465e-02,6.040618433709254997e-02,6.044974233415334464e-02,6.046895537248286878e-02
8.526881720430108391e-01,6.253798563290879908e-02,6.229765203146875319e-02,6.202565141320148800e-02,6.172143122387319103e-02,6.138556209334788960e-02,6.102051252775331225e-02,6.063290440452595575e-02,6.024857252309501199e-02,5.988374204481061724e-02,5.942006615801997960e-02,5.894062464419791425e-02,5.845006809624753163e-02,5.794899733345770798e-02,5.743449740120121216e-02,5.690154270975811279e-02,5.634558530446731606e-02,5.576521532947509296e-02,5.516339959122629200e-02,5.454613904503646804e-02,5.391356695759552675e-02,5.305688375518347044e-02,5.246015486027255648e-02,5.194656150866050481e-02,5.149049547775441660e-02,5.108355991133517460e-02,5.072111816859314892e-02,5.039975912562055793e-02,5.011657915817646636e-02,4.986894864669522143e-02,4.965443744239317336e-02,4.947079744648708033e-02,4.931596554238892871e-02,4.918807244451195437e-02,4.908545158085297899e-02,4.900664565933510186e-02,4.895041007915701403e-02,4.891571296393459889e-02,4.890173176277168299e-02,4.890784627436250975e-02,4.893362766834363775e-02,4.897882262401409559e-02,4.904333106283087496e-02,4.912717508095598706e-02,4.923045554159011239e-02,4.935329131768173561e-02,4.949573437670196085e-02,4.965765188562509813e-02,4.983856470949221684e-02,5.003743121911374825e-02,5.025236898560403453e-02,5.048032130339730195e-02,5.071671668907029584e-02,5.095528129684046004e-02,5.118849011539194915e-02,5.141032381495358461e-02,5.162976264549279382e-02,5.211813206958537670e-02,5.173779008943801827e-02,5.140674610262940813e-02,5.106395879094105528e-02,5.075193624126383973e-02,5.053019424934990234e-02,5.044960333272852093e-02,5.053019424934890313e-02,5.075193624126328462e-02,5.106395879094161039e-02,5.140674610262896405e-02,5.173779008943990565e-02,5.211813206958437750e-02,5.162976264549157257e-02,5.141032381495402870e-02,5.118849011538928462e-02,5.095528129684101515e-02,5.071671668907073993e-02,5.048032130339685786e-02,5.025236898560425658e-02,5.003743121911341518e-02,4.983856470949088457e-02,4.965765188562587529e-02,4.949573437670062859e-02,4.935329131768118049e-02,4.923045554158866910e-02,4.912717508095709729e-02,4.904333106283031984e-02,4.897882262401365150e-02,4.893362766834574717e-02,4.890784627436361998e-02,4.890173176277290423e-02,4.891571296393337764e-02,4.895041007916012266e-02,4.900664565933510186e-02,4.908545158085386717e-02,4.918807244451084415e-02,4.931596554238848462e-02,4.947079744648630317e-02,4.965443744239383950e-02,4.986894864669577654e-02,5.011657915817391284e-02,5.039975912561922566e-02,5.072111816859370403e-02,5.108355991133495255e-02,5.149049547775463864e-02,5.194656150866072686e-02,5.246015486027266750e-02,5.305688375518280431e-02,5.391356695759663697e-02,5.454613904503646804e-02,5.516339959122618097e-02,5.576521532947475990e-02,5.634558530446709401e-02,5.690154270975689155e-02,5.743449740120287750e-02,5.794899733345981740e-02,5.845006809624930799e-02,5.894062464419780323e-02,5.942006615801787017e-02,5.988374204481128338e-02,6.024857252309279154e-02,6.063290440452795416e-02,6.102051252775453349e-02,6.138556209334589120e-02,6.172143122387097058e-02,6.202565141319915654e-02,6.229765203147130670e-02,6.253798563290979828e-02
8.569892473118280174e-01,6.422544545691200035e-02,6.385814595318584086e-02,6.345411555491808908e-02,6.301253602218226391e-02,6.253418042875125149e-02,6.202289395630600222e-02,6.149131687616549158e-02,6.105115577878972299e-02,6.046658389519055099e-02,5.984560920660175753e-02,5.920641387810010592e-02,5.855652087648655080e-02,5.789850127256601642e-02,5.723002609748806258e-02,5.654526133510229258e-02,5.583807396881623752e-02,5.510567943192656859e-02,5.435066459524051652e-02,5.357988464386609362e-02,5.279783725397535488e-02,5.180096527201116796e-02,5.104517765269422913e-02,5.043827179490734114e-02,4.990791167477404144e-02,4.943853534740805244e-02,4.902268696052358710e-02,4.865532717742171442e-02,4.833237210135044037e-02,4.805021554530675143e-02,4.780556110330613784e-02,4.759536751675552679e-02,4.741683749260328096e-02,4.726742198992572863e-02,4.714482809494990878e-02,4.704702547434835846e-02,4.697224952304090984e-02,4.691900076971666778e-02,4.688604072814128720e-02,4.687238456930142849e-02,4.687729092011172494e-02,4.690024885395949195e-02,4.694096176287099187e-02,4.699932729900990758e-02,4.707541194141962038e-02,4.716941798452367607e-02,4.728163990161837749e-02,4.741240627271092745e-02,4.756200325355852687e-02,4.773057714185080513e-02,4.791802017251467483e-02,4.812386378598898506e-02,4.834726183819781919e-02,4.858732336365401139e-02,4.884467999709996011e-02,4.912810539141088118e-02,4.949614538330948665e-02,4.985566552813236463e-02,4.961510717326034214e-02,4.935951515331860051e-02,4.908685566732018390e-02,4.883438444327892203e-02,4.865313549728489395e-02,4.858694858188417065e-02,4.865313549728300657e-02,4.883438444328003225e-02,4.908685566732029493e-02,4.935951515331815642e-02,4.961510717326012010e-02,4.985566552813269769e-02,4.949614538330993074e-02,4.912810539140866073e-02,4.884467999710051522e-02,4.858732336365290116e-02,4.834726183819904044e-02,4.812386378599020631e-02,4.791802017251500789e-02,4.773057714185047207e-02,4.756200325355897096e-02,4.741240627271170460e-02,4.728163990161871055e-02,4.716941798452467527e-02,4.707541194141751095e-02,4.699932729901024064e-02,4.694096176287032574e-02,4.690024885395938092e-02,4.687729092011028165e-02,4.687238456930120645e-02,4.688604072814195334e-02,4.691900076971700084e-02,4.697224952304135392e-02,4.704702547434713722e-02,4.714482809494968674e-02,4.726742198992717192e-02,4.741683749260372505e-02,4.759536751675619293e-02,4.780556110330547170e-02,4.805021554530708450e-02,4.833237210135088446e-02,4.865532717742160340e-02,4.902268696052336505e-02,4.943853534741193823e-02,4.990791167477337531e-02,5.043827179490534274e-02,5.104517765269234175e-02,5.180096527201027978e-02,5.279783725397546590e-02,5.357988464386453931e-02,5.435066459524218185e-02,5.510567943192690166e-02,5.583807396881779184e-02,5.654526133510051622e-02,5.723002609748761849e-02,5.789850127256390699e-02,5.855652087648666182e-02,5.920641387809821854e-02,5.984560920660042527e-02,6.046658389519021792e-02,6.105115577879183242e-02,6.149131687616371522e-02,6.202289395630411484e-02,6.253418042874980820e-02,6.301253602218148675e-02,6.345411555491997646e-02,6.385814595318584086e-02,6.422544545691266649e-02
8.612903225806451957e-01,7.104478958666005095e-02,7.049017398812496005e-02,6.988177983103971425e-02,6.921690034255367774e-02,6.849558648013898132e-02,6.772455993014059317e-02,6.694079981807976587e-02,6.631962110199018934e-02,6.542530693717485413e-02,6.445303176657068978e-02,6.342826067177387284e-02,6.236815228013281587e-02,6.128679408879467161e-02,6.019437284484197015e-02,5.909594747205015874e-02,5.799144578116655069e-02,5.687751464974577509e-02,5.575071201199643944e-02,5.461006124391487582e-02,5.345471882020935706e-02,5.224866877374356733e-02,5.083542416062369895e-02,4.994207571127473599e-02,4.917912461966411630e-02,4.851175528944362547e-02,4.792622838075577540e-02,4.741373363760603699e-02,4.696715178454613504e-02,4.658013515983583375e-02,4.624682203694019389e-02,4.596176443087041097e-02,4.571992657570078666e-02,4.551670238517591116e-02,4.534793204652010079e-02,4.520991078881764214e-02,4.509938840284333228e-02,4.501356044639748255e-02,4.495005296166088016e-02,4.490690272583575116e-02,4.488253492192173510e-02,4.487573984170145636e-02,4.488564992230148487e-02,4.491171813992389517e-02,4.495369860694775621e-02,4.501163024500054455e-02,4.508582484373391264e-02,4.517686211521876327e-02,4.528559755595329417e-02,4.541319652861541822e-02,4.556122635424664225e-02,4.573188504161063150e-02,4.592857803014627205e-02,4.615747289715899093e-02,4.643236677241591170e-02,4.679536663823213871e-02,4.758530613585709723e-02,4.761994176309158888e-02,4.745734365120490850e-02,4.728716322552706242e-02,4.711250909771991235e-02,4.695689419353354932e-02,4.684863007855077921e-02,4.680978958207238083e-02,4.684863007855155637e-02,4.695689419353421545e-02,4.711250909771913520e-02,4.728716322552706242e-02,4.745734365120479747e-02,4.761994176308947946e-02,4.758530613585598701e-02,4.679536663823247178e-02,4.643236677241757704e-02,4.615747289715910195e-02,4.592857803014827045e-02,4.573188504161007639e-02,4.556122635424730838e-02,4.541319652861663947e-02,4.528559755595218395e-02,4.517686211521854123e-02,4.508582484373435673e-02,4.501163024500187682e-02,4.495369860694709008e-02,4.491171813992389517e-02,4.488564992230059669e-02,4.487573984170190045e-02,4.488253492192140204e-02,4.490690272583663933e-02,4.495005296166088016e-02,4.501356044639870380e-02,4.509938840284277717e-02,4.520991078881675396e-02,4.534793204652098897e-02,4.551670238517613321e-02,4.571992657570000951e-02,4.596176443087007790e-02,4.624682203693974980e-02,4.658013515983550068e-02,4.696715178454569095e-02,4.741373363760437165e-02,4.792622838075510927e-02,4.851175528944395854e-02,4.917912461966345017e-02,4.994207571127440293e-02,5.083542416062447611e-02,5.224866877374423346e-02,5.345471882020880194e-02,5.461006124391465377e-02,5.575071201199788273e-02,5.687751464974599713e-02,5.799144578116655069e-02,5.909594747205137999e-02,6.019437284484208117e-02,6.128679408879500468e-02,6.236815228013159462e-02,6.342826067177409488e-02,6.445303176656880240e-02,6.542530693717818480e-02,6.631962110199474125e-02,6.694079981808065405e-02,6.772455993014037112e-02,6.849558648013820417e-02,6.921690034255179036e-02,6.988177983104015834e-02,7.049017398812507107e-02,7.104478958665927379e-02
8.655913978494624850e-01,7.630435410416602782e-02,7.566554845197859258e-02,7.496221860582552576e-02,7.419006078898271461e-02,7.334955647446994575e-02,7.245665726585270860e-02,7.181168027670048470e-02,7.090875034148347300e-02,6.978374847072121856e-02,6.853481202331579425e-02,6.719342600582300928e-02,6.578701938643916058e-02,6.434197685686804391e-02,6.288211247120045755e-02,6.142638368814634653e-02,5.998682104551567029e-02,5.856736709615040226e-02,5.716440058566152338e-02,5.576914130647958601e-02,5.436975853935199776e-02,5.294089276791247300e-02,5.109716727183910567e-02,4.988483721398051518e-02,4.889890819266151656e-02,4.804762075415047740e-02,4.730665250079324480e-02,4.666231517117647165e-02,4.610410015316768195e-02,4.562282903299808012e-02,4.521011632025484506e-02,4.485823146532974537e-02,4.456007808235784573e-02,4.430920797742454731e-02,4.409983331170663767e-02,4.392682682991488896e-02,4.378570872404907721e-02,4.367262219601386608e-02,4.358430093468301791e-02,4.351803183589775248e-02,4.347161598073479016e-02,4.344333045186821174e-02,4.343189317704587715e-02,4.343643275850717078e-02,4.345646530287516907e-02,4.349188080986643445e-02,4.354294310923378930e-02,4.361031050845376456e-02,4.369509116632874779e-02,4.379896232963964575e-02,4.392441960332926776e-02,4.407531265679442978e-02,4.425809580237682894e-02,4.448516950795866620e-02,4.478608654790916521e-02,4.526895206757008960e-02,4.612376684470509414e-02,4.594216307318854664e-02,4.579902078350550632e-02,4.565827980782954931e-02,4.552572102418206423e-02,4.541599544359686824e-02,4.534354786377536861e-02,4.531824995380073773e-02,4.534354786377470248e-02,4.541599544359697926e-02,4.552572102418295241e-02,4.565827980782932727e-02,4.579902078350683858e-02,4.594216307318876868e-02,4.612376684470487209e-02,4.526895206756775814e-02,4.478608654790927623e-02,4.448516950795922131e-02,4.425809580237627383e-02,4.407531265679409671e-02,4.392441960332971185e-02,4.379896232963964575e-02,4.369509116632808166e-02,4.361031050845343149e-02,4.354294310923467748e-02,4.349188080986576832e-02,4.345646530287650133e-02,4.343643275850694874e-02,4.343189317704498897e-02,4.344333045186843378e-02,4.347161598073423505e-02,4.351803183589797452e-02,4.358430093468290689e-02,4.367262219601242279e-02,4.378570872404696779e-02,4.392682682991477794e-02,4.409983331170530541e-02,4.430920797742343709e-02,4.456007808235729062e-02,4.485823146532919026e-02,4.521011632025329074e-02,4.562282903299863523e-02,4.610410015316779297e-02,4.666231517117747085e-02,4.730665250079268969e-02,4.804762075415136557e-02,4.889890819266329292e-02,4.988483721397729553e-02,5.109716727183977181e-02,5.294089276791091869e-02,5.436975853935077652e-02,5.576914130647958601e-02,5.716440058566185645e-02,5.856736709614973613e-02,5.998682104551478211e-02,6.142638368814545835e-02,6.288211247119890324e-02,6.434197685686782187e-02,6.578701938644093694e-02,6.719342600582423053e-02,6.853481202331557220e-02,6.978374847072066345e-02,7.090875034148513834e-02,7.181168027670070675e-02,7.245665726585248656e-02,7.334955647447161109e-02,7.419006078898238155e-02,7.496221860582785723e-02,7.566554845197925872e-02,7.630435410416580577e-02
8.698924731182796632e-01,8.349309354453182674e-02,8.282968290531311784e-02,8.209161294487454796e-02,8.127257032418877536e-02,8.037611751973317009e-02,7.945399048373080753e-02,7.898516996086812902e-02,7.781943962297332984e-02,7.639842028184440359e-02,7.479260943378607251e-02,7.304321741253028133e-02,7.118727019878956508e-02,6.926083508467706373e-02,6.729910444867293062e-02,6.533523757588011183e-02,6.339814148201039501e-02,6.150943683447196442e-02,5.968028753360254957e-02,5.790914777737843355e-02,5.618101103546424557e-02,5.446406780095858213e-02,5.263234228322610786e-02,5.051739518567455178e-02,4.918752098689138652e-02,4.806287456245217360e-02,4.709471784162322372e-02,4.626035100010228440e-02,4.554348032976762717e-02,4.493025429041908048e-02,4.440820722567828671e-02,4.396597485335151934e-02,4.359323725396513360e-02,4.328071761538099249e-02,4.302017417521564191e-02,4.280437695934136144e-02,4.262706503487823095e-02,4.248288900235674959e-02,4.236734431609989748e-02,4.227670073598621681e-02,4.220793242341480678e-02,4.215865235556959245e-02,4.212705408340688962e-02,4.211186356039742229e-02,4.211230400272525376e-02,4.212807782428396042e-02,4.215937226925881021e-02,4.220690079939970474e-02,4.227200454822810372e-02,4.235686465530319467e-02,4.246493537633477811e-02,4.260189043657147678e-02,4.277789655299213400e-02,4.301412400569304406e-02,4.336828367171818854e-02,4.418086528985076811e-02,4.456065697825595251e-02,4.440836754633159522e-02,4.428534482171253561e-02,4.417590326177045501e-02,4.408248542530623926e-02,4.401078220617171688e-02,4.396572902300188712e-02,4.395037536058410410e-02,4.396572902300210917e-02,4.401078220617038461e-02,4.408248542530535108e-02,4.417590326177234239e-02,4.428534482171142539e-02,4.440836754633070704e-02,4.456065697825695171e-02,4.418086528984965788e-02,4.336828367171796650e-02,4.301412400569404326e-02,4.277789655299069072e-02,4.260189043657214292e-02,4.246493537633411197e-02,4.235686465530330569e-02,4.227200454822821474e-02,4.220690079939981576e-02,4.215937226925881021e-02,4.212807782428384940e-02,4.211230400272480967e-02,4.211186356039886558e-02,4.212705408340711166e-02,4.215865235556870427e-02,4.220793242341647211e-02,4.227670073598677192e-02,4.236734431610056362e-02,4.248288900235719368e-02,4.262706503487767584e-02,4.280437695934247166e-02,4.302017417521430964e-02,4.328071761538110351e-02,4.359323725396524463e-02,4.396597485335229649e-02,4.440820722567828671e-02,4.493025429041863639e-02,4.554348032976685001e-02,4.626035100010306156e-02,4.709471784162211350e-02,4.806287456245217360e-02,4.918752098688972119e-02,5.051739518567410769e-02,5.263234228322455355e-02,5.446406780095780498e-02,5.618101103546335739e-02,5.790914777737854457e-02,5.968028753360188343e-02,6.150943683447263055e-02,6.339814148200906274e-02,6.533523757588044489e-02,6.729910444867270858e-02,6.926083508467950622e-02,7.118727019878923201e-02,7.304321741253239075e-02,7.479260943378585047e-02,7.639842028184617995e-02,7.781943962297088735e-02,7.898516996086657471e-02,7.945399048373391615e-02,8.037611751973139373e-02,8.127257032418522265e-02,8.209161294487599125e-02,8.282968290531567135e-02,8.349309354453193777e-02
8.741935483870968415e-01,1.015527289665140165e-01,1.011815176317173437e-01,1.007423259113064962e-01,1.002245992072625658e-01,9.964769630987668769e-02,9.940910687819703995e-02,9.909777932808561118e-02,9.768587344344603629e-02,9.589495234913014698e-02,9.377633822285691423e-02,9.135532505264809533e-02,8.865723063733499387e-02,8.571680388102509429e-02,8.258205249771621848e-02,7.931414593277830161e-02,7.598391999916076500e-02,7.266557016267471969e-02,6.942838032435005857e-02,6.632750464948133917e-02,6.339464843425712814e-02,6.062777347689718432e-02,5.796249765753103134e-02,5.460103047441033919e-02,5.222205346071762122e-02,5.028268775278577074e-02,4.864620138483566336e-02,4.726262129868863404e-02,4.609710932834942820e-02,4.512011103881086171e-02,4.430522817401760793e-02,4.362875954729728001e-02,4.306961795845642982e-02,4.260927792299618044e-02,4.223168290773715583e-02,4.192309286437090332e-02,4.167189173819163539e-02,4.146837616661191994e-02,4.130453942365763798e-02,4.117386303814951631e-02,4.107112433890736103e-02,4.099222519105538698e-02,4.093404521132137930e-02,4.089432180170204933e-02,4.087155951534826581e-02,4.086497286412460461e-02,4.087447075551031705e-02,4.090070147627133945e-02,4.094518607689479062e-02,4.101062816672018663e-02,4.110157399295311098e-02,4.122590629178135568e-02,4.139866770291489306e-02,4.165426327560117770e-02,4.210764138155531633e-02,4.326837306017916607e-02,4.307070125092293811e-02,4.297247094939615764e-02,4.290144158406605790e-02,4.284536287805618127e-02,4.280154464345964360e-02,4.276980698909260692e-02,4.275053405072370971e-02,4.274406791316831544e-02,4.275053405072337664e-02,4.276980698909360612e-02,4.280154464345908849e-02,4.284536287805407184e-02,4.290144158406550279e-02,4.297247094939493639e-02,4.307070125092338220e-02,4.326837306017972118e-02,4.210764138155598246e-02,4.165426327560040054e-02,4.139866770291467102e-02,4.122590629178235488e-02,4.110157399295477632e-02,4.101062816671929845e-02,4.094518607689423551e-02,4.090070147627078434e-02,4.087447075550953990e-02,4.086497286412427155e-02,4.087155951534826581e-02,4.089432180170238240e-02,4.093404521132115725e-02,4.099222519105516493e-02,4.107112433890736103e-02,4.117386303814951631e-02,4.130453942365752695e-02,4.146837616661225301e-02,4.167189173819108028e-02,4.192309286437079230e-02,4.223168290773526845e-02,4.260927792299629147e-02,4.306961795845576368e-02,4.362875954729816819e-02,4.430522817401627567e-02,4.512011103881030660e-02,4.609710932834953923e-02,4.726262129868719075e-02,4.864620138483533029e-02,5.028268775278599279e-02,5.222205346071806531e-02,5.460103047441111634e-02,5.796249765753080929e-02,6.062777347689929375e-02,6.339464843425623997e-02,6.632750464948167224e-02,6.942838032435116880e-02,7.266557016267272129e-02,7.598391999916098705e-02,7.931414593278118819e-02,8.258205249771644052e-02,8.571680388102553838e-02,8.865723063733554898e-02,9.135532505264332137e-02,9.377633822285436072e-02,9.589495234913325561e-02,9.768587344345291967e-02,9.909777932808205847e-02,9.940910687819792813e-02,9.964769630987790894e-02,1.002245992072638980e-01,1.007423259113081615e-01,1.011815176317223397e-01,1.015527289665163480e-01
8.784946236559141308e-01,1.194843271363118520e-01,1.198630538959851721e-01,1.202643753954029116e-01,1.206947725561436924e-01,1.212664157976498513e-01,1.229236362504488866e-01,1.225303583619704595e-01,1.216690395098536381e-01,1.203839531698935872e-01,1.186270736957008021e-01,1.163374501330430855e-01,1.134650603689512094e-01,1.099870359493375638e-01,1.059201552188839823e-01,1.013283371220796703e-01,9.632288446226400236e-02,9.105402408018903326e-02,8.569426587714368271e-02,8.041633643085033256e-02,7.536971647262635798e-02,7.065889554363991021e-02,6.631969127818893028e-02,6.212598517903000772e-02,5.740489488674926921e-02,5.412289752691523681e-02,5.141698786794002274e-02,4.917776119214056774e-02,4.733292172589587121e-02,4.582161855154831542e-02,4.459022513344168548e-02,4.359161577270487253e-02,4.278495942038540445e-02,4.213542413797644048e-02,4.161372054889866945e-02,4.119552814210292180e-02,4.086088961342182468e-02,4.059360018221958022e-02,4.038064064316615465e-02,4.021166926297325972e-02,4.007858008015385831e-02,3.997512930542701515e-02,3.989662777574876085e-02,3.983969620813676560e-02,3.980208058891809841e-02,3.978253184127622522e-02,3.978074745662496525e-02,3.979740809752108088e-02,3.983434788966477846e-02,3.989497165054456396e-02,3.998519487913199111e-02,4.011568188452685479e-02,4.030803587205034066e-02,4.061764109419441215e-02,4.131031470969892538e-02,4.196412104059110693e-02,4.184755945195761662e-02,4.178196047449589390e-02,4.173568834910346137e-02,4.170053137620777228e-02,4.167389073256466681e-02,4.165498376636045386e-02,4.164363745818555618e-02,4.163985103123768461e-02,4.164363745818377982e-02,4.165498376636100897e-02,4.167389073256666521e-02,4.170053137620766126e-02,4.173568834910390546e-02,4.178196047449467265e-02,4.184755945195794968e-02,4.196412104059132897e-02,4.131031470969881436e-02,4.061764109419352398e-02,4.030803587205011862e-02,4.011568188452596662e-02,3.998519487913254622e-02,3.989497165054567418e-02,3.983434788966544460e-02,3.979740809752119191e-02,3.978074745662552036e-02,3.978253184127478193e-02,3.980208058891776535e-02,3.983969620813598844e-02,3.989662777574876085e-02,3.997512930542734821e-02,4.007858008015363627e-02,4.021166926297414790e-02,4.038064064316604362e-02,4.059360018221913613e-02,4.086088961342204673e-02,4.119552814210347691e-02,4.161372054889955763e-02,4.213542413797588537e-02,4.278495942038518240e-02,4.359161577270442844e-02,4.459022513344146343e-02,4.582161855154709418e-02,4.733292172589509406e-02,4.917776119214001262e-02,5.141698786794013376e-02,5.412289752691379352e-02,5.740489488674960228e-02,6.212598517902778728e-02,6.631969127818915233e-02,7.065889554364024328e-02,7.536971647262058482e-02,8.041633643084900029e-02,8.569426587714445986e-02,9.105402408019436233e-02,9.632288446226189293e-02,1.013283371220821127e-01,1.059201552188825390e-01,1.099870359493432259e-01,1.134650603689525417e-01,1.163374501330383115e-01,1.186270736956969163e-01,1.203839531698949195e-01,1.216690395098509736e-01,1.225303583619758996e-01,1.229236362504508850e-01,1.212664157976495183e-01,1.206947725561435814e-01,1.202643753954079076e-01,1.198630538959787328e-01,1.194843271363089654e-01
8.827956989247311981e-01,2.350207636177947812e-02,2.351272159261696970e-02,2.353906174080377944e-02,2.359287056666148352e-02,2.371690177061158700e-02,2.391679532271540065e-02,2.410277984167541465e-02,2.432060448333095426e-02,2.457690313605831456e-02,2.487816840192003109e-02,2.522798853581842415e-02,2.562470164679275797e-02,2.605876693529551869e-02,2.651038485071022244e-02,2.694873683072473991e-02,2.733468162214403030e-02,2.762797263216865140e-02,2.779752594589146586e-02,2.783027222354184094e-02,2.773360536223601347e-02,2.752964395532375708e-02,2.724311032065296345e-02,2.687757688993552829e-02,2.614291979249838693e-02,2.571157357040931846e-02,2.536146417878371029e-02,2.506300422740914691e-02,2.480810756011664342e-02,2.459147143794038204e-02,2.440821704783058266e-02,2.425362181670365214e-02,2.412320843867743481e-02,2.401285415960641156e-02,2.391885769544743745e-02,2.383796425493034388e-02,2.376736116384181585e-02,2.370464912445624517e-02,2.364782239941654041e-02,2.359522806792668792e-02,2.354553573069673167e-02,2.349771047298931936e-02,2.345099144594386953e-02,2.340488173061261445e-02,2.335914199237765221e-02,2.331380078734690553e-02,2.326918231443142471e-02,2.322595937039384495e-02,2.318525216447653303e-02,2.314881609136731910e-02,2.311942929230825783e-02,2.310181251535647906e-02,2.310535805535607334e-02,2.315640652277017875e-02,2.365102360295368022e-02,2.403869598180796707e-02,2.428221961339294133e-02,2.446355862207960641e-02,2.460064044610577039e-02,2.470305124972183020e-02,2.477712221822403471e-02,2.482720419974893122e-02,2.485616541557467141e-02,2.486564184714468162e-02,2.485616541557422732e-02,2.482720419974393522e-02,2.477712221822059302e-02,2.470305124972282940e-02,2.460064044610521528e-02,2.446355862207916232e-02,2.428221961339582791e-02,2.403869598180863321e-02,2.365102360295345818e-02,2.315640652276362843e-02,2.310535805535995912e-02,2.310181251535470270e-02,2.311942929230581534e-02,2.314881609136898444e-02,2.318525216447819837e-02,2.322595937039595437e-02,2.326918231443098062e-02,2.331380078734801575e-02,2.335914199237820732e-02,2.340488173061472388e-02,2.345099144594264828e-02,2.349771047298898630e-02,2.354553573069795291e-02,2.359522806792968552e-02,2.364782239941620734e-02,2.370464912445779948e-02,2.376736116383992847e-02,2.383796425492901161e-02,2.391885769544688234e-02,2.401285415960530134e-02,2.412320843867998832e-02,2.425362181670620565e-02,2.440821704783013857e-02,2.459147143794004897e-02,2.480810756010987106e-02,2.506300422740714851e-02,2.536146417878382131e-02,2.571157357041153890e-02,2.614291979249550035e-02,2.687757688993486216e-02,2.724311032065174221e-02,2.752964395532220276e-02,2.773360536223890005e-02,2.783027222353795516e-02,2.779752594589002257e-02,2.762797263217009469e-02,2.733468162214158781e-02,2.694873683071696835e-02,2.651038485069900918e-02,2.605876693530062571e-02,2.562470164678942730e-02,2.522798853582608469e-02,2.487816840191636736e-02,2.457690313606064603e-02,2.432060448332173941e-02,2.410277984167064069e-02,2.391679532271495656e-02,2.371690177060292726e-02,2.359287056666181659e-02,2.353906174080422353e-02,2.351272159261330597e-02,2.350207636178314186e-02
8.870967741935484874e-01,1.862376339155968896e-02,1.853323083814406580e-02,1.843968426436881636e-02,1.834969420982246469e-02,1.831405774715805235e-02,1.830749723446545296e-02,1.829397948781297245e-02,1.828760913853438863e-02,1.830060237695768643e-02,1.834633232244747836e-02,1.844087292857854443e-02,1.860452326764316933e-02,1.886338348420857347e-02,1.925047538960078519e-02,1.980485738712378652e-02,2.056532583892978217e-02,2.155332577271040773e-02,2.274179181214008860e-02,2.402146769469293286e-02,2.520250097617304785e-02,2.608556264318417917e-02,2.656293873590687138e-02,2.665145540989843909e-02,2.618080573043202186e-02,2.560979650564876309e-02,2.515458415384586033e-02,2.474794562395798980e-02,2.439437382985520930e-02,2.409407182513911838e-02,2.384262785424140496e-02,2.363351015772563457e-02,2.345974462465061361e-02,2.331477240975010634e-02,2.319280716165428302e-02,2.308892899737391424e-02,2.299905399352353275e-02,2.291985383780226204e-02,2.284865996504259478e-02,2.278337179075184959e-02,2.272238734563536422e-02,2.266453594723427667e-02,2.260903538484582143e-02,2.255545947345483082e-02,2.250373086667301070e-02,2.245412988685735467e-02,2.240733049440435387e-02,2.236447590283441311e-02,2.232732339222021078e-02,2.229852949660615646e-02,2.228226837098989943e-02,2.228581118562533714e-02,2.232484512030930013e-02,2.245676704292753900e-02,2.311601985660882708e-02,2.338498843260605753e-02,2.356807028904983614e-02,2.370350681373323276e-02,2.380522511415306131e-02,2.388097742166905846e-02,2.393572530952026156e-02,2.397275895779649169e-02,2.399419114267786757e-02,2.400120765434721193e-02,2.399419114267742348e-02,2.397275895779837906e-02,2.393572530952237098e-02,2.388097742167194504e-02,2.380522511415350539e-02,2.370350681372712653e-02,2.356807028904517320e-02,2.338498843260605753e-02,2.311601985660527436e-02,2.245676704292542958e-02,2.232484512030785684e-02,2.228581118562733554e-02,2.228226837098867819e-02,2.229852949659894001e-02,2.232732339222209816e-02,2.236447590283552334e-02,2.240733049440402080e-02,2.245412988685369093e-02,2.250373086667456501e-02,2.255545947345505287e-02,2.260903538484615449e-02,2.266453594723472076e-02,2.272238734563769569e-02,2.278337179075251573e-02,2.284865996504548136e-02,2.291985383779793217e-02,2.299905399352586421e-02,2.308892899736991744e-02,2.319280716165472711e-02,2.331477240975132759e-02,2.345974462464539556e-02,2.363351015772996444e-02,2.384262785424473563e-02,2.409407182514067269e-02,2.439437382985543135e-02,2.474794562395332687e-02,2.515458415384463908e-02,2.560979650564632060e-02,2.618080573043435333e-02,2.665145540989510842e-02,2.656293873590798160e-02,2.608556264317762885e-02,2.520250097617526830e-02,2.402146769467972121e-02,2.274179181214175394e-02,2.155332577268598282e-02,2.056532583893577737e-02,1.980485738711224020e-02,1.925047538961255356e-02,1.886338348419680511e-02,1.860452326765615894e-02,1.844087292858143101e-02,1.834633232244575751e-02,1.830060237695779746e-02,1.828760913852994774e-02,1.829397948781519290e-02,1.830749723446972732e-02,1.831405774715144652e-02,1.834969420982113242e-02,1.843968426436515262e-02,1.853323083814373273e-02,1.862376339155447091e-02
8.913978494623656657e-01,1.580436457200612432e-02,1.569044504488331659e-02,1.560007607719859912e-02,1.553296745758936392e-02,1.552294509783885834e-02,1.553130615194492359e-02,1.555652664314810529e-02,1.560150085968547984e-02,1.566702332542019294e-02,1.575279039617616395e-02,1.585753318487753694e-02,1.597901887687092071e-02,1.611404454332210356e-02,1.625845215612892192e-02,1.640716377649265034e-02,1.655422155192970424e-02,1.669280994782601502e-02,1.681523829680259263e-02,1.691287750152525859e-02,1.697609731693516810e-02,1.699440059952894710e-02,1.695734739852572392e-02,1.685764195870098625e-02,1.669328910992595727e-02,1.644443365816539160e-02,1.659363467000868342e-02,1.803352437094440930e-02,2.101718556345477662e-02,2.309047783349504890e-02,2.355602437654635839e-02,2.340389534716014186e-02,2.314022963400819144e-02,2.289876898589071619e-02,2.270099368239253401e-02,2.254194055469926905e-02,2.241256005980696298e-02,2.230490847425736778e-02,2.221296286313334534e-02,2.213241370000151864e-02,2.206029950768340075e-02,2.199469494093087008e-02,2.193448793378860451e-02,2.187922456352175971e-02,2.182901876372733696e-02,2.178451233018952049e-02,2.174688468086483084e-02,2.171792481124501517e-02,2.170020540590544833e-02,2.169746820500706441e-02,2.171554218947979731e-02,2.176495680447854131e-02,2.187149775203611757e-02,2.225282098868264224e-02,2.273001485896042340e-02,2.290031577898477000e-02,2.301861740275601420e-02,2.310592478831252627e-02,2.317136466556779517e-02,2.322009194515017860e-02,2.325534507414284136e-02,2.327922668333259892e-02,2.329306537111941466e-02,2.329759925389174313e-02,2.329306537111885955e-02,2.327922668333359812e-02,2.325534507414339647e-02,2.322009194515328723e-02,2.317136466556835028e-02,2.310592478831385854e-02,2.301861740275790158e-02,2.290031577898410386e-02,2.273001485896064544e-02,2.225282098868408553e-02,2.187149775203700575e-02,2.176495680447887437e-02,2.171554218948079651e-02,2.169746820500872975e-02,2.170020540590611446e-02,2.171792481124623642e-02,2.174688468086283244e-02,2.178451233018841027e-02,2.182901876372778105e-02,2.187922456352087153e-02,2.193448793379004780e-02,2.199469494093142519e-02,2.206029950768284564e-02,2.213241369999929820e-02,2.221296286313589885e-02,2.230490847425736778e-02,2.241256005980685195e-02,2.254194055469893598e-02,2.270099368239364424e-02,2.289876898589993104e-02,2.314022963401440869e-02,2.340389534715703324e-02,2.355602437654824577e-02,2.309047783349837957e-02,2.101718556344001065e-02,1.803352437092353711e-02,1.659363467002467063e-02,1.644443365816455893e-02,1.669328910992534665e-02,1.685764195870348425e-02,1.695734739852522432e-02,1.699440059952550541e-02,1.697609731693616730e-02,1.691287750152320468e-02,1.681523829680575677e-02,1.669280994783478578e-02,1.655422155192920464e-02,1.640716377649026336e-02,1.625845215613019867e-02,1.611404454331533120e-02,1.597901887686131728e-02,1.585753318488269947e-02,1.575279039617411003e-02,1.566702332542513343e-02,1.560150085968686762e-02,1.555652664313983413e-02,1.553130615195097430e-02,1.552294509783824772e-02,1.553296745759386033e-02,1.560007607720342859e-02,1.569044504487215885e-02,1.580436457200534717e-02
8.956989247311828439e-01,1.654339439534519007e-02,1.645741283631058094e-02,1.641123766994467825e-02,1.640691982123737569e-02,1.644783843474273421e-02,1.651712914157044132e-02,1.661431093195453457e-02,1.673727368232669210e-02,1.688342712276635904e-02,1.704977184090927800e-02,1.723292724234171125e-02,1.742918599654907919e-02,1.763460036630126737e-02,1.784509073726359141e-02,1.805656154234469568e-02,1.826500881211212679e-02,1.846660512449982416e-02,1.865775069237030070e-02,1.883508271944345225e-02,1.899543817704119064e-02,1.913576758012769385e-02,1.925300052379763649e-02,1.934387605063769833e-02,1.940485250894330438e-02,1.942931022454219558e-02,1.940747011827304025e-02,1.933345159663546475e-02,1.918762244414584650e-02,1.895619015700267251e-02,1.871333176571854384e-02,1.898896034705443991e-02,2.046300302690640116e-02,2.156038897363299345e-02,2.177272336947999598e-02,2.170624716026803291e-02,2.159396556976656001e-02,2.148708578790192725e-02,2.139332178078912072e-02,2.131146177191944879e-02,2.123918219753273551e-02,2.117470398804621734e-02,2.111701882993211044e-02,2.106584058571059348e-02,2.102150360422605502e-02,2.098490762871807469e-02,2.095751641948784272e-02,2.094143282875493561e-02,2.093960787896176345e-02,2.095634498408593949e-02,2.099861072876318957e-02,2.108025880949893072e-02,2.124445548825604213e-02,2.183233556158203914e-02,2.202870182326910342e-02,2.214922800913132761e-02,2.223549260467583277e-02,2.229986927721383516e-02,2.234842784511326119e-02,2.238474567294035378e-02,2.241110861199846482e-02,2.242901176991118906e-02,2.243940318065995587e-02,2.244281046118690170e-02,2.243940318066284245e-02,2.242901176990919065e-02,2.241110861199613336e-02,2.238474567294401751e-02,2.234842784511270608e-02,2.229986927721638867e-02,2.223549260467472255e-02,2.214922800913321499e-02,2.202870182327010262e-02,2.183233556158203914e-02,2.124445548825282248e-02,2.108025880949782049e-02,2.099861072876052503e-02,2.095634498408005530e-02,2.093960787896242959e-02,2.094143282875315926e-02,2.095751641948362387e-02,2.098490762871751958e-02,2.102150360422738729e-02,2.106584058571792095e-02,2.111701882993055612e-02,2.117470398804843779e-02,2.123918219753084813e-02,2.131146177191900470e-02,2.139332178078812152e-02,2.148708578789915169e-02,2.159396556976367343e-02,2.170624716026647860e-02,2.177272336948199438e-02,2.156038897363410367e-02,2.046300302690884365e-02,1.898896034706132330e-02,1.871333176571410295e-02,1.895619015699601118e-02,1.918762244414307094e-02,1.933345159663302226e-02,1.940747011827204105e-02,1.942931022454486012e-02,1.940485250895418456e-02,1.934387605063980775e-02,1.925300052379652627e-02,1.913576758012691670e-02,1.899543817704130166e-02,1.883508271944467349e-02,1.865775069236785821e-02,1.846660512449893599e-02,1.826500881211012839e-02,1.805656154233281629e-02,1.784509073726503470e-02,1.763460036630704053e-02,1.742918599654852407e-02,1.723292724234115614e-02,1.704977184090783471e-02,1.688342712276769131e-02,1.673727368232835744e-02,1.661431093195187003e-02,1.651712914156699963e-02,1.644783843474290075e-02,1.640691982123154702e-02,1.641123766993907163e-02,1.645741283630741680e-02,1.654339439535140732e-02
9.000000000000001332e-01,1.813402187771651075e-02,1.805053376382403929e-02,1.801204543800838387e-02,1.801877799046969209e-02,1.805387043022266269e-02,1.811898980352510957e-02,1.821000984564580261e-02,1.832282595423628813e-02,1.845334844615886816e-02,1.859753835905297858e-02,1.875146375074976390e-02,1.891136735636167465e-02,1.907373666110467880e-02,1.923536787645396817e-02,1.939341685271400717e-02,1.954543230825633859e-02,1.968936937210918892e-02,1.982358383281890291e-02,1.994680933203896167e-02,2.005812092009928715e-02,2.015688903686863043e-02,2.024272870201770935e-02,2.031545196319584079e-02,2.037505398888272978e-02,2.042218211849911036e-02,2.043255743900007637e-02,2.044461532527319658e-02,2.044809938960912010e-02,2.044115997289941422e-02,2.042247397831964406e-02,2.039020539484404093e-02,2.034129837086895431e-02,2.027075982424764167e-02,2.017247963877599748e-02,2.005309747312489232e-02,2.000083462604962392e-02,2.017949678910568867e-02,2.039327826965475765e-02,2.046336512526214513e-02,2.045649031019414199e-02,2.042521459771695636e-02,2.038903347009146660e-02,2.035523270833905496e-02,2.032728325643096134e-02,2.030757571194574673e-02,2.029835833312043647e-02,2.030218040757358899e-02,2.032229467343382723e-02,2.036338394491543635e-02,2.043346758557407217e-02,2.055096244229615010e-02,2.080797525472699583e-02,2.126871124676621427e-02,2.138979140029151349e-02,2.147039158742569676e-02,2.152915362173579705e-02,2.157333698430163871e-02,2.160680013297155977e-02,2.163189325370662441e-02,2.165014110213803189e-02,2.166254872142869825e-02,2.166975610865540247e-02,2.167212028302389903e-02,2.166975610865717883e-02,2.166254872142736598e-02,2.165014110213914211e-02,2.163189325370373783e-02,2.160680013297355817e-02,2.157333698430108360e-02,2.152915362173357661e-02,2.147039158742747311e-02,2.138979140029029224e-02,2.126871124676732450e-02,2.080797525472288800e-02,2.055096244229648317e-02,2.043346758558051146e-02,2.036338394490888604e-02,2.032229467343382723e-02,2.030218040757769682e-02,2.029835833312110260e-02,2.030757571194741207e-02,2.032728325642929601e-02,2.035523270834249665e-02,2.038903347009446421e-02,2.042521459772073111e-02,2.045649031019614039e-02,2.046336512526270024e-02,2.039327826965542378e-02,2.017949678910468947e-02,2.000083462604906881e-02,2.005309747312356006e-02,2.017247963877166761e-02,2.027075982424697553e-02,2.034129837087172987e-02,2.039020539484404093e-02,2.042247397831853384e-02,2.044115997290052444e-02,2.044809938960867601e-02,2.044461532527896974e-02,2.043255743900074251e-02,2.042218211849777809e-02,2.037505398888139752e-02,2.031545196319317625e-02,2.024272870202048491e-02,2.015688903686674305e-02,2.005812092009973124e-02,1.994680933204107109e-02,1.982358383281623837e-02,1.968936937211085425e-02,1.954543230824834499e-02,1.939341685271589455e-02,1.923536787645518942e-02,1.907373666110523391e-02,1.891136735636367305e-02,1.875146375074665528e-02,1.859753835905353370e-02,1.845334844616264292e-02,1.832282595423617710e-02,1.821000984564591363e-02,1.811898980352311117e-02,1.805387043022022020e-02,1.801877799047146844e-02,1.801204543800460911e-02,1.805053376382603769e-02,1.813402187771639973e-02
9.043010752688173115e-01,1.882109546067445294e-02,1.873820610577170420e-02,1.870145194596939398e-02,1.869219709558500586e-02,1.870768484801477172e-02,1.874953728745809567e-02,1.881365373919596795e-02,1.889593743447881558e-02,1.899237466225511817e-02,1.909911171464884205e-02,1.921252565026365655e-02,1.932928625934338118e-02,1.944640607786440878e-02,1.956127567889487384e-02,1.967168264299323788e-02,1.977581413432905055e-02,1.987224447701207986e-02,1.995991025647403383e-02,2.003807613754082784e-02,2.010629481061010360e-02,2.016436439632107724e-02,2.021228660349727591e-02,2.025023002245274206e-02,2.027851081062903571e-02,2.029768028419365322e-02,2.028789003858078033e-02,2.027402011274159754e-02,2.025793927129226901e-02,2.023698774098858788e-02,2.021080156488275215e-02,2.017946405923931597e-02,2.014315648919173807e-02,2.010200113382765164e-02,2.005591497967962322e-02,2.000440155758520522e-02,1.994625543736250339e-02,1.987951277924471238e-02,1.980418907074910084e-02,1.973684128573105490e-02,1.972014635045582498e-02,1.974388491938838808e-02,1.975757803483657593e-02,1.975634839417217403e-02,1.975119728474128422e-02,1.974999443293012913e-02,1.975766797032663113e-02,1.977804419408490944e-02,1.981508722530522792e-02,1.987422446683795307e-02,1.996539125599272602e-02,2.011645332165490352e-02,2.059824172259305808e-02,2.075086585817997875e-02,2.083487219676216640e-02,2.089332809583499539e-02,2.093655464918986464e-02,2.096925631838053583e-02,2.099409742737190498e-02,2.101275321891127312e-02,2.102633000072862135e-02,2.103556475893408884e-02,2.104092985545946703e-02,2.104268980303691805e-02,2.104092985546057726e-02,2.103556475893686439e-02,2.102633000072651193e-02,2.101275321891049597e-02,2.099409742737068374e-02,2.096925631837920356e-02,2.093655464918986464e-02,2.089332809583266393e-02,2.083487219675739244e-02,2.075086585817720319e-02,2.059824172259527852e-02,2.011645332165779010e-02,1.996539125599627873e-02,1.987422446684150579e-02,1.981508722530456179e-02,1.977804419408291103e-02,1.975766797032840749e-02,1.974999443293068424e-02,1.975119728474061809e-02,1.975634839417350630e-02,1.975757803483602082e-02,1.974388491938894319e-02,1.972014635045704622e-02,1.973684128573294227e-02,1.980418907074887880e-02,1.987951277924571158e-02,1.994625543735983886e-02,2.000440155758420602e-02,2.005591497968106651e-02,2.010200113383109333e-02,2.014315648918696411e-02,2.017946405923964903e-02,2.021080156488230806e-02,2.023698774099158548e-02,2.025793927129082572e-02,2.027402011274537230e-02,2.028789003857889295e-02,2.029768028419043358e-02,2.027851081063003491e-02,2.025023002245207593e-02,2.021228660349116968e-02,2.016436439631985600e-02,2.010629481060677293e-02,2.003807613754238215e-02,1.995991025647425587e-02,1.987224447701008145e-02,1.977581413432971669e-02,1.967168264299512526e-02,1.956127567889498486e-02,1.944640607786218833e-02,1.932928625934104971e-02,1.921252565025810544e-02,1.909911171465061841e-02,1.899237466225545123e-02,1.889593743448081398e-02,1.881365373919563488e-02,1.874953728745998305e-02,1.870768484801332843e-02,1.869219709558267439e-02,1.870145194596661842e-02,1.873820610576937273e-02,1.882109546066557115e-02
9.086021505376344898e-01,1.912905490304872558e-02,1.905700702935442248e-02,1.902650040128150977e-02,1.900170439118875620e-02,1.900247439404745275e-02,1.902530778694844216e-02,1.906653328217799981e-02,1.912244026411236142e-02,1.918940388967038668e-02,1.926398575110854772e-02,1.934301217303247000e-02,1.942363175720274171e-02,1.950335318495233228e-02,1.958006440229387302e-02,1.965203489564626427e-02,1.971790347561452883e-02,1.977665456087573936e-02,1.982758625363900684e-02,1.987027349437375801e-02,1.990452934106157201e-02,1.993036707517259476e-02,1.994796565666390187e-02,1.995764175318270883e-02,1.995983633552833592e-02,1.995515697103167341e-02,1.993833789799470679e-02,1.989650875587878343e-02,1.986111182321947943e-02,1.982356457836242924e-02,1.978318432665071569e-02,1.974011792565311119e-02,1.969478226445409152e-02,1.964772188599306357e-02,1.959955324448026115e-02,1.955093866378254663e-02,1.950256101796243868e-02,1.945508124657524540e-02,1.940904917330843471e-02,1.936471526015215439e-02,1.932171224234824347e-02,1.927907579433452145e-02,1.923821531523761674e-02,1.920904810616230751e-02,1.920058308244276812e-02,1.920904897688580082e-02,1.923029887183569375e-02,1.926500823327637058e-02,1.931659282506570374e-02,1.939108484455853709e-02,1.950140566120694974e-02,1.969817968962195298e-02,2.010752038060836799e-02,2.020149028234330402e-02,2.026066357032818566e-02,2.030286647273105149e-02,2.033431270419683301e-02,2.035815066926149886e-02,2.037625399175924112e-02,2.038983309588793258e-02,2.039970034064253479e-02,2.040640239589963656e-02,2.041029189388299248e-02,2.041156705859625831e-02,2.041029189388343656e-02,2.040640239590174598e-02,2.039970034064209070e-02,2.038983309589026405e-02,2.037625399175702068e-02,2.035815066926172090e-02,2.033431270419649994e-02,2.030286647273038536e-02,2.026066357032663134e-02,2.020149028234197175e-02,2.010752038061247582e-02,1.969817968961995458e-02,1.950140566120495134e-02,1.939108484456208981e-02,1.931659282506281716e-02,1.926500823327714773e-02,1.923029887183369535e-02,1.920904897688657798e-02,1.920058308244521061e-02,1.920904810616119729e-02,1.923821531524139150e-02,1.927907579433385532e-02,1.932171224234691120e-02,1.936471526014971190e-02,1.940904917330632529e-02,1.945508124657557847e-02,1.950256101796032926e-02,1.955093866377877188e-02,1.959955324447826275e-02,1.964772188599261948e-02,1.969478226445586788e-02,1.974011792565300016e-02,1.978318432665149285e-02,1.982356457836109698e-02,1.986111182321781410e-02,1.989650875588311330e-02,1.993833789799337453e-02,1.995515697103145136e-02,1.995983633552878000e-02,1.995764175318259781e-02,1.994796565666523414e-02,1.993036707516837591e-02,1.990452934106257121e-02,1.987027349437031631e-02,1.982758625363723048e-02,1.977665456087218665e-02,1.971790347561319656e-02,1.965203489564659733e-02,1.958006440229032030e-02,1.950335318495310943e-02,1.942363175720440704e-02,1.934301217302902831e-02,1.926398575110399580e-02,1.918940388966838828e-02,1.912244026411391573e-02,1.906653328217777776e-02,1.902530778694844216e-02,1.900247439404345595e-02,1.900170439119042154e-02,1.902650040127973341e-02,1.905700702935209101e-02,1.912905490304872558e-02
9.129032258064516681e-01,1.955977076269177495e-02,1.952131325409978135e-02,1.949663962511860582e-02,1.947408484090462633e-02,1.946962916138195165e-02,1.948059350570663373e-02,1.950405556156775688e-02,1.953700025251636774e-02,1.957647647386984158e-02,1.961971816982810424e-02,1.966422911918963568e-02,1.970783578469770259e-02,1.974871334156569347e-02,1.978539002771595445e-02,1.981673480597390125e-02,1.984193304764581001e-02,1.986045452172957582e-02,1.987201741652888654e-02,1.987655148184142018e-02,1.987416273837527836e-02,1.986510166376165287e-02,1.984973651025401242e-02,1.982853391890482264e-02,1.980205219995656574e-02,1.977097019791818067e-02,1.973636408742751591e-02,1.967664697724202938e-02,1.962094971747707639e-02,1.956615491459112732e-02,1.951091037098873215e-02,1.945526436053590658e-02,1.939963290975643684e-02,1.934459039147440329e-02,1.929080659017767818e-02,1.923902104520847089e-02,1.919003285615383803e-02,1.914469698596465985e-02,1.910392385571768603e-02,1.906868100661884835e-02,1.903999609107986934e-02,1.901895906041406459e-02,1.900671529980135777e-02,1.900442268851920691e-02,1.901309817820728831e-02,1.903320219525062029e-02,1.906389663429175485e-02,1.910299923874980710e-02,1.915066377121166230e-02,1.921605933852132964e-02,1.932231971010467397e-02,1.967108270853212826e-02,1.978484905719701814e-02,1.983326669573648449e-02,1.986541590049484274e-02,1.988857999638560248e-02,1.990579667219938287e-02,1.991873861751813912e-02,1.992845744474625036e-02,1.993565974248845407e-02,1.994083336954011187e-02,1.994431332205148788e-02,1.994631869950125314e-02,1.994697373221110404e-02,1.994631869950014291e-02,1.994431332205026663e-02,1.994083336954410868e-02,1.993565974248767692e-02,1.992845744474980307e-02,1.991873861751591868e-02,1.990579667219971594e-02,1.988857999638582452e-02,1.986541590049295536e-02,1.983326669573592937e-02,1.978484905719268827e-02,1.967108270852924168e-02,1.932231971010134330e-02,1.921605933851489034e-02,1.915066377120744345e-02,1.910299923875302675e-02,1.906389663429175485e-02,1.903320219524873291e-02,1.901309817820695525e-02,1.900442268852087224e-02,1.900671529980302310e-02,1.901895906041028983e-02,1.903999609107465130e-02,1.906868100661618382e-02,1.910392385571724194e-02,1.914469698596199532e-02,1.919003285615339394e-02,1.923902104520980316e-02,1.929080659017801125e-02,1.934459039147784498e-02,1.939963290975488253e-02,1.945526436053190977e-02,1.951091037098617864e-02,1.956615491459379186e-02,1.962094971747752048e-02,1.967664697723914280e-02,1.973636408742240889e-02,1.977097019791762555e-02,1.980205219995523347e-02,1.982853391890482264e-02,1.984973651025556673e-02,1.986510166376331821e-02,1.987416273837183667e-02,1.987655148184030995e-02,1.987201741652566689e-02,1.986045452172646719e-02,1.984193304764980681e-02,1.981673480597245796e-02,1.978539002771317890e-02,1.974871334156691471e-02,1.970783578469614827e-02,1.966422911919007976e-02,1.961971816982677197e-02,1.957647647386662193e-02,1.953700025251992045e-02,1.950405556156531439e-02,1.948059350570452430e-02,1.946962916138605948e-02,1.947408484090307201e-02,1.949663962511727355e-02,1.952131325409978135e-02,1.955977076269377335e-02
9.172043010752688463e-01,1.903998368315218404e-02,1.904774517725316141e-02,1.903126451140324527e-02,1.902953172675869720e-02,1.904035433540451905e-02,1.906167004259229358e-02,1.909111937102436762e-02,1.912621393842439677e-02,1.916450294728233583e-02,1.920370027323003992e-02,1.924177080837707887e-02,1.927698128175392434e-02,1.930792215686227831e-02,1.933350722184168369e-02,1.935295702148287500e-02,1.936577158248309338e-02,1.937169705552599375e-02,1.937069001457514261e-02,1.936288228810967293e-02,1.934854842048572277e-02,1.932807724996266074e-02,1.930194875721036318e-02,1.927071757775000727e-02,1.923500647898002125e-02,1.919552230633991829e-02,1.915317274560712768e-02,1.909793783370306031e-02,1.903522659416256868e-02,1.897645723613350377e-02,1.891854140648929761e-02,1.886134154239549332e-02,1.880522294808273376e-02,1.875073477932798216e-02,1.869851955060353177e-02,1.864927810521666007e-02,1.860375295712368704e-02,1.856271889290372901e-02,1.852697699143446286e-02,1.849735093440307843e-02,1.847468584406974923e-02,1.845985077311929068e-02,1.845374654443376894e-02,1.845732060959026644e-02,1.847158912836444067e-02,1.849766248192219464e-02,1.853676721289820861e-02,1.859029111316434779e-02,1.866014878493371665e-02,1.875118781682294511e-02,1.888684502763660067e-02,1.918467576965432464e-02,1.923108593642419706e-02,1.925458199787399849e-02,1.926972530586945620e-02,1.928053454478761974e-02,1.928858043883752149e-02,1.929463167957956582e-02,1.929915458332942535e-02,1.930247418095420997e-02,1.930482919728460089e-02,1.930639341972184564e-02,1.930728573273343684e-02,1.930757555843987117e-02,1.930728573273454707e-02,1.930639341972184564e-02,1.930482919728238045e-02,1.930247418095110135e-02,1.929915458332875922e-02,1.929463167957556902e-02,1.928858043883674434e-02,1.928053454478662054e-02,1.926972530586923416e-02,1.925458199787843938e-02,1.923108593641831288e-02,1.918467576965843246e-02,1.888684502763360307e-02,1.875118781682194591e-02,1.866014878493382767e-02,1.859029111316279348e-02,1.853676721289587714e-02,1.849766248191919704e-02,1.847158912836011080e-02,1.845732060958571452e-02,1.845374654443454610e-02,1.845985077312028988e-02,1.847468584406886105e-02,1.849735093440529887e-02,1.852697699143635024e-02,1.856271889289851096e-02,1.860375295712091148e-02,1.864927810521788132e-02,1.869851955060464199e-02,1.875073477932687194e-02,1.880522294808451012e-02,1.886134154239627048e-02,1.891854140648818738e-02,1.897645723613317070e-02,1.903522659416168050e-02,1.909793783369817533e-02,1.915317274560690564e-02,1.919552230633947421e-02,1.923500647897780080e-02,1.927071757775034033e-02,1.930194875721424896e-02,1.932807724996210563e-02,1.934854842048339130e-02,1.936288228811022805e-02,1.937069001457492057e-02,1.937169705552621579e-02,1.936577158248142805e-02,1.935295702148309704e-02,1.933350722183979631e-02,1.930792215686238933e-02,1.927698128175303616e-02,1.924177080837552456e-02,1.920370027323214934e-02,1.916450294728355708e-02,1.912621393842361961e-02,1.909111937102470069e-02,1.906167004258885189e-02,1.904035433540263167e-02,1.902953172675692084e-02,1.903126451140790820e-02,1.904774517725471572e-02,1.903998368315240608e-02
9.215053763440861356e-01,1.833318972200570496e-02,1.837846788373209694e-02,1.840648810911271749e-02,1.844248107627244337e-02,1.848509500869977007e-02,1.853269040365723708e-02,1.858329885169651696e-02,1.863482804310434560e-02,1.868524448658392956e-02,1.873270466901622022e-02,1.877563652181546416e-02,1.881277985906604222e-02,1.884319556700619902e-02,1.886625265015295927e-02,1.888160094512891796e-02,1.888913583795370776e-02,1.888895986281446948e-02,1.888134472956770615e-02,1.886669618744885035e-02,1.884552322103205668e-02,1.881841241521642338e-02,1.878600796049512134e-02,1.874899783860717317e-02,1.870810779483689235e-02,1.866410939781359968e-02,1.861787462499631118e-02,1.857091487510142969e-02,1.850377595133601005e-02,1.844464968146308781e-02,1.838773784251079846e-02,1.833260361759803114e-02,1.827953671689908077e-02,1.822903423583388527e-02,1.818167734339337649e-02,1.813808586058440753e-02,1.809889620815663402e-02,1.806474820147530025e-02,1.803627608032598584e-02,1.801410253282476059e-02,1.799883606500518596e-02,1.799107322255366626e-02,1.799140849807812081e-02,1.800045690788298902e-02,1.801889854759031184e-02,1.804756455019040917e-02,1.808761096137867508e-02,1.814091181141119780e-02,1.821113172142818648e-02,1.830778385622655602e-02,1.848460592392375812e-02,1.867375985434083230e-02,1.870374915564521068e-02,1.872044947810513893e-02,1.872964687688183361e-02,1.873383684696383611e-02,1.873481828865963816e-02,1.873402934677781406e-02,1.873248987745756988e-02,1.873081798033304768e-02,1.872934257058989083e-02,1.872822309129851259e-02,1.872753179576680527e-02,1.872729866459388326e-02,1.872753179576136517e-02,1.872822309129629215e-02,1.872934257058733731e-02,1.873081798033371381e-02,1.873248987745679273e-02,1.873402934677825815e-02,1.873481828865763976e-02,1.873383684696139362e-02,1.872964687688694063e-02,1.872044947810347360e-02,1.870374915564576579e-02,1.867375985434094332e-02,1.848460592391842905e-02,1.830778385622477966e-02,1.821113172143196124e-02,1.814091181141175291e-02,1.808761096138133961e-02,1.804756455018563521e-02,1.801889854759120002e-02,1.800045690788221187e-02,1.799140849808078535e-02,1.799107322255566466e-02,1.799883606500163324e-02,1.801410253282198504e-02,1.803627608032443153e-02,1.806474820147419003e-02,1.809889620815274824e-02,1.813808586058374139e-02,1.818167734339437569e-02,1.822903423583011051e-02,1.827953671689874771e-02,1.833260361759847523e-02,1.838773784251246379e-02,1.844464968146364292e-02,1.850377595133689823e-02,1.857091487510098560e-02,1.861787462499664425e-02,1.866410939781437683e-02,1.870810779483755848e-02,1.874899783860906055e-02,1.878600796049312294e-02,1.881841241521642338e-02,1.884552322103094646e-02,1.886669618744574173e-02,1.888134472956803922e-02,1.888895986281435846e-02,1.888913583795193141e-02,1.888160094512614240e-02,1.886625265014829633e-02,1.884319556700464471e-02,1.881277985906626427e-02,1.877563652181735154e-02,1.873270466901433284e-02,1.868524448658304138e-02,1.863482804310900853e-02,1.858329885169540674e-02,1.853269040365823628e-02,1.848509500869743860e-02,1.844248107627166622e-02,1.840648810911593714e-02,1.837846788373365126e-02,1.833318972200570496e-02
9.258064516129033139e-01,1.731758680449757559e-02,1.738937868825685129e-02,1.745901488847545480e-02,1.753212931787584417e-02,1.760768641387200351e-02,1.768418648477920740e-02,1.775981020827210877e-02,1.783266109861347815e-02,1.790095631635946205e-02,1.796315211805687984e-02,1.801801224152632663e-02,1.806463236919808590e-02,1.810243356624585687e-02,1.813113572211988433e-02,1.815071975311544072e-02,1.816138512489151591e-02,1.816350731962701470e-02,1.815759827354912481e-02,1.814427156052533796e-02,1.812421317914225671e-02,1.809815818611160143e-02,1.806687309203647285e-02,1.803114394270621812e-02,1.799177061889023488e-02,1.794957016772780189e-02,1.790540346802049765e-02,1.786034425487559307e-02,1.780396364900194150e-02,1.774821137636772850e-02,1.769595941104751269e-02,1.764610222335161183e-02,1.759880323616991316e-02,1.755448730203146290e-02,1.751366439111001760e-02,1.747687212424509084e-02,1.744465007398865453e-02,1.741752566210863495e-02,1.739600573479183065e-02,1.738057225511380199e-02,1.737168242457454159e-02,1.736977483801616096e-02,1.737528482469852253e-02,1.738867484218042936e-02,1.741049159050755968e-02,1.744147563010722823e-02,1.748278844972162016e-02,1.753655114087038225e-02,1.760744525046786801e-02,1.771009751157914813e-02,1.795895483951237548e-02,1.799773870038690049e-02,1.801558099780531386e-02,1.802620296917623044e-02,1.803266946104642443e-02,1.803618853237765052e-02,1.803739118624658744e-02,1.803680286173525715e-02,1.803500912486089014e-02,1.803263281337030843e-02,1.803023667481928882e-02,1.802825114563177955e-02,1.802695841163026724e-02,1.802651157423917905e-02,1.802695841163315382e-02,1.802825114562767173e-02,1.803023667482239745e-02,1.803263281337275092e-02,1.803500912485811458e-02,1.803680286173414693e-02,1.803739118624614335e-02,1.803618853237531905e-02,1.803266946104209456e-02,1.802620296917789577e-02,1.801558099780642408e-02,1.799773870038390289e-02,1.795895483950593619e-02,1.771009751158081347e-02,1.760744525046664677e-02,1.753655114087226963e-02,1.748278844972028789e-02,1.744147563010967072e-02,1.741049159050855888e-02,1.738867484217732073e-02,1.737528482469719027e-02,1.736977483801249722e-02,1.737168242457221012e-02,1.738057225511391302e-02,1.739600573479016532e-02,1.741752566211185460e-02,1.744465007398965373e-02,1.747687212424575698e-02,1.751366439111723405e-02,1.755448730203301722e-02,1.759880323617257769e-02,1.764610222334650480e-02,1.769595941104817882e-02,1.774821137636639623e-02,1.780396364899927697e-02,1.786034425487770250e-02,1.790540346802305116e-02,1.794957016772336100e-02,1.799177061888823648e-02,1.803114394270766141e-02,1.806687309203347525e-02,1.809815818611160143e-02,1.812421317914092445e-02,1.814427156053011192e-02,1.815759827354890277e-02,1.816350731962879106e-02,1.816138512488951751e-02,1.815071975312076979e-02,1.813113572212221580e-02,1.810243356624607891e-02,1.806463236920019533e-02,1.801801224152699277e-02,1.796315211805876721e-02,1.790095631635613138e-02,1.783266109861658677e-02,1.775981020827333001e-02,1.768418648477754207e-02,1.760768641387222555e-02,1.753212931787562212e-02,1.745901488847467764e-02,1.738937868825152222e-02,1.731758680449901888e-02
9.301075268817204922e-01,1.606488050402310463e-02,1.618755569499208402e-02,1.631621912392644536e-02,1.644909254164983459e-02,1.658374863841416413e-02,1.671706830343999695e-02,1.684585306525565596e-02,1.696724472188493316e-02,1.707894107743046508e-02,1.717926508652678486e-02,1.726714371941528992e-02,1.734203943984413687e-02,1.740386198996080047e-02,1.745287714272014679e-02,1.748962166675616103e-02,1.751482901659329183e-02,1.752936735700405535e-02,1.753418982768428780e-02,1.753029603062650210e-02,1.751870329660698555e-02,1.750042617806846224e-02,1.747646271251834804e-02,1.744778622885623243e-02,1.741534013734191699e-02,1.738004894379863163e-02,1.734282084645755173e-02,1.730461225067558839e-02,1.726340343528898202e-02,1.721342695809080503e-02,1.716977737593028408e-02,1.712898081768665648e-02,1.709098942461884096e-02,1.705611211014035344e-02,1.702474632328854209e-02,1.699730496330276175e-02,1.697418794849536727e-02,1.695576916043739502e-02,1.694239078787784791e-02,1.693436285565597110e-02,1.693196793191775740e-02,1.693547240864179404e-02,1.694514743667074885e-02,1.696130569234344243e-02,1.698436705828965110e-02,1.701498380815591460e-02,1.705430713456324021e-02,1.710466072994254461e-02,1.717180687342878542e-02,1.727971731076027861e-02,1.744259111338919421e-02,1.745718981156274552e-02,1.746398581306807252e-02,1.746776642433067739e-02,1.747011052332936298e-02,1.747167561570206473e-02,1.747275040748252906e-02,1.747342093800019480e-02,1.747370139030368641e-02,1.747362341398650543e-02,1.747328397325031979e-02,1.747284369877877275e-02,1.747248378757237930e-02,1.747234601054337144e-02,1.747248378757215725e-02,1.747284369877877275e-02,1.747328397325120797e-02,1.747362341398939201e-02,1.747370139030146596e-02,1.747342093800785534e-02,1.747275040749030062e-02,1.747167561570361904e-02,1.747011052332547720e-02,1.746776642433056637e-02,1.746398581306474185e-02,1.745718981155675031e-02,1.744259111339296897e-02,1.727971731075939044e-02,1.717180687343022871e-02,1.710466072994409892e-02,1.705430713456046465e-02,1.701498380815513745e-02,1.698436705828654247e-02,1.696130569234466368e-02,1.694514743666963863e-02,1.693547240864512471e-02,1.693196793191775740e-02,1.693436285565763644e-02,1.694239078787806996e-02,1.695576916043650684e-02,1.697418794849525625e-02,1.699730496330409402e-02,1.702474632328765392e-02,1.705611211013857709e-02,1.709098942461861892e-02,1.712898081768943204e-02,1.716977737593039510e-02,1.721342695809180423e-02,1.726340343528554033e-02,1.730461225067725373e-02,1.734282084646188160e-02,1.738004894380484888e-02,1.741534013734258313e-02,1.744778622885445607e-02,1.747646271251879213e-02,1.750042617806724099e-02,1.751870329660754066e-02,1.753029603062505881e-02,1.753418982767751544e-02,1.752936735700183490e-02,1.751482901659273672e-02,1.748962166675593899e-02,1.745287714271770430e-02,1.740386198995491629e-02,1.734203943984280460e-02,1.726714371941528992e-02,1.717926508652656281e-02,1.707894107742646828e-02,1.696724472188848587e-02,1.684585306525365755e-02,1.671706830344210637e-02,1.658374863841705071e-02,1.644909254164361734e-02,1.631621912392655638e-02,1.618755569499386038e-02,1.606488050402488099e-02
9.344086021505377815e-01,1.489156314629180855e-02,1.504020400946848302e-02,1.520021769607926565e-02,1.537013683005639120e-02,1.554520481266885579e-02,1.571958777806037322e-02,1.588791404829248410e-02,1.604593751962035686e-02,1.619067933870377285e-02,1.632029776050425429e-02,1.643388110367449695e-02,1.653123273969359097e-02,1.661268143428318300e-02,1.667892593689468406e-02,1.673091294644390992e-02,1.676974409759490747e-02,1.679660683034800428e-02,1.681272429580094041e-02,1.681932010268827327e-02,1.681759442821917361e-02,1.680870867885997377e-02,1.679377594928210815e-02,1.677385671530473576e-02,1.674996572224374258e-02,1.672306119443112138e-02,1.669406357494318538e-02,1.666388134839935642e-02,1.663358979386375669e-02,1.659295546560879409e-02,1.655711809169502224e-02,1.652444950811415847e-02,1.649453848566007075e-02,1.646757592102210399e-02,1.644387649308254318e-02,1.642377662308192043e-02,1.640760022877407742e-02,1.639564539222626571e-02,1.638818033829270160e-02,1.638544546630615883e-02,1.638766107420253082e-02,1.639504212740261480e-02,1.640782346557578819e-02,1.642630268049871667e-02,1.645091676243337631e-02,1.648239214856106472e-02,1.652208149621126054e-02,1.657289448135457199e-02,1.664302752297719401e-02,1.682861194998563903e-02,1.685702005122591274e-02,1.686351179810907652e-02,1.686636571714350552e-02,1.686794403610747395e-02,1.686916635197732717e-02,1.687043061002690969e-02,1.687185556128845132e-02,1.687338239561952946e-02,1.687488949800730609e-02,1.687623074115152111e-02,1.687729676726401618e-02,1.687804031113770975e-02,1.687846747857246754e-02,1.687860527750950634e-02,1.687846747857668639e-02,1.687804031114192860e-02,1.687729676726612560e-02,1.687623074115418564e-02,1.687488949800386440e-02,1.687338239562274911e-02,1.687185556128689701e-02,1.687043061002957423e-02,1.686916635197954761e-02,1.686794403610680781e-02,1.686636571714317245e-02,1.686351179810385847e-02,1.685702005122335922e-02,1.682861194998863663e-02,1.664302752297863730e-02,1.657289448135612631e-02,1.652208149620737476e-02,1.648239214856261903e-02,1.645091676243259915e-02,1.642630268050371267e-02,1.640782346557656535e-02,1.639504212740028333e-02,1.638766107420375207e-02,1.638544546630449350e-02,1.638818033829025911e-02,1.639564539222659878e-02,1.640760022876508462e-02,1.642377662308014408e-02,1.644387649308665100e-02,1.646757592102698897e-02,1.649453848566129199e-02,1.652444950811438051e-02,1.655711809169679860e-02,1.659295546560990431e-02,1.663358979386242442e-02,1.666388134839791313e-02,1.669406357494263027e-02,1.672306119442890093e-02,1.674996572224052294e-02,1.677385671530118305e-02,1.679377594928288531e-02,1.680870867885875253e-02,1.681759442822450268e-02,1.681932010268827327e-02,1.681272429579605543e-02,1.679660683035011370e-02,1.676974409759612872e-02,1.673091294644557525e-02,1.667892593689535019e-02,1.661268143428717980e-02,1.653123273969592244e-02,1.643388110366994503e-02,1.632029776050569758e-02,1.619067933870144138e-02,1.604593751962080095e-02,1.588791404828959752e-02,1.571958777805870788e-02,1.554520481266929988e-02,1.537013683005572506e-02,1.520021769607537987e-02,1.504020400946981528e-02,1.489156314629114242e-02
9.387096774193548487e-01,1.371179547545486876e-02,1.383627694268607655e-02,1.398394231241106844e-02,1.417016937118487085e-02,1.438454980126135929e-02,1.460913270788255502e-02,1.482915548201990674e-02,1.503528475434190437e-02,1.522254085631524756e-02,1.538880175404910844e-02,1.553367101904623571e-02,1.565774782583295721e-02,1.576218716285571197e-02,1.584843556242598872e-02,1.591807248906107475e-02,1.597271479891981816e-02,1.601395939671779178e-02,1.604334949142904865e-02,1.606235569882952241e-02,1.607236650709642500e-02,1.607468171298920279e-02,1.607052659540653128e-02,1.606103562493133019e-02,1.604726761282493364e-02,1.603021061951537263e-02,1.601078981959513925e-02,1.598988330597850283e-02,1.596838094226593618e-02,1.594085266257294631e-02,1.591276058754220735e-02,1.588850837204758282e-02,1.586685234310425408e-02,1.584782581548149771e-02,1.583165760966065427e-02,1.581861587732324992e-02,1.580896331639036756e-02,1.580294198836307284e-02,1.580076998680490785e-02,1.580264509246509519e-02,1.580875455868191448e-02,1.581929234026202558e-02,1.583448757693783904e-02,1.585465291484722261e-02,1.588027266608771360e-02,1.591218276772776719e-02,1.595200281668784914e-02,1.600347280000502526e-02,1.607935974996121953e-02,1.622582414370754567e-02,1.623392398804102132e-02,1.623631074211928649e-02,1.623737804384517425e-02,1.623838321076165325e-02,1.623985435069941197e-02,1.624198541926102912e-02,1.624475954220250262e-02,1.624801800738284729e-02,1.625146711229363827e-02,1.625480129093515025e-02,1.625771769989103888e-02,1.625996779084859511e-02,1.626138045349656558e-02,1.626186115434358204e-02,1.626138045349756478e-02,1.625996779084992738e-02,1.625771769988981763e-02,1.625480129093459514e-02,1.625146711229497054e-02,1.624801800738162605e-02,1.624475954220472307e-02,1.624198541926702433e-02,1.623985435070129935e-02,1.623838321075909974e-02,1.623737804384273176e-02,1.623631074212528169e-02,1.623392398803780168e-02,1.622582414370821180e-02,1.607935974995733375e-02,1.600347280000213868e-02,1.595200281668629483e-02,1.591218276772743412e-02,1.588027266609215449e-02,1.585465291484744466e-02,1.583448757693051157e-02,1.581929234026491216e-02,1.580875455868291368e-02,1.580264509246576132e-02,1.580076998679968980e-02,1.580294198835996422e-02,1.580896331639147778e-02,1.581861587732524832e-02,1.583165760966021018e-02,1.584782581548460634e-02,1.586685234310492021e-02,1.588850837205246780e-02,1.591276058754043099e-02,1.594085266257061484e-02,1.596838094226971094e-02,1.598988330597717056e-02,1.601078981959236369e-02,1.603021061951592774e-02,1.604726761282049274e-02,1.606103562493055303e-02,1.607052659540841866e-02,1.607468171298664927e-02,1.607236650710042181e-02,1.606235569882841219e-02,1.604334949143126909e-02,1.601395939671546031e-02,1.597271479891948509e-02,1.591807248905818817e-02,1.584843556242854223e-02,1.576218716285771038e-02,1.565774782583073677e-02,1.553367101904679082e-02,1.538880175404588879e-02,1.522254085631524756e-02,1.503528475433524303e-02,1.482915548201857447e-02,1.460913270787866924e-02,1.438454980125847271e-02,1.417016937118786846e-02,1.398394231240651653e-02,1.383627694268085850e-02,1.371179547545609001e-02
9.430107526881721380e-01,1.253085304446299730e-02,1.277976738854535999e-02,1.291660947180628405e-02,1.288345346908192912e-02,1.268850773905894069e-02,1.260293334036066693e-02,1.289947849505335142e-02,1.338373610402610048e-02,1.382607737124785796e-02,1.417458346276923020e-02,1.444327813447010556e-02,1.465248639084715254e-02,1.481740893699323713e-02,1.494839726164542970e-02,1.505256433387380799e-02,1.513499085307690173e-02,1.519947468588012107e-02,1.524897962744842239e-02,1.528590426704878880e-02,1.531225051521623026e-02,1.532973885234778511e-02,1.533985495990619619e-02,1.534391339562513057e-02,1.534308644682003120e-02,1.533842775048011031e-02,1.533089074071647406e-02,1.532134555671538223e-02,1.531060502321757166e-02,1.529961925537981493e-02,1.527740251613429745e-02,1.526230071701129010e-02,1.524958551591693023e-02,1.523900908482311856e-02,1.523068629842561084e-02,1.522481171950007539e-02,1.522159175508208673e-02,1.522122363823885660e-02,1.522389076889574255e-02,1.522976644438800431e-02,1.523902413100619579e-02,1.525185529810224594e-02,1.526849881577962975e-02,1.528929155043101673e-02,1.531476374991991296e-02,1.534584432846730628e-02,1.538439572091876428e-02,1.543512718535278161e-02,1.552108556459053101e-02,1.560257780311813391e-02,1.560521690855809496e-02,1.560676239497160722e-02,1.560888058315779148e-02,1.561218923633489464e-02,1.561693223959659260e-02,1.562311846409392135e-02,1.563055869789864438e-02,1.563888191566353836e-02,1.564756315361592875e-02,1.565596641792721400e-02,1.566339102601943534e-02,1.566921556805067617e-02,1.567292981600709734e-02,1.567420551220277680e-02,1.567292981600676427e-02,1.566921556804967697e-02,1.566339102601843614e-02,1.565596641792588173e-02,1.564756315361803818e-02,1.563888191566076280e-02,1.563055869789986563e-02,1.562311846409014660e-02,1.561693223959825794e-02,1.561218923633378441e-02,1.560888058315790250e-02,1.560676239497404971e-02,1.560521690855576349e-02,1.560257780311391507e-02,1.552108556458764443e-02,1.543512718535344774e-02,1.538439572091798713e-02,1.534584432846408664e-02,1.531476374992024603e-02,1.528929155042746402e-02,1.526849881578373758e-02,1.525185529810624274e-02,1.523902413100530762e-02,1.522976644438978067e-02,1.522389076889441029e-02,1.522122363823974478e-02,1.522159175508519535e-02,1.522481171949785494e-02,1.523068629842616595e-02,1.523900908482023198e-02,1.524958551591515388e-02,1.526230071701428770e-02,1.527740251613962652e-02,1.529961925537959289e-02,1.531060502320835681e-02,1.532134555671915699e-02,1.533089074071347646e-02,1.533842775047811191e-02,1.534308644682069733e-02,1.534391339562524159e-02,1.533985495990342063e-02,1.532973885234756306e-02,1.531225051522189240e-02,1.528590426704967697e-02,1.524897962744764524e-02,1.519947468587956596e-02,1.513499085307890013e-02,1.505256433387247572e-02,1.494839726164365334e-02,1.481740893699434736e-02,1.465248639084604232e-02,1.444327813447210396e-02,1.417458346277011838e-02,1.382607737125440828e-02,1.338373610403142955e-02,1.289947849504236022e-02,1.260293334035522683e-02,1.268850773905705331e-02,1.288345346908503775e-02,1.291660947180761632e-02,1.277976738854780248e-02,1.253085304445966663e-02
9.473118279569893163e-01,1.124691351267448347e-02,1.152893056801296279e-02,1.176192032910616803e-02,1.192886843562757093e-02,1.199964991510027446e-02,1.192007129535688215e-02,1.160966425053611140e-02,1.107689489906271696e-02,1.085121839753577788e-02,1.153617475555424043e-02,1.247168889993599539e-02,1.313534482407918702e-02,1.355331014144323110e-02,1.382500255969132397e-02,1.401178115696288806e-02,1.414626991488454610e-02,1.424614417315006598e-02,1.432157021674862474e-02,1.437885338264410784e-02,1.442215782703792915e-02,1.445443502566112759e-02,1.447789879942307234e-02,1.449428994660006964e-02,1.450502998291891554e-02,1.451131377697789659e-02,1.451416763703050616e-02,1.451448775266250824e-02,1.451306945141994653e-02,1.451065167861953498e-02,1.449931997719633436e-02,1.449131526599733988e-02,1.448581507338253527e-02,1.448206887961134282e-02,1.448006322735295726e-02,1.447993184778628706e-02,1.448184530829754735e-02,1.448597918818894659e-02,1.449250593906847850e-02,1.450159740319401092e-02,1.451343475229927016e-02,1.452822658518682086e-02,1.454623962002832283e-02,1.456785334501020657e-02,1.459366789607874360e-02,1.462475160521070627e-02,1.466335291227249815e-02,1.471599663261802249e-02,1.483502141209280811e-02,1.483961569538949643e-02,1.484160906378451106e-02,1.484440999466940525e-02,1.484883716929985553e-02,1.485525293848810602e-02,1.486378311495051285e-02,1.487435152228699931e-02,1.488666915120973044e-02,1.490021710772904129e-02,1.491424724580059369e-02,1.492782012907978295e-02,1.493990124665289798e-02,1.494942252400977001e-02,1.495552542861200429e-02,1.495762802506639400e-02,1.495552542860933976e-02,1.494942252400710547e-02,1.493990124665278696e-02,1.492782012907711842e-02,1.491424724579859529e-02,1.490021710772848618e-02,1.488666915121295009e-02,1.487435152228921975e-02,1.486378311495040183e-02,1.485525293849343509e-02,1.484883716930096575e-02,1.484440999467118161e-02,1.484160906378917399e-02,1.483961569539216097e-02,1.483502141208825620e-02,1.471599663261857760e-02,1.466335291226905646e-02,1.462475160520915196e-02,1.459366789608051995e-02,1.456785334500898532e-02,1.454623962003009918e-02,1.452822658518670984e-02,1.451343475230426616e-02,1.450159740319079127e-02,1.449250593907036588e-02,1.448597918819038988e-02,1.448184530829821348e-02,1.447993184778373355e-02,1.448006322734884943e-02,1.448206887960812317e-02,1.448581507338053687e-02,1.449131526599467534e-02,1.449931997719100529e-02,1.451065167861909089e-02,1.451306945141994653e-02,1.451448775265729019e-02,1.451416763703550217e-02,1.451131377697445490e-02,1.450502998292102497e-02,1.449428994660084680e-02,1.447789879942851243e-02,1.445443502565979532e-02,1.442215782703915039e-02,1.437885338264432988e-02,1.432157021674262953e-02,1.424614417315483994e-02,1.414626991488809882e-02,1.401178115696544157e-02,1.382500255968333036e-02,1.355331014143890123e-02,1.313534482408151849e-02,1.247168889994165752e-02,1.153617475555279714e-02,1.085121839753289130e-02,1.107689489906082958e-02,1.160966425053400197e-02,1.192007129534922161e-02,1.199964991509894219e-02,1.192886843562501742e-02,1.176192032910294838e-02,1.152893056801207461e-02,1.124691351267581574e-02
9.516129032258064946e-01,9.969182892209604852e-03,1.025988258284693533e-02,1.052128246648442733e-02,1.074928696005794659e-02,1.093840710675386685e-02,1.108056618760311363e-02,1.116301695001775673e-02,1.116459066150787827e-02,1.104914676710611054e-02,1.075665579950368933e-02,1.020924570609715865e-02,9.441893252329358610e-03,9.074913442871368474e-03,9.984106892705013614e-03,1.137995523268175990e-02,1.234752949189665827e-02,1.289813940185802199e-02,1.321365288786735537e-02,1.340537504458705342e-02,1.352921003270690647e-02,1.361328420290974783e-02,1.367248839538570682e-02,1.371522393885538094e-02,1.374655273792979582e-02,1.376972635109841026e-02,1.378696273989243881e-02,1.379985870746625043e-02,1.380961775284283988e-02,1.381717878581079084e-02,1.381748174749497515e-02,1.381494029483820718e-02,1.381631555001749945e-02,1.381914176276710648e-02,1.382316113404802316e-02,1.382842451966592723e-02,1.383506865147643428e-02,1.384325773547012695e-02,1.385316633415700771e-02,1.386497795932672972e-02,1.387889271168107896e-02,1.389514358070531586e-02,1.391402562679155963e-02,1.393595024867144705e-02,1.396155809791954638e-02,1.399199818879726109e-02,1.402983520175526966e-02,1.408434809547498556e-02,1.415919422399092298e-02,1.416303567878463010e-02,1.416847535655529899e-02,1.417647606190031162e-02,1.418751250954142229e-02,1.420187544741446928e-02,1.421968984520660673e-02,1.424086827157133861e-02,1.426503346580099141e-02,1.429142990798737411e-02,1.431885310702751823e-02,1.434563872520078220e-02,1.436975838053766719e-02,1.438905464440864979e-02,1.440157169065758858e-02,1.440590226675853014e-02,1.440157169066791365e-02,1.438905464439999005e-02,1.436975838053222709e-02,1.434563872520100425e-02,1.431885310702385450e-02,1.429142990799048274e-02,1.426503346579965914e-02,1.424086827157089452e-02,1.421968984521160273e-02,1.420187544741646768e-02,1.418751250954364274e-02,1.417647606190319820e-02,1.416847535655862966e-02,1.416303567878141045e-02,1.415919422399358751e-02,1.408434809547132183e-02,1.402983520175615784e-02,1.399199818879937052e-02,1.396155809791677083e-02,1.393595024867688714e-02,1.391402562679611155e-02,1.389514358071075595e-02,1.387889271168396554e-02,1.386497795932994936e-02,1.385316633415256682e-02,1.384325773547023797e-02,1.383506865147943188e-02,1.382842451966470598e-02,1.382316113405035463e-02,1.381914176277121431e-02,1.381631555001816558e-02,1.381494029483965047e-02,1.381748174749419800e-02,1.381717878580868142e-02,1.380961775284250681e-02,1.379985870746702759e-02,1.378696273989044041e-02,1.376972635109685594e-02,1.374655273792591004e-02,1.371522393885782343e-02,1.367248839537849037e-02,1.361328420290797148e-02,1.352921003270368683e-02,1.340537504458949591e-02,1.321365288786502390e-02,1.289813940185302599e-02,1.234752949189865667e-02,1.137995523267698594e-02,9.984106892709343484e-03,9.074913442879806169e-03,9.441893252327915320e-03,1.020924570609649251e-02,1.075665579950468853e-02,1.104914676710944121e-02,1.116459066150399249e-02,1.116301695002031025e-02,1.108056618760566714e-02,1.093840710675364480e-02,1.074928696005883477e-02,1.052128246648387222e-02,1.025988258284382670e-02,9.969182892208161562e-03
9.559139784946237839e-01,8.935995995868473152e-03,9.224006025023490096e-03,9.489528677801284395e-03,9.730147131747912681e-03,9.943071684682558420e-03,1.012478157560137149e-02,1.027046878277115827e-02,1.037312975137616444e-02,1.042203847049805177e-02,1.040015177170494631e-02,1.027985650928009420e-02,1.001731927805604716e-02,9.553089885116161639e-03,8.865179767183817283e-03,8.221495628394137611e-03,8.451188793157982104e-03,9.745544495410207730e-03,1.104265518019498238e-02,1.186625731156942809e-02,1.233526335459411705e-02,1.260721789716667818e-02,1.277348146098833404e-02,1.288100661923929913e-02,1.295411716318295436e-02,1.300597494416588784e-02,1.304409167966880112e-02,1.307299580568266339e-02,1.309556533585876092e-02,1.311371611002987159e-02,1.312872300711775964e-02,1.312848636172581074e-02,1.313544144031597583e-02,1.314379582216707032e-02,1.315289065181990402e-02,1.316269401984093701e-02,1.317332646716262712e-02,1.318495739697600477e-02,1.319777546520906064e-02,1.321198283114766170e-02,1.322780091400987956e-02,1.324548571267858410e-02,1.326535685221919003e-02,1.328785421518097198e-02,1.331366308924086805e-02,1.334405213174960636e-02,1.338216024919469671e-02,1.344660036373790390e-02,1.347941891920056978e-02,1.348510472513142489e-02,1.349362994531067006e-02,1.350548951240593265e-02,1.352106550472464974e-02,1.354064357030559940e-02,1.356436754252554611e-02,1.359215664185242645e-02,1.362359122416967327e-02,1.365778107923809603e-02,1.369325063140414134e-02,1.372790111841060146e-02,1.375912278969126934e-02,1.378410260666129705e-02,1.380029437059382413e-02,1.380594163708637190e-02,1.380029437058516439e-02,1.378410260666473874e-02,1.375912278969282365e-02,1.372790111840671567e-02,1.369325063141102472e-02,1.365778107923787399e-02,1.362359122417200474e-02,1.359215664185453587e-02,1.356436754252421384e-02,1.354064357030293486e-02,1.352106550472575996e-02,1.350548951240049256e-02,1.349362994531233539e-02,1.348510472513575476e-02,1.347941891920168000e-02,1.344660036374922818e-02,1.338216024920257929e-02,1.334405213174916227e-02,1.331366308923342956e-02,1.328785421518341447e-02,1.326535685221441607e-02,1.324548571268180375e-02,1.322780091401620783e-02,1.321198283114888294e-02,1.319777546520761735e-02,1.318495739697667091e-02,1.317332646715918543e-02,1.316269401984071497e-02,1.315289065181723949e-02,1.314379582216629316e-02,1.313544144031464356e-02,1.312848636171903838e-02,1.312872300711465101e-02,1.311371611002687398e-02,1.309556533585920501e-02,1.307299580568210828e-02,1.304409167967035543e-02,1.300597494416755318e-02,1.295411716318384254e-02,1.288100661924052037e-02,1.277348146098666870e-02,1.260721789716567898e-02,1.233526335458923207e-02,1.186625731157475716e-02,1.104265518019476033e-02,9.745544495412650221e-03,8.451188793159758461e-03,8.221495628389585697e-03,8.865179767188924309e-03,9.553089885117604929e-03,1.001731927805482592e-02,1.027985650927720762e-02,1.040015177170328098e-02,1.042203847050093835e-02,1.037312975137105742e-02,1.027046878277393382e-02,1.012478157560203762e-02,9.943071684686888290e-03,9.730147131745359168e-03,9.489528677802505641e-03,9.224006025019937383e-03,8.935995995868473152e-03
9.602150537634409622e-01,7.875515964712032080e-03,8.157539011121928141e-03,8.422987207925891617e-03,8.670255460139775217e-03,8.897726144661444181e-03,9.103674222703972418e-03,9.286134684555302776e-03,9.442709257679871016e-03,9.570278618327932030e-03,9.664565701680283283e-03,9.719461739852830462e-03,9.725977219508408211e-03,9.670632531631251361e-03,9.533176278814003979e-03,9.284315646231666719e-03,8.887921356350081403e-03,8.327211774206477735e-03,7.710987571408534080e-03,7.471188611989032502e-03,8.132650780678929436e-03,9.390864741371629520e-03,1.050327891035751637e-02,1.123585534736104563e-02,1.167911210459116056e-02,1.194838517577745396e-02,1.211788396860402628e-02,1.222942144505145823e-02,1.230620590557773841e-02,1.236140597861079549e-02,1.240272735657432790e-02,1.242026438450993808e-02,1.243768660915467450e-02,1.245579049717238096e-02,1.247302849614484455e-02,1.248949305263957754e-02,1.250549819001756102e-02,1.252137656820651035e-02,1.253743932571282915e-02,1.255397360869670020e-02,1.257125154276328427e-02,1.258954536925815937e-02,1.260915154872099819e-02,1.263043638737870733e-02,1.265394397094254941e-02,1.268072992216973116e-02,1.271398829391334750e-02,1.276760927526843226e-02,1.276952300371314575e-02,1.277329075372868328e-02,1.277820917546557133e-02,1.278342738272830736e-02,1.278745228510091980e-02,1.278770899132641858e-02,1.277991603713934943e-02,1.275724093275065751e-02,1.270937322339604769e-02,1.262210901226534787e-02,1.247900275427205052e-02,1.226790429102198043e-02,1.199481378455669045e-02,1.170094821215872383e-02,1.146547926431817910e-02,1.137429152816915590e-02,1.146547926433527653e-02,1.170094821215439396e-02,1.199481378458577829e-02,1.226790429101554114e-02,1.247900275428637240e-02,1.262210901225779835e-02,1.270937322339749098e-02,1.275724093275321103e-02,1.277991603714478952e-02,1.278770899132464223e-02,1.278745228511202203e-02,1.278342738272841839e-02,1.277820917546612645e-02,1.277329075372801714e-02,1.276952300370925997e-02,1.276760927526976452e-02,1.271398829391001684e-02,1.268072992217172956e-02,1.265394397094188328e-02,1.263043638738003960e-02,1.260915154872266353e-02,1.258954536925371848e-02,1.257125154276272916e-02,1.255397360869547896e-02,1.253743932570972053e-02,1.252137656820406786e-02,1.250549819001500751e-02,1.248949305264113185e-02,1.247302849614306819e-02,1.245579049717215891e-02,1.243768660915711699e-02,1.242026438450716253e-02,1.240272735657155234e-02,1.236140597860668766e-02,1.230620590557818250e-02,1.222942144505079209e-02,1.211788396860602468e-02,1.194838517577834214e-02,1.167911210458816296e-02,1.123585534736115665e-02,1.050327891036118011e-02,9.390864741379290059e-03,8.132650780683814418e-03,7.471188611992363171e-03,7.710987571407201813e-03,8.327211774212694984e-03,8.887921356350303448e-03,9.284315646232998986e-03,9.533176278816557492e-03,9.670632531630918294e-03,9.725977219509296390e-03,9.719461739849499793e-03,9.664565701680838394e-03,9.570278618329597364e-03,9.442709257681425328e-03,9.286134684553748464e-03,9.103674222702640151e-03,8.897726144661888270e-03,8.670255460138109882e-03,8.422987207922005837e-03,8.157539011125258810e-03,7.875515964707591188e-03
9.645161290322581404e-01,6.982395213148140378e-03,7.251623414321617389e-03,7.507978448791696735e-03,7.750112115822549441e-03,7.976717420763890232e-03,8.186488696825144906e-03,8.378065223886177471e-03,8.549950340035694651e-03,8.700395642585290190e-03,8.827234596838762215e-03,8.927641136978303749e-03,8.997774780670209083e-03,9.032258625097933091e-03,9.023407139546302247e-03,8.960135373833111316e-03,8.826607865994429147e-03,8.601350768859039597e-03,8.260081037704813944e-03,7.793649175124151007e-03,7.269333209388384454e-03,6.947504219247835344e-03,7.239403733931615292e-03,8.181008081403318144e-03,9.263883421217089520e-03,1.010500812037273821e-02,1.066256247094887755e-02,1.101725937656261589e-02,1.124538414747977555e-02,1.139678911633912328e-02,1.150121385783497985e-02,1.156754699549766841e-02,1.160404790901015115e-02,1.164062528930298601e-02,1.167208310991452169e-02,1.169932282849206473e-02,1.172339678894185333e-02,1.174516114851775761e-02,1.176527096880508605e-02,1.178421775896587587e-02,1.180236367884224258e-02,1.181996618906389074e-02,1.183719618236500626e-02,1.185416044353071463e-02,1.187096671114218349e-02,1.188801912753523204e-02,1.190838407461136672e-02,1.192152205117325003e-02,1.190501392552056892e-02,1.188090351976633929e-02,1.184345598524949583e-02,1.178337120240691149e-02,1.168501070293703759e-02,1.152204153890157290e-02,1.125111837790682134e-02,1.080579756509880696e-02,1.010189909746594950e-02,9.083407717821789795e-03,7.830306151142996107e-03,6.623997517078983321e-03,5.768082604998781004e-03,5.328622616993572425e-03,5.166494233343366105e-03,5.131344481751565212e-03,5.166494233326934804e-03,5.328622616939671097e-03,5.768082605034363652e-03,6.623997517072210961e-03,7.830306151136334769e-03,9.083407717815239479e-03,1.010189909746994630e-02,1.080579756509725264e-02,1.125111837790959690e-02,1.152204153889058169e-02,1.168501070293315180e-02,1.178337120241346181e-02,1.184345598525116117e-02,1.188090351976334169e-02,1.190501392552323345e-02,1.192152205117391617e-02,1.190838407461403126e-02,1.188801912754111623e-02,1.187096671114351576e-02,1.185416044353582166e-02,1.183719618236001025e-02,1.181996618906255847e-02,1.180236367884457405e-02,1.178421775896465462e-02,1.176527096880741752e-02,1.174516114852619530e-02,1.172339678894296355e-02,1.169932282848851202e-02,1.167208310991796338e-02,1.164062528930420726e-02,1.160404790899849381e-02,1.156754699550488485e-02,1.150121385783031691e-02,1.139678911633934533e-02,1.124538414747355830e-02,1.101725937655984033e-02,1.066256247095787035e-02,1.010500812037840035e-02,9.263883421217977698e-03,8.181008081390550579e-03,7.239403733923510664e-03,6.947504219243061385e-03,7.269333209387052186e-03,7.793649175119043981e-03,8.260081037708921770e-03,8.601350768857263240e-03,8.826607865996649593e-03,8.960135373831668026e-03,9.023407139546080202e-03,9.032258625102707050e-03,8.997774780671652373e-03,8.927641136978414771e-03,8.827234596838207104e-03,8.700395642583957923e-03,8.549950340035472607e-03,8.378065223885178270e-03,8.186488696829585798e-03,7.976717420762780009e-03,7.750112115820328995e-03,7.507978448793695136e-03,7.251623414323504768e-03,6.982395213147585267e-03
9.688172043010754297e-01,6.151322406468984205e-03,6.404411287531108776e-03,6.647677345511082692e-03,6.879952156827684462e-03,7.100117007039830064e-03,7.307088258190264085e-03,7.499793844795044073e-03,7.677137710184966934e-03,7.837948516844051028e-03,7.980907464939734908e-03,8.104447333873276982e-03,8.206612429885407067e-03,8.284859826111934389e-03,8.335780504996059825e-03,8.354706545078527391e-03,8.335172080166652897e-03,8.268227388348203810e-03,8.141756660502208476e-03,7.940480914212733055e-03,7.648954376004990507e-03,7.264129953324816036e-03,6.830955051929432642e-03,6.505532099480126895e-03,6.559130469541818442e-03,7.139655255259724775e-03,8.023292691038297342e-03,8.862238828568735904e-03,9.499153234836854587e-03,9.940196504084175544e-03,1.023874728785556520e-02,1.044328904694968863e-02,1.055312873325253697e-02,1.064226040788784911e-02,1.071168104009256883e-02,1.076593810662829220e-02,1.080896240997430979e-02,1.084351716735054705e-02,1.087144872745537949e-02,1.089391901015035469e-02,1.091155164309121073e-02,1.092449909140769115e-02,1.093244014343908166e-02,1.093451070113138357e-02,1.092917818593219792e-02,1.091420386273311838e-02,1.089137582155941253e-02,1.082578608661166619e-02,1.072569363950004462e-02,1.057520694599722866e-02,1.034511457239051246e-02,9.991716186522725529e-03,9.459630347553149576e-03,8.711420692690929890e-03,7.810492148904057963e-03,7.000478625774908537e-03,6.571992304263418738e-03,6.576049441778919480e-03,6.831009600044568586e-03,7.147283473321941472e-03,7.423941008546819376e-03,7.625650063203925910e-03,7.745656688670887746e-03,7.785281779850272699e-03,7.745656688672108992e-03,7.625650063207034535e-03,7.423941008545709153e-03,7.147283473345367177e-03,6.831009600043569385e-03,6.576049441754494573e-03,6.571992304275964258e-03,7.000478625798667309e-03,7.810492148904391030e-03,8.711420692676608013e-03,9.459630347548930729e-03,9.991716186529386867e-03,1.034511457238695975e-02,1.057520694599789479e-02,1.072569363949316124e-02,1.082578608660866859e-02,1.089137582155919048e-02,1.091420386273644905e-02,1.092917818592153978e-02,1.093451070113127255e-02,1.093244014343597303e-02,1.092449909140724706e-02,1.091155164309021153e-02,1.089391901014657993e-02,1.087144872744860713e-02,1.084351716735276749e-02,1.080896240997220037e-02,1.076593810662518358e-02,1.071168104010100652e-02,1.064226040789029160e-02,1.055312873325942036e-02,1.044328904694946658e-02,1.023874728785556520e-02,9.940196504085840878e-03,9.499153234822643732e-03,8.862238828556745496e-03,8.023292691045402769e-03,7.139655255254062638e-03,6.559130469546148312e-03,6.505532099492783438e-03,6.830955051925657884e-03,7.264129953331588396e-03,7.648954375993999300e-03,7.940480914214065322e-03,8.141756660498211673e-03,8.268227388344873141e-03,8.335172080168207209e-03,8.354706545079526592e-03,8.335780504993506312e-03,8.284859826113710746e-03,8.206612429886517290e-03,8.104447333873165960e-03,7.980907464942843532e-03,7.837948516844606139e-03,7.677137710189407827e-03,7.499793844797708608e-03,7.307088258191374308e-03,7.100117007040496198e-03,6.879952156827240373e-03,6.647677345509195312e-03,6.404411287530997754e-03,6.151322406466652737e-03
9.731182795698924970e-01,5.375822458075663057e-03,5.612574145570148332e-03,5.842349266735324953e-03,6.064144215615407951e-03,6.276998564673452741e-03,6.479995473078203894e-03,6.672257394574998557e-03,6.852935967145645790e-03,7.021195061571394724e-03,7.176185827434067299e-03,7.317011982178822649e-03,7.442682915062226456e-03,7.552051372922030659e-03,7.643730878383103722e-03,7.715986645356331941e-03,7.766592170307839993e-03,7.792643378145891475e-03,7.790326346083675801e-03,7.754651802249545867e-03,7.679222099202132057e-03,7.556226027032431070e-03,7.377215681053206353e-03,7.135910615982732352e-03,6.835560220369130136e-03,6.504131594798234772e-03,6.215491941261697129e-03,6.093462884243283639e-03,6.253326939959724662e-03,6.696251220966287221e-03,7.291183715387505870e-03,7.884677638519188569e-03,8.359006582305372746e-03,8.714830842904586206e-03,8.986244547033783725e-03,9.186623328638177099e-03,9.331701380357881881e-03,9.433707446350969583e-03,9.500987423127438269e-03,9.538518140343232865e-03,9.548395012119459402e-03,9.530058591139312085e-03,9.480211060382992549e-03,9.392434914138436675e-03,9.256617214922102654e-03,9.058591131756332793e-03,8.782069585225538155e-03,8.413546333517096798e-03,7.961118579819626007e-03,7.475040329577131715e-03,7.066113697793530157e-03,6.862140694903096083e-03,6.911203344968197548e-03,7.147545782768549572e-03,7.462012615115143355e-03,7.773584011829370866e-03,8.044147913344623646e-03,8.263657065557539205e-03,8.434674534602781826e-03,8.563624108626877174e-03,8.656997338597371972e-03,8.720036059946312257e-03,8.756425277455681666e-03,8.768319586828665635e-03,8.756425277457458023e-03,8.720036059946534301e-03,8.656997338601923886e-03,8.563624108622103215e-03,8.434674534605557383e-03,8.263657065555096715e-03,8.044147913350174761e-03,7.773584011827927576e-03,7.462012615120028336e-03,7.147545782768660594e-03,6.911203344970306972e-03,6.862140694904539373e-03,7.066113697780429526e-03,7.475040329571469577e-03,7.961118579815740226e-03,8.413546333525312448e-03,8.782069585208884810e-03,9.058591131747006919e-03,9.256617214919771186e-03,9.392434914141545299e-03,9.480211060380216992e-03,9.530058591133649948e-03,9.548395012116683844e-03,9.538518140344676155e-03,9.500987423133988585e-03,9.433707446350525494e-03,9.331701380367984910e-03,9.186623328632848029e-03,8.986244547038113595e-03,8.714830842908583008e-03,8.359006582306149902e-03,7.884677638521186971e-03,7.291183715384175201e-03,6.696251220972615492e-03,6.253326939953951502e-03,6.093462884251943379e-03,6.215491941257034192e-03,6.504131594799011928e-03,6.835560220202152593e-03,7.135910615979290661e-03,7.377215681056426000e-03,7.556226027033652315e-03,7.679222099199245477e-03,7.754651802248879733e-03,7.790326346083675801e-03,7.792643378145447386e-03,7.766592170310948617e-03,7.715986645356442963e-03,7.643730878384769056e-03,7.552051372922141681e-03,7.442682915063114635e-03,7.317011982175047891e-03,7.176185827430958675e-03,7.021195061572504947e-03,6.852935967143758411e-03,6.672257394578107181e-03,6.479995473079869228e-03,6.276998564675673187e-03,6.064144215616185107e-03,5.842349266734880864e-03,5.612574145568260953e-03,5.375822458077605948e-03
9.774193548387097863e-01,4.745217189961181692e-03,4.964678705792369140e-03,5.179035303071954921e-03,5.387404147237595531e-03,5.588931094735349880e-03,5.782795991569500416e-03,5.968214631447921192e-03,6.144436774377481925e-03,6.310739869434422999e-03,6.466417698161808225e-03,6.610763686432985509e-03,6.743047736456730945e-03,6.862485514059324387e-03,6.968198595768693160e-03,7.059163408488777769e-03,7.134146426208465286e-03,7.191622871579594900e-03,7.229676800456941166e-03,7.245883301852051872e-03,7.237181690562199954e-03,7.199768896643976568e-03,7.129084891688730607e-03,7.020060258354665628e-03,6.867978269094798804e-03,6.670580243852031188e-03,6.432342438840943366e-03,6.171486804027681572e-03,5.927710979328426610e-03,5.762476050524933946e-03,5.739531760883154199e-03,5.887635411772618177e-03,6.174286998406719462e-03,6.501914796863017543e-03,6.840071827342364408e-03,7.136548481963211898e-03,7.373177445395895369e-03,7.546532715443254880e-03,7.659067489704574072e-03,7.714144378049292428e-03,7.713803122634033116e-03,7.658184263200307207e-03,7.546186641262053740e-03,7.377674976911996474e-03,7.158261671121435299e-03,6.908873710637863930e-03,6.689818750538978342e-03,6.525187574397794954e-03,6.481230029066753495e-03,6.579404837414926099e-03,6.792475422941368635e-03,7.065418111921628608e-03,7.346786090010160031e-03,7.604570405395083554e-03,7.825284798483655990e-03,8.006935921466173944e-03,8.152863745823801800e-03,8.268082169198831544e-03,8.357537505393142219e-03,8.425438006961827320e-03,8.475087894076360762e-03,8.508920058929447805e-03,8.528585261625032388e-03,8.535036571021392682e-03,8.528585261633470083e-03,8.508920058922564422e-03,8.475087894076804851e-03,8.425438006967489457e-03,8.357537505386924970e-03,8.268082169198831544e-03,8.152863745819916019e-03,8.006935921462066119e-03,7.825284798490761418e-03,7.604570405393085153e-03,7.346786090005386072e-03,7.065418111929289147e-03,6.792475422949140196e-03,6.579404837421698460e-03,6.481230029056206376e-03,6.525187574398350066e-03,6.689818750546860926e-03,6.908873710638752108e-03,7.158261671121324277e-03,7.377674976902448556e-03,7.546186641270713480e-03,7.658184263211520459e-03,7.713803122643692056e-03,7.714144378049070383e-03,7.659067489707016563e-03,7.546532715445475326e-03,7.373177445389345053e-03,7.136548481966764612e-03,6.840071827339699873e-03,6.501914796858909718e-03,6.174286998414935113e-03,5.887635411773284311e-03,5.739531760885485667e-03,5.762476050519493853e-03,5.927710979330647056e-03,6.171486804020798189e-03,6.432342438843940968e-03,6.670580243848145408e-03,6.867978269092689381e-03,7.020060258353666427e-03,7.129084891685955050e-03,7.199768896644420657e-03,7.237181690557537017e-03,7.245883301850053471e-03,7.229676800455164809e-03,7.191622871577263432e-03,7.134146426207799152e-03,7.059163408486113234e-03,6.968198595766028625e-03,6.862485514058547231e-03,6.743047736455065611e-03,6.610763686433318576e-03,6.466417698161142091e-03,6.310739869437531624e-03,6.144436774381700772e-03,5.968214631447144036e-03,5.782795991567724059e-03,5.588931094736904193e-03,5.387404147239038821e-03,5.179035303071177765e-03,4.964678705792480162e-03,4.745217189961015158e-03
9.817204301075269646e-01,4.113430934911788128e-03,4.313673241520932233e-03,4.510574870887407162e-03,4.703386044910939923e-03,4.891370794976701575e-03,5.073814952367361464e-03,5.250031932497623011e-03,5.419366143442627681e-03,5.581193412785068197e-03,5.734918934300226034e-03,5.879972021124557635e-03,6.015797715765103248e-03,6.141845002016865784e-03,6.257551353245571768e-03,6.362323309207384980e-03,6.455512762082893374e-03,6.536388708948348558e-03,6.604104500578245052e-03,6.657661285205840329e-03,6.695869767792017591e-03,6.717315200944873332e-03,6.720335755458717308e-03,6.703033875334551972e-03,6.663349671073848235e-03,6.599265383643415639e-03,6.509204154947378917e-03,6.392734589755311170e-03,6.251640210891307170e-03,6.091260146464438918e-03,5.921634246869311724e-03,5.757402623674079400e-03,5.614265128053519405e-03,5.496148998894723192e-03,5.443984731190787407e-03,5.440544135878799814e-03,5.472396075761221113e-03,5.523351522401465097e-03,5.579226123953229255e-03,5.631281891995687516e-03,5.677739483836985457e-03,5.723935547370273547e-03,5.781470292483104068e-03,5.866228100480319618e-03,5.995991445405635112e-03,6.223101516629525598e-03,6.427314267231198919e-03,6.642996342218987493e-03,6.863661845965873809e-03,7.076098995663637758e-03,7.270628043815063890e-03,7.442158697365641729e-03,7.589353102455898004e-03,7.713267069615725724e-03,7.816162684880612055e-03,7.900700363911883350e-03,7.969479610027585537e-03,8.024812749033216619e-03,8.068644258495294430e-03,8.102543664907702059e-03,8.127729981203035692e-03,8.145106105835298038e-03,8.155291393047714443e-03,8.158646955259696298e-03,8.155291393048935689e-03,8.145106105837962573e-03,8.127729981208253740e-03,8.102543664908590237e-03,8.068644258491408650e-03,8.024812749035103998e-03,7.969479610027918604e-03,7.900700363909773927e-03,7.816162684879168765e-03,7.713267069619500482e-03,7.589353102449458710e-03,7.442158697359646524e-03,7.270628043814841845e-03,7.076098995666080249e-03,6.863661845978308307e-03,6.642996342211993088e-03,6.427314267225758826e-03,6.223101516631190933e-03,5.995991445403969777e-03,5.866228100487869135e-03,5.781470292469781391e-03,5.723935547379044309e-03,5.677739483837873635e-03,5.631281891999795342e-03,5.579226123949121430e-03,5.523351522400576918e-03,5.472396075755003864e-03,5.440544135887015464e-03,5.443984731197448745e-03,5.496148998898275906e-03,5.614265128051521003e-03,5.757402623666751929e-03,5.921634246866758211e-03,6.091260146454557933e-03,6.251640210890641036e-03,6.392734589752202545e-03,6.509204154948600163e-03,6.599265383638752702e-03,6.663349671071738811e-03,6.703033875333330727e-03,6.720335755458606286e-03,6.717315200944873332e-03,6.695869767790574301e-03,6.657661285205174195e-03,6.604104500579355275e-03,6.536388708942464376e-03,6.455512762084003597e-03,6.362323309207940092e-03,6.257551353245127679e-03,6.141845002015644539e-03,6.015797715765325293e-03,5.879972021122781278e-03,5.734918934298782744e-03,5.581193412789176023e-03,5.419366143443959949e-03,5.250031932497734033e-03,5.073814952369914977e-03,4.891370794977256686e-03,4.703386044911439523e-03,4.510574870889627608e-03,4.313673241523929835e-03,4.113430934914175108e-03
9.860215053763441428e-01,3.582554889399014453e-03,3.763646654158681049e-03,3.942527876033108392e-03,4.118559417268963241e-03,4.291104867855666249e-03,4.459539094227249478e-03,4.623254579964819477e-03,4.781666485042412873e-03,4.934215595620239370e-03,5.080369268409934413e-03,5.219620313592354677e-03,5.351483744124529984e-03,5.475491340183102906e-03,5.591183990942938387e-03,5.698101799255117506e-03,5.795771984081987682e-03,5.883694716639187305e-03,5.961327225293633347e-03,6.028066875273796477e-03,6.083234590015251797e-03,6.126061109199110177e-03,6.155680423958975744e-03,6.171137612906441028e-03,6.171423251326135784e-03,6.155545493854219785e-03,6.122675819919098927e-03,6.072375250113615230e-03,6.004929365391209473e-03,5.921772733175734160e-03,5.825916215807191989e-03,5.722157941904115752e-03,5.616499510956662888e-03,5.505447467338386858e-03,5.420675177935763145e-03,5.362045525108993793e-03,5.331213992344263630e-03,5.328301344455388389e-03,5.351934449479345268e-03,5.400641713233067520e-03,5.473969348031015869e-03,5.572747823691659441e-03,5.698507666014318573e-03,5.852744362556894231e-03,6.038969850227449143e-03,6.271385055103273487e-03,6.439231852101601206e-03,6.602449347779537625e-03,6.756169246962318020e-03,6.896472104197193254e-03,7.021259942397550802e-03,7.130022879374475764e-03,7.223357830660970258e-03,7.302496962435789385e-03,7.368943519222348471e-03,7.424239230353069097e-03,7.469817469197947979e-03,7.506940837185283044e-03,7.536676049012980272e-03,7.559893365207903670e-03,7.577277329379406012e-03,7.589341140596395086e-03,7.596440383170977029e-03,7.598783854998236720e-03,7.596440383169533739e-03,7.589341140594285662e-03,7.577277329380072146e-03,7.559893365202574600e-03,7.536676049011314937e-03,7.506940837190390070e-03,7.469817469195283444e-03,7.424239230348184115e-03,7.368943519224790961e-03,7.302496962439675166e-03,7.223357830659193901e-03,7.130022879369479760e-03,7.021259942388557995e-03,6.896472104195527919e-03,6.756169246965648689e-03,6.602449347783201361e-03,6.439231852096272135e-03,6.271385055117040253e-03,6.038969850231445946e-03,5.852744362555228896e-03,5.698507666005436789e-03,5.572747823692547620e-03,5.473969348028462356e-03,5.400641713229736851e-03,5.351934449477679934e-03,5.328301344460273370e-03,5.331213992342487273e-03,5.362045525112879574e-03,5.420675177936984390e-03,5.505447467336832545e-03,5.616499510952221996e-03,5.722157941900452016e-03,5.825916215806192788e-03,5.921772733174845982e-03,6.004929365392097651e-03,6.072375250112171940e-03,6.122675819922651641e-03,6.155545493847336402e-03,6.171423251327357029e-03,6.171137612907218184e-03,6.155680423958864722e-03,6.126061109200997556e-03,6.083234590014030552e-03,6.028066875270909897e-03,5.961327225287083031e-03,5.883694716637410949e-03,5.795771984084430173e-03,5.698101799256560795e-03,5.591183990942494297e-03,5.475491340183991085e-03,5.351483744122642605e-03,5.219620313598460903e-03,5.080369268411044636e-03,4.934215595617019723e-03,4.781666485043523096e-03,4.623254579965485611e-03,4.459539094228803791e-03,4.291104867852058025e-03,4.118559417270961642e-03,3.942527876036161505e-03,3.763646654160679450e-03,3.582554889397626674e-03
9.903225806451614321e-01,3.063723983384281091e-03,3.224805421850163167e-03,3.384686660394042867e-03,3.542842930949585689e-03,3.698743518862401825e-03,3.851859099416488075e-03,4.001668916404133025e-03,4.147666276721251322e-03,4.289362850108724423e-03,4.426291661839387714e-03,4.558008746043173964e-03,4.684093451850168677e-03,4.804147419896875881e-03,4.917792279416244305e-03,5.024666159432755741e-03,5.124419168784699607e-03,5.216708089087696010e-03,5.301190659745547151e-03,5.377520038700733807e-03,5.445340329861325657e-03,5.504284519881941229e-03,5.553976807324612075e-03,5.594042167452517589e-03,5.624127060931849442e-03,5.643936468817778440e-03,5.653292504491203019e-03,5.652218248538898315e-03,5.641056975441260946e-03,5.620607663288756939e-03,5.592265901533610695e-03,5.558114125724267218e-03,5.520823651836481716e-03,5.481436967776254221e-03,5.442997736145760435e-03,5.420920692023045717e-03,5.414178069861219633e-03,5.425660688122668773e-03,5.457369941063827667e-03,5.510179589333197292e-03,5.583849705492194282e-03,5.677152247639649651e-03,5.788180332558789942e-03,5.915352277461649599e-03,6.064025301595554751e-03,6.204515900128604322e-03,6.306563350219951403e-03,6.404336158803758394e-03,6.495323964144761320e-03,6.578085168613800882e-03,6.652000000857194451e-03,6.717052837484249750e-03,6.773626815025024506e-03,6.822331524617308851e-03,6.863883463124276219e-03,6.899006222057635362e-03,6.928385114374768783e-03,6.952635396448525462e-03,6.972288093680556464e-03,6.987785558119075091e-03,6.999482346053964577e-03,7.007648511066388863e-03,7.012473482613690301e-03,7.014069429169156322e-03,7.012473482613801323e-03,7.007648511067499086e-03,6.999482346051855153e-03,6.987785558116521578e-03,6.972288093676892728e-03,6.952635396451745109e-03,6.928385114377544340e-03,6.899006222056858206e-03,6.863883463123277018e-03,6.822331524618752141e-03,6.773626815022915082e-03,6.717052837486581218e-03,6.652000000855529116e-03,6.578085168610137146e-03,6.495323964140653494e-03,6.404336158806755996e-03,6.306563350223282072e-03,6.204515900132823170e-03,6.064025301595332706e-03,5.915352277466867648e-03,5.788180332556458474e-03,5.677152247634209559e-03,5.583849705489529747e-03,5.510179589330088668e-03,5.457369941060385976e-03,5.425660688118116859e-03,5.414178069866326659e-03,5.420920692017605624e-03,5.442997736145427368e-03,5.481436967776476266e-03,5.520823651833262069e-03,5.558114125722934951e-03,5.592265901534054784e-03,5.620607663284649114e-03,5.641056975440483789e-03,5.652218248536344802e-03,5.653292504489426662e-03,5.643936468813670615e-03,5.624127060931516375e-03,5.594042167451629410e-03,5.553976807320282205e-03,5.504284519879276694e-03,5.445340329862324857e-03,5.377520038701844030e-03,5.301190659746768397e-03,5.216708089087362943e-03,5.124419168784255518e-03,5.024666159427648715e-03,4.917792279411692391e-03,4.804147419896764859e-03,4.684093451851500944e-03,4.558008746042618853e-03,4.426291661840275893e-03,4.289362850110056691e-03,4.147666276718364742e-03,4.001668916404632625e-03,3.851859099414323140e-03,3.698743518863178981e-03,3.542842930947753821e-03,3.384686660393043667e-03,3.224805421849052944e-03,3.063723983384114558e-03
9.946236559139786104e-01,2.654769292845193807e-03,2.798570401797484397e-03,2.941769294684315472e-03,3.083929526042417102e-03,3.224602832609946290e-03,3.363336755508428144e-03,3.499680827000639649e-03,3.633191962106319117e-03,3.763438925415418801e-03,3.890005845287092257e-03,4.012494757812401502e-03,4.130527178006548894e-03,4.243744717028041791e-03,4.351808793777500739e-03,4.454399527927699332e-03,4.551213954035127074e-03,4.641963767878953817e-03,4.726372916572296745e-03,4.804175484525385897e-03,4.875114524336199295e-03,4.938942751946284737e-03,4.995426382446432889e-03,5.044353828321246347e-03,5.085551480417560555e-03,5.118909243553515509e-03,5.144418720233190356e-03,5.162226899421140658e-03,5.172700687179454526e-03,5.176512367587426944e-03,5.174715424399067842e-03,5.168800331781797652e-03,5.160667513614547453e-03,5.152207749245851787e-03,5.141392893067031622e-03,5.142080554285999305e-03,5.153414011217161139e-03,5.177422460850844566e-03,5.215653647147600047e-03,5.268778486974268205e-03,5.336522289353218262e-03,5.417801333869154412e-03,5.511167448555287507e-03,5.616269943538143572e-03,5.753416529997945617e-03,5.827965460317274804e-03,5.903704545412891136e-03,5.976261936223914439e-03,6.043880920577060500e-03,6.105602619139727238e-03,6.161020396098670915e-03,6.210115354794432108e-03,6.253130458020894622e-03,6.290453857840216934e-03,6.322543173060246602e-03,6.349871359609737809e-03,6.372890925103624760e-03,6.392013067737845056e-03,6.407596740224286158e-03,6.419944022772461345e-03,6.429299184650849597e-03,6.435849630798018417e-03,6.439727547304263666e-03,6.441011500338822415e-03,6.439727547302376287e-03,6.435849630796353082e-03,6.429299184650627552e-03,6.419944022772794412e-03,6.407596740225840470e-03,6.392013067739399368e-03,6.372890925101404314e-03,6.349871359605963050e-03,6.322543173057582067e-03,6.290453857833999685e-03,6.253130458019784399e-03,6.210115354788769970e-03,6.161020396097338647e-03,6.105602619141059506e-03,6.043880920573951876e-03,5.976261936221916038e-03,5.903704545414334426e-03,5.827965460311834711e-03,5.753416529992172457e-03,5.616269943536145171e-03,5.511167448559617377e-03,5.417801333868821345e-03,5.336522289347001013e-03,5.268778486979153186e-03,5.215653647153040140e-03,5.177422460851621722e-03,5.153414011210610823e-03,5.142080554283889882e-03,5.141392893067808778e-03,5.152207749244186452e-03,5.160667513612771096e-03,5.168800331775913470e-03,5.174715424397069441e-03,5.176512367588648189e-03,5.172700687182230084e-03,5.162226899421806792e-03,5.144418720230303776e-03,5.118909243553848576e-03,5.085551480415451131e-03,5.044353828323577815e-03,4.995426382446543911e-03,4.938942751945729626e-03,4.875114524336643385e-03,4.804175484521167050e-03,4.726372916573073901e-03,4.641963767878176661e-03,4.551213954030464137e-03,4.454399527922370261e-03,4.351808793774392115e-03,4.243744717028263835e-03,4.130527178004994582e-03,4.012494757813844792e-03,3.890005845283539543e-03,3.763438925414752667e-03,3.633191962105986050e-03,3.499680827002638051e-03,3.363336755508650189e-03,3.224602832607226244e-03,3.083929526041917502e-03,2.941769294684648539e-03,2.798570401798150531e-03,2.654769292845748918e-03
9.989247311827957887e-01,2.283246756280887801e-03,2.410318782001708016e-03,2.537218045988554049e-03,2.663586635208103903e-03,2.789052057320884348e-03,2.913233511639856665e-03,3.035747500745811234e-03,3.156212767607857739e-03,3.274254553614519558e-03,3.389508167297883290e-03,3.501621854476111295e-03,3.610258968990143202e-03,3.715099458782233910e-03,3.815840705188922044e-03,3.912197784841531245e-03,4.003903265638042441e-03,4.090706704165558705e-03,4.172374086637065105e-03,4.248687555690522366e-03,4.319445897984386384e-03,4.384466440947365484e-03,4.443589223023680645e-03,4.496684553864982448e-03,4.543665337998104015e-03,4.584505724642973234e-03,4.619267626761569545e-03,4.648136201657160349e-03,4.671464958085791430e-03,4.689821692125506480e-03,4.704043429582749347e-03,4.715266274776030997e-03,4.724916284584823600e-03,4.734557188714516585e-03,4.742511595682064041e-03,4.757516196972733091e-03,4.780378407788110628e-03,4.812211759379736442e-03,4.854040845186258224e-03,4.906264406279392531e-03,4.968591738493066678e-03,5.040195535555236361e-03,5.120220884388348992e-03,5.209887763094722679e-03,5.306928116070253054e-03,5.366741711089972888e-03,5.426450420624950866e-03,5.483523914932342258e-03,5.536722531925941659e-03,5.585379383628352734e-03,5.629213402191468596e-03,5.668222479696560789e-03,5.702573975776004112e-03,5.732540972110511390e-03,5.758446755047885723e-03,5.780626883664652382e-03,5.799404457922152645e-03,5.815075059666052759e-03,5.827898409371146116e-03,5.838094403603055760e-03,5.845841805265039604e-03,5.851278371697188341e-03,5.854501603025363821e-03,5.855569584377273706e-03,5.854501603024142575e-03,5.851278371693302560e-03,5.845841805263707336e-03,5.838094403604721094e-03,5.827898409371146116e-03,5.815075059666052759e-03,5.799404457919599132e-03,5.780626883661321713e-03,5.758446755046886523e-03,5.732540972104960275e-03,5.702573975774338777e-03,5.668222479690676607e-03,5.629213402189470195e-03,5.585379383631128292e-03,5.536722531924609392e-03,5.483523914934118615e-03,5.426450420626283133e-03,5.366741711093858669e-03,5.306928116069586920e-03,5.209887763097054147e-03,5.120220884384241167e-03,5.040195535552571826e-03,4.968591738496841437e-03,4.906264406277949242e-03,4.854040845184481867e-03,4.812211759384177334e-03,4.780378407787111428e-03,4.757516196968736288e-03,4.742511595687837200e-03,4.734557188712962272e-03,4.724916284581714976e-03,4.715266274772811350e-03,4.704043429584414682e-03,4.689821692122397856e-03,4.671464958083348940e-03,4.648136201656938304e-03,4.619267626762124657e-03,4.584505724642640168e-03,4.543665337995439479e-03,4.496684553863983247e-03,4.443589223022681445e-03,4.384466440946588328e-03,4.319445897982387983e-03,4.248687555691077478e-03,4.172374086638952484e-03,4.090706704161339857e-03,4.003903265639929820e-03,3.912197784836202175e-03,3.815840705187700799e-03,3.715099458783899244e-03,3.610258968990476269e-03,3.501621854478553786e-03,3.389508167299215557e-03,3.274254553614741603e-03,3.156212767607413650e-03,3.035747500745644700e-03,2.913233511641466489e-03,2.789052057323604394e-03,2.663586635208547992e-03,2.537218045988831605e-03,2.410318782002818239e-03,2.283246756279888601e-03
1.003225806451613078e+00,1.943425678488763797e-03,2.054665229620278311e-03,2.166085728827316093e-03,2.277402182264409713e-03,2.388313255812068991e-03,2.498506641730902089e-03,2.607663887686850757e-03,2.715464731664174458e-03,2.821590962750586407e-03,2.925729813659183609e-03,3.027576884968075088e-03,3.126838603191739452e-03,3.223234223732274195e-03,3.316497405823071176e-03,3.406377409586380800e-03,3.492639996621749177e-03,3.575068156472793746e-03,3.653462834471987719e-03,3.727643904396948926e-03,3.797451715756294810e-03,3.862749651351804481e-03,3.923428255191985237e-03,3.979411623851625279e-03,4.030666871579269284e-03,4.077217531699428577e-03,4.119161655124603527e-03,4.156694973626473555e-03,4.190138625292827435e-03,4.219969591174654866e-03,4.246848131644220814e-03,4.271633559717269435e-03,4.295379950943312153e-03,4.319261877671287664e-03,4.343891315864323310e-03,4.369474413518092959e-03,4.402069754208870478e-03,4.440757899356606586e-03,4.486064682785784186e-03,4.538100061592609258e-03,4.596512039636624358e-03,4.660655529144408504e-03,4.730160437758312852e-03,4.808419880070857744e-03,4.873315323380200681e-03,4.922486602464082317e-03,4.970788012299887093e-03,5.016623142496179355e-03,5.059181742308682672e-03,5.098048122951781558e-03,5.133082639969477334e-03,5.164315880913927792e-03,5.191896606877799414e-03,5.216039756595791665e-03,5.236990350825920792e-03,5.254998554361844931e-03,5.270303387748032087e-03,5.283122786851390806e-03,5.293648065878620024e-03,5.302041260359158237e-03,5.308434224013947045e-03,5.312928684670925605e-03,5.315596720540716191e-03,5.316481307053422256e-03,5.315596720536719388e-03,5.312928684669704360e-03,5.308434224013169889e-03,5.302041260360379482e-03,5.293648065880618425e-03,5.283122786853944319e-03,5.270303387747699020e-03,5.254998554364176400e-03,5.236990350820369677e-03,5.216039756592238952e-03,5.191896606882795417e-03,5.164315880911485301e-03,5.133082639968145067e-03,5.098048122950449290e-03,5.059181742304130758e-03,5.016623142492182552e-03,4.970788012298554825e-03,4.922486602466413785e-03,4.873315323379756592e-03,4.808419880067194008e-03,4.730160437760089209e-03,4.660655529139412501e-03,4.596512039638844804e-03,4.538100061597494239e-03,4.486064682787338498e-03,4.440757899356162497e-03,4.402069754213200348e-03,4.369474413518537048e-03,4.343891315868542158e-03,4.319261877668845173e-03,4.295379950945976688e-03,4.271633559717269435e-03,4.246848131644109792e-03,4.219969591175765089e-03,4.190138625288830632e-03,4.156694973625918443e-03,4.119161655124603527e-03,4.077217531698984487e-03,4.030666871581600752e-03,3.979411623848960744e-03,3.923428255190208880e-03,3.862749651350472213e-03,3.797451715757627078e-03,3.727643904397837105e-03,3.653462834468546028e-03,3.575068156473015790e-03,3.492639996620749976e-03,3.406377409588046135e-03,3.316497405824181399e-03,3.223234223731830106e-03,3.126838603189630028e-03,3.027576884969962467e-03,2.925729813659405654e-03,2.821590962751863163e-03,2.715464731662842190e-03,2.607663887685074400e-03,2.498506641730791067e-03,2.388313255814011882e-03,2.277402182264298691e-03,2.166085728826649959e-03,2.054665229618946043e-03,1.943425678490484643e-03
1.007526881720430367e+00,1.665545319088634901e-03,1.763023783791395349e-03,1.860858472988835555e-03,1.958819662202737621e-03,2.056661002886817080e-03,2.154124126367062964e-03,2.250942785507303867e-03,2.346846599132534905e-03,2.441564434990606269e-03,2.534827448388676796e-03,2.626371783713499219e-03,2.715940943921524298e-03,2.803287837399359717e-03,2.888176522229390919e-03,2.970383685092281567e-03,3.049699915771530989e-03,3.125930870184756571e-03,3.198898455924137352e-03,3.268442226583068155e-03,3.334421236183660042e-03,3.396716683430112127e-03,3.455235764622477390e-03,3.509917246103388955e-03,3.560739341333829522e-03,3.607730496997807457e-03,3.650983589562506459e-03,3.690673707365643708e-03,3.727079004558153663e-03,3.760602908789989485e-03,3.791794174594187439e-03,3.821359097226917356e-03,3.850150213742908889e-03,3.879127815742844376e-03,3.909162621875128529e-03,3.939182918759942531e-03,3.974706539004668748e-03,4.015017100544859829e-03,4.060364052286713488e-03,4.110721414625984060e-03,4.165723995430137272e-03,4.224855414678430066e-03,4.288163324197791226e-03,4.364280510249063383e-03,4.405757437610069438e-03,4.449732103759318491e-03,4.492328267235889960e-03,4.532447007757123281e-03,4.569522098897382811e-03,4.603284251206263278e-03,4.633665304865752788e-03,4.660733047466170120e-03,4.684639300297388509e-03,4.705581560224048054e-03,4.723775512269212662e-03,4.739436338114022540e-03,4.752766750963144382e-03,4.763949887611751421e-03,4.773145516908328112e-03,4.780488379863334636e-03,4.786087797752025530e-03,4.790027945609676152e-03,4.792368386432821481e-03,4.793144605475641029e-03,4.792368386433820682e-03,4.790027945612340687e-03,4.786087797757465623e-03,4.780488379863556681e-03,4.773145516908772201e-03,4.763949887609753020e-03,4.752766750961145981e-03,4.739436338113245384e-03,4.723775512270989019e-03,4.705581560226823612e-03,4.684639300298942821e-03,4.660733047467169321e-03,4.633665304868417323e-03,4.603284251205042032e-03,4.569522098895384410e-03,4.532447007757456348e-03,4.492328267235667916e-03,4.449732103764203472e-03,4.405757437611290683e-03,4.364280510252616097e-03,4.288163324197125092e-03,4.224855414674766330e-03,4.165723995427472737e-03,4.110721414624651793e-03,4.060364052285270198e-03,4.015017100541973250e-03,3.974706539006445105e-03,3.939182918756167773e-03,3.909162621878570221e-03,3.879127815744620733e-03,3.850150213742797867e-03,3.821359097225474066e-03,3.791794174590856770e-03,3.760602908786880860e-03,3.727079004554711972e-03,3.690673707365865752e-03,3.650983589564837928e-03,3.607730496998029501e-03,3.560739341335494856e-03,3.509917246102278732e-03,3.455235764623476591e-03,3.396716683425782257e-03,3.334421236182438797e-03,3.268442226582068955e-03,3.198898455925136552e-03,3.125930870183646348e-03,3.049699915769310543e-03,2.970383685090727255e-03,2.888176522231278298e-03,2.803287837400247895e-03,2.715940943923467188e-03,2.626371783713221664e-03,2.534827448390619686e-03,2.441564434990828314e-03,2.346846599130758548e-03,2.250942785507137334e-03,2.154124126368450742e-03,2.056661002884485612e-03,1.958819662203070688e-03,1.860858472989113110e-03,1.763023783792005972e-03,1.665545319086303433e-03
1.011827956989247435e+00,1.406545674480341734e-03,1.490773822377888802e-03,1.575491626246261490e-03,1.660519175829433536e-03,1.745660628334810838e-03,1.830708025089333724e-03,1.915444709899183362e-03,1.999648432034262235e-03,2.083094183079725603e-03,2.165556794997192114e-03,2.246813313599493878e-03,2.326645155992790315e-03,2.404840060931945356e-03,2.481193847196527802e-03,2.555512006764182331e-03,2.627611177155819711e-03,2.697320561207194878e-03,2.764483394027905661e-03,2.828958596674535642e-03,2.890622805633125125e-03,2.949373026105428508e-03,3.005130223391438982e-03,3.057844233494089181e-03,3.107500425661435806e-03,3.154128556038804376e-03,3.197814161347678485e-03,3.238712573966684438e-03,3.277065084588692834e-03,3.313215808834923948e-03,3.347626327411812319e-03,3.380883163812686831e-03,3.413691556283460216e-03,3.446835548423954343e-03,3.481085124487637295e-03,3.515555608813558663e-03,3.553894381496114363e-03,3.596174581786515390e-03,3.642306337449108256e-03,3.692075425048124693e-03,3.745009865143589245e-03,3.800592353253362532e-03,3.859209281880437992e-03,3.917095298055728314e-03,3.957643761531626225e-03,3.997936925147271836e-03,4.036223065925770292e-03,4.071801144479580969e-03,4.104334212217120026e-03,4.133714277464894948e-03,4.159982214253066246e-03,4.183271735039406636e-03,4.203768283929099070e-03,4.221679678806267155e-03,4.237216206556926323e-03,4.250577963331836351e-03,4.261947436533630729e-03,4.271485666735297393e-03,4.279330709191397908e-03,4.285597464356527553e-03,4.290378232185476648e-03,4.293743560161544792e-03,4.295743109125949033e-03,4.296406366720129100e-03,4.295743109125393921e-03,4.293743560155549588e-03,4.290378232185698693e-03,4.285597464358970043e-03,4.279330709192286086e-03,4.271485666739627263e-03,4.261947436533630729e-03,4.250577963329504882e-03,4.237216206558813703e-03,4.221679678802159330e-03,4.203768283926878624e-03,4.183271735035187788e-03,4.159982214253399313e-03,4.133714277463895748e-03,4.104334212216675937e-03,4.071801144480469148e-03,4.036223065926658471e-03,3.997936925151157617e-03,3.957643761534290761e-03,3.917095298054840136e-03,3.859209281881548215e-03,3.800592353256693201e-03,3.745009865146142758e-03,3.692075425047347537e-03,3.642306337454659371e-03,3.596174581788735836e-03,3.553894381493227783e-03,3.515555608815668087e-03,3.481085124486749116e-03,3.446835548426174789e-03,3.413691556284126349e-03,3.380883163812353764e-03,3.347626327416364234e-03,3.313215808834701903e-03,3.277065084587471588e-03,3.238712573962798658e-03,3.197814161347456441e-03,3.154128556042135045e-03,3.107500425663323185e-03,3.057844233493756114e-03,3.005130223388552402e-03,2.949373026104096240e-03,2.890622805632125925e-03,2.828958596674757686e-03,2.764483394028571794e-03,2.697320561209748391e-03,2.627611177156707889e-03,2.555512006763627220e-03,2.481193847197582514e-03,2.404840060932667001e-03,2.326645155992568270e-03,2.246813313598661210e-03,2.165556794996081891e-03,2.083094183080225203e-03,1.999648432034539791e-03,1.915444709901792386e-03,1.830708025089278213e-03,1.745660628334033682e-03,1.660519175828267802e-03,1.575491626246261490e-03,1.490773822377888802e-03,1.406545674480841335e-03
1.016129032258064502e+00,1.198824671371112593e-03,1.271982955774131341e-03,1.345673486693843568e-03,1.419752845597255231e-03,1.494062789744010633e-03,1.568433470031327381e-03,1.642686289626105189e-03,1.716636494932199941e-03,1.790095555094850521e-03,1.862873362921901865e-03,1.934780275832714835e-03,2.005629007932552277e-03,2.075236382748257835e-03,2.143424959611672787e-03,2.210024555200751362e-03,2.274873695369272752e-03,2.337821051665134320e-03,2.398726942755780023e-03,2.457465014097159894e-03,2.513924250694965501e-03,2.568011527782187997e-03,2.619654960919537423e-03,2.668808375170916847e-03,2.715457259572118254e-03,2.759626582752749968e-03,2.801390774253120775e-03,2.840885951564620093e-03,2.878323994952691756e-03,2.914007217764025270e-03,2.948341045036939612e-03,2.981840277071268197e-03,3.015122289710014947e-03,3.048878335223048630e-03,3.083797905902185832e-03,3.120130824853406537e-03,3.157657703349525669e-03,3.199568167765121096e-03,3.244771165553439474e-03,3.292921859366915172e-03,3.343476838203573998e-03,3.395942983573152496e-03,3.451463812711774715e-03,3.497663398670081136e-03,3.536480516900031290e-03,3.573982850776147302e-03,3.609110558225214760e-03,3.641390761114582375e-03,3.670641809936481259e-03,3.696862974065462382e-03,3.720167014310771236e-03,3.740731686042719772e-03,3.758765110024264722e-03,3.774482262588141346e-03,3.788090058234550028e-03,3.799778684072330215e-03,3.809717209913965341e-03,3.818051940388089704e-03,3.824906395930027792e-03,3.830382157083533912e-03,3.834560069512993330e-03,3.837501492914618950e-03,3.839249402568301051e-03,3.839829232850977547e-03,3.839249402570410474e-03,3.837501492916284285e-03,3.834560069513659464e-03,3.830382157082756756e-03,3.824906395926142011e-03,3.818051940389088905e-03,3.809717209912077962e-03,3.799778684074550661e-03,3.788090058233994917e-03,3.774482262586142944e-03,3.758765110022488365e-03,3.740731686038945014e-03,3.720167014311659415e-03,3.696862974069570207e-03,3.670641809940144995e-03,3.641390761112917041e-03,3.609110558227879295e-03,3.573982850778367748e-03,3.536480516899920268e-03,3.497663398669970114e-03,3.451463812707999956e-03,3.395942983571820228e-03,3.343476838203462975e-03,3.292921859365027792e-03,3.244771165552440273e-03,3.199568167766009275e-03,3.157657703346861133e-03,3.120130824854516760e-03,3.083797905903629122e-03,3.048878335220606139e-03,3.015122289712124370e-03,2.981840277075265000e-03,2.948341045039049035e-03,2.914007217765690605e-03,2.878323994950693354e-03,2.840885951566729517e-03,2.801390774250678284e-03,2.759626582752416901e-03,2.715457259570785986e-03,2.668808375173914449e-03,2.619654960917983111e-03,2.568011527784297421e-03,2.513924250696408791e-03,2.457465014093274114e-03,2.398726942753448554e-03,2.337821051664135119e-03,2.274873695369938886e-03,2.210024555200751362e-03,2.143424959611117675e-03,2.075236382749423569e-03,2.005629007934606189e-03,1.934780275831660123e-03,1.862873362923678222e-03,1.790095555094239899e-03,1.716636494932921586e-03,1.642686289625050478e-03,1.568433470031826982e-03,1.494062789744177167e-03,1.419752845600197322e-03,1.345673486693288456e-03,1.271982955774408897e-03,1.198824671371667705e-03
1.020430107526881791e+00,1.002393660960804178e-03,1.064738667076070566e-03,1.127638396697272505e-03,1.190980465625934848e-03,1.254639780879196476e-03,1.318481021815254284e-03,1.382360837933194198e-03,1.446129849887567431e-03,1.509634506567381074e-03,1.572718829309871502e-03,1.635226060949512839e-03,1.697000230090839334e-03,1.757887638720700973e-03,1.817738283566516788e-03,1.876407227948295731e-03,1.933755951992577327e-03,1.989653725067153101e-03,2.043979066472467743e-03,2.096621389537922653e-03,2.147482962071789458e-03,2.196481362984448182e-03,2.243552671192916570e-03,2.288655684940188451e-03,2.331777528298051294e-03,2.372941035703846069e-03,2.412214274575275041e-03,2.449722397666498352e-03,2.485661598446431420e-03,2.520314116491784162e-03,2.554061833304754892e-03,2.587393906571699986e-03,2.620901217612825462e-03,2.655247430015550414e-03,2.691101502206416640e-03,2.728960685094206085e-03,2.767652124545327830e-03,2.810604221367918321e-03,2.856669311035009429e-03,2.905189384412754094e-03,2.955334012584742709e-03,3.006403759882703142e-03,3.061186909866675521e-03,3.098849317843543894e-03,3.136618478733144144e-03,3.171866698476799584e-03,3.203997986034101686e-03,3.232837299119495356e-03,3.258437368610977991e-03,3.280981448122499700e-03,3.300718539138380869e-03,3.317920131277074525e-03,3.332853154913162363e-03,3.345764694531738748e-03,3.356874662150399757e-03,3.366373465683247801e-03,3.374422548878541761e-03,3.381156387186168288e-03,3.386685053950344582e-03,3.391096836639739820e-03,3.394460618450501066e-03,3.396827884340480885e-03,3.398234292186774752e-03,3.398700791697906176e-03,3.398234292184665328e-03,3.396827884341591108e-03,3.394460618445394040e-03,3.391096836638518575e-03,3.386685053948568225e-03,3.381156387187389534e-03,3.374422548882649586e-03,3.366373465682581667e-03,3.356874662149067490e-03,3.345764694535957595e-03,3.332853154915271787e-03,3.317920131273410789e-03,3.300718539137936780e-03,3.280981448117392674e-03,3.258437368614197638e-03,3.232837299121937846e-03,3.203997986036211110e-03,3.171866698479908209e-03,3.136618478733144144e-03,3.098849317845875362e-03,3.061186909866675521e-03,3.006403759881148829e-03,2.955334012588628489e-03,2.905189384417194987e-03,2.856669311036785786e-03,2.810604221363810495e-03,2.767652124544439651e-03,2.728960685090986438e-03,2.691101502206416640e-03,2.655247430016105525e-03,2.620901217613380574e-03,2.587393906568702384e-03,2.554061833307197382e-03,2.520314116492672341e-03,2.485661598447763687e-03,2.449722397669717999e-03,2.412214274575386064e-03,2.372941035703068913e-03,2.331777528295497781e-03,2.288655684941520718e-03,2.243552671191251235e-03,2.196481362982338759e-03,2.147482962071789458e-03,2.096621389538588787e-03,2.043979066471357520e-03,1.989653725066542478e-03,1.933755951992688349e-03,1.876407227947241019e-03,1.817738283566350255e-03,1.757887638719535239e-03,1.697000230091894046e-03,1.635226060948402615e-03,1.572718829309316391e-03,1.509634506567492096e-03,1.446129849887456409e-03,1.382360837932417041e-03,1.318481021816697574e-03,1.254639780881416922e-03,1.190980465624880136e-03,1.127638396697883127e-03,1.064738667077125278e-03,1.002393660960831934e-03
1.024731182795699080e+00,8.482499460026882154e-04,9.018687133696412506e-04,9.560254825046743399e-04,1.010629393658757369e-03,1.065578997251181992e-03,1.120764082657099703e-03,1.176067326724539175e-03,1.231365822084551365e-03,1.286532521645844529e-03,1.341437620430596667e-03,1.395949886471348211e-03,1.449937947739676769e-03,1.503271540746919932e-03,1.555822728922795495e-03,1.607467104523252477e-03,1.658084997753328516e-03,1.707562730943412710e-03,1.755793975888098046e-03,1.802681299441277751e-03,1.848138018580747222e-03,1.892090532880419396e-03,1.934481360592710253e-03,1.975273174206981786e-03,2.014454205604865322e-03,2.052045454198792029e-03,2.088110146919341936e-03,2.122765795762981966e-03,2.156198851410384698e-03,2.188681163490802106e-03,2.220585966608346062e-03,2.252398666357735557e-03,2.284714270581078566e-03,2.318209376446667136e-03,2.353572517197810576e-03,2.391358136621279940e-03,2.430339122087565862e-03,2.473197998623444249e-03,2.519299886894144080e-03,2.567595634380803737e-03,2.616956466427233785e-03,2.666537008619296323e-03,2.713883202153377638e-03,2.752133123090194644e-03,2.788013950049461620e-03,2.820499842528745305e-03,2.849352894290446692e-03,2.874659337814611249e-03,2.896675653896729763e-03,2.915734520332669000e-03,2.932185469086134866e-03,2.946360547021020793e-03,2.958557234029712824e-03,2.969032284386496912e-03,2.978001828678467078e-03,2.985644625625227810e-03,2.992106559148499656e-03,2.997505308634740295e-03,3.001934647401172107e-03,3.005468134832822713e-03,3.008162136560743605e-03,3.010058189672148998e-03,3.011184763003771359e-03,3.011558467570840669e-03,3.011184763004104425e-03,3.010058189667375039e-03,3.008162136560521560e-03,3.005468134837485650e-03,3.001934647398285527e-03,2.997505308635184385e-03,2.992106559151608280e-03,2.985644625622008164e-03,2.978001828678911167e-03,2.969032284383832376e-03,2.958557234031822247e-03,2.946360547018689324e-03,2.932185469079473528e-03,2.915734520335444557e-03,2.896675653896063629e-03,2.874659337811058535e-03,2.849352894290335669e-03,2.820499842526635881e-03,2.788013950051460021e-03,2.752133123092859179e-03,2.713883202154154795e-03,2.666537008620406546e-03,2.616956466431008543e-03,2.567595634380137604e-03,2.519299886893477947e-03,2.473197998625109584e-03,2.430339122084457237e-03,2.391358136618393360e-03,2.353572517201807379e-03,2.318209376447111225e-03,2.284714270582632878e-03,2.252398666357180446e-03,2.220585966610899575e-03,2.188681163493244597e-03,2.156198851407720163e-03,2.122765795761982766e-03,2.088110146922561583e-03,2.052045454199347141e-03,2.014454205606197590e-03,1.975273174209757343e-03,1.934481360594819677e-03,1.892090532881307574e-03,1.848138018582523578e-03,1.802681299439834461e-03,1.755793975888986225e-03,1.707562730942580043e-03,1.658084997751607670e-03,1.607467104524251678e-03,1.555822728922517939e-03,1.503271540746864421e-03,1.449937947737345301e-03,1.395949886471348211e-03,1.341437620429097866e-03,1.286532521647842930e-03,1.231365822084162787e-03,1.176067326725316331e-03,1.120764082656211524e-03,1.065578997248961546e-03,1.010629393658202257e-03,9.560254825038416726e-04,9.018687133699188063e-04,8.482499460024661708e-04
1.029032258064516370e+00,7.090596620425715368e-04,7.545576821520183497e-04,8.005628204106329804e-04,8.469999152844187584e-04,8.937861448777839612e-04,9.408319516794327875e-04,9.880420177705850904e-04,1.035316265322938634e-03,1.082550869219822687e-03,1.129639273953264578e-03,1.176473209582862278e-03,1.222943703469203669e-03,1.268942087358504445e-03,1.314361003418362817e-03,1.359095419479039446e-03,1.403043673082304821e-03,1.446108577625504488e-03,1.488198642890514733e-03,1.529229488718641949e-03,1.569125566617035616e-03,1.607822353180354824e-03,1.645269244058833458e-03,1.681433461008352559e-03,1.716305386326055782e-03,1.749905850596422674e-03,1.782295993529525724e-03,1.813590328647474159e-03,1.843973434839107917e-03,1.873720017535718263e-03,1.903216511782490628e-03,1.932979367630482948e-03,1.963660155848367950e-03,1.996020830379197086e-03,2.030855506896078744e-03,2.068826211215957223e-03,2.109368492831054098e-03,2.152323291939595151e-03,2.199521706850560143e-03,2.248725102251269981e-03,2.298239164641335819e-03,2.346970195966524564e-03,2.390382743692631706e-03,2.427600758750481091e-03,2.460653893275988047e-03,2.489255276135082795e-03,2.513632081633798698e-03,2.534239423075401731e-03,2.551605857635586005e-03,2.566245386157794961e-03,2.578614581934424166e-03,2.589097906503967650e-03,2.598008473300272847e-03,2.605595930118442816e-03,2.612056646566829343e-03,2.617543745473738248e-03,2.622175912907698248e-03,2.626044669666316445e-03,2.629220145491606431e-03,2.631755541297908785e-03,2.633690499116436712e-03,2.635053583830648805e-03,2.635864045326230531e-03,2.636132989304984520e-03,2.635864045327562799e-03,2.635053583830426760e-03,2.633690499116214667e-03,2.631755541296465495e-03,2.629220145486721449e-03,2.626044669669203024e-03,2.622175912910029716e-03,2.617543745470185534e-03,2.612056646566718321e-03,2.605595930120552239e-03,2.598008473300827958e-03,2.589097906503634583e-03,2.578614581938976080e-03,2.566245386156684738e-03,2.551605857635474983e-03,2.534239423078177289e-03,2.513632081636241189e-03,2.489255276137636308e-03,2.460653893278763604e-03,2.427600758748926779e-03,2.390382743690855349e-03,2.346970195970077278e-03,2.298239164647886135e-03,2.248725102252491226e-03,2.199521706851226277e-03,2.152323291945812400e-03,2.109368492832164321e-03,2.068826211214180866e-03,2.030855506894857498e-03,1.996020830376088462e-03,1.963660155849922262e-03,1.932979367630482948e-03,1.903216511782379605e-03,1.873720017538160754e-03,1.843973434835333158e-03,1.813590328649361538e-03,1.782295993531302081e-03,1.749905850594757339e-03,1.716305386327054983e-03,1.681433461011683228e-03,1.645269244060276748e-03,1.607822353178356423e-03,1.569125566615925393e-03,1.529229488717254171e-03,1.488198642889959622e-03,1.446108577625504488e-03,1.403043673081971754e-03,1.359095419478872913e-03,1.314361003417641172e-03,1.268942087355506843e-03,1.222943703469314691e-03,1.176473209581085921e-03,1.129639273952154355e-03,1.082550869218046330e-03,1.035316265323604767e-03,9.880420177715842911e-04,9.408319516792662540e-04,8.937861448788386731e-04,8.469999152845852919e-04,8.005628204099668466e-04,7.545576821529620393e-04,7.090596620418776475e-04
1.033333333333333437e+00,5.921505607395516346e-04,6.306264093695890249e-04,6.696100500009627421e-04,7.090252942454355889e-04,7.487967989769361843e-04,7.888476046665204855e-04,8.290981390073337565e-04,8.694659915607916290e-04,9.098661114214090517e-04,9.502112455135325320e-04,9.904125182130241178e-04,1.030380096846805760e-03,1.070023912544570965e-03,1.109254422407501828e-03,1.147983411791786423e-03,1.186124848831349166e-03,1.223595818946821012e-03,1.260317588362258601e-03,1.296216875196154472e-03,1.331227449348104663e-03,1.365292244373539354e-03,1.398366254568073064e-03,1.430420621163275285e-03,1.461448497895645460e-03,1.491473544563803877e-03,1.520562234486044773e-03,1.548841548807300406e-03,1.576523935769014173e-03,1.603941251920537603e-03,1.631587842523818388e-03,1.660168018722041339e-03,1.690631686418919699e-03,1.724160569797628106e-03,1.762040286753974172e-03,1.805346719307765468e-03,1.854397381283012791e-03,1.900999549160675706e-03,1.954438844278927334e-03,2.011333045409346987e-03,2.069410051698472586e-03,2.128519241822779406e-03,2.179655866102025996e-03,2.219728949933719164e-03,2.250191405736789996e-03,2.272416336872584708e-03,2.288267401025501080e-03,2.299504916673855703e-03,2.307538043963885954e-03,2.313396532167333319e-03,2.317792888715586308e-03,2.321203197466426005e-03,2.323937882635185304e-03,2.326195392745589174e-03,2.328100182935610718e-03,2.329728593836177808e-03,2.331126111529968625e-03,2.332318735960514644e-03,2.333320410573769266e-03,2.334137849619222216e-03,2.334773655659039271e-03,2.335228314110926462e-03,2.335501445553611610e-03,2.335592557905052935e-03,2.335501445549614807e-03,2.335228314114146109e-03,2.334773655656929847e-03,2.334137849619000171e-03,2.333320410572103931e-03,2.332318735960736689e-03,2.331126111528192268e-03,2.329728593840063589e-03,2.328100182935499696e-03,2.326195392750030067e-03,2.323937882633408947e-03,2.321203197467425206e-03,2.317792888720582312e-03,2.313396532165223896e-03,2.307538043961776530e-03,2.299504916671524235e-03,2.288267401028276637e-03,2.272416336867477682e-03,2.250191405732127059e-03,2.219728949934607343e-03,2.179655866101803952e-03,2.128519241824111674e-03,2.069410051702247344e-03,2.011333045405461206e-03,1.954438844284256405e-03,1.900999549162341040e-03,1.854397381281569501e-03,1.805346719310430004e-03,1.762040286748645102e-03,1.724160569797406062e-03,1.690631686418253565e-03,1.660168018723262584e-03,1.631587842522708165e-03,1.603941251916762845e-03,1.576523935766793727e-03,1.548841548808965740e-03,1.520562234490041575e-03,1.491473544560473208e-03,1.461448497892425813e-03,1.430420621165384709e-03,1.398366254568017553e-03,1.365292244374372022e-03,1.331227449347271996e-03,1.296216875195599361e-03,1.260317588362591668e-03,1.223595818946654479e-03,1.186124848831959788e-03,1.147983411789843533e-03,1.109254422407557339e-03,1.070023912545459144e-03,1.030380096847027804e-03,9.904125182148004747e-04,9.502112455111455525e-04,9.098661114229078528e-04,8.694659915604030509e-04,8.290981390077778457e-04,7.888476046664649743e-04,7.487967989761590282e-04,7.090252942466013231e-04,6.696100500011570311e-04,6.306264093691449357e-04,5.921505607391630566e-04
