nan,-5.000000000000000000e+00,-4.864864864864864913e+00,-4.729729729729729826e+00,-4.594594594594594739e+00,-4.459459459459459651e+00,-4.324324324324324564e+00,-4.189189189189189477e+00,-4.054054054054054390e+00,-3.918918918918918859e+00,-3.783783783783783772e+00,-3.648648648648648685e+00,-3.513513513513513153e+00,-3.378378378378378066e+00,-3.243243243243242979e+00,-3.108108108108107892e+00,-2.972972972972972805e+00,-2.837837837837837718e+00,-2.702702702702702631e+00,-2.567567567567567544e+00,-2.432432432432432456e+00,-2.297297297297297369e+00,-2.162162162162161838e+00,-2.027027027027026751e+00,-1.891891891891891664e+00,-1.756756756756756577e+00,-1.621621621621621490e+00,-1.486486486486486402e+00,-1.351351351351351315e+00,-1.216216216216215784e+00,-1.081081081081080697e+00,-9.459459459459456099e-01,-8.108108108108105228e-01,-6.756756756756754356e-01,-5.405405405405403485e-01,-4.054054054054052614e-01,-2.702702702702701743e-01,-1.351351351351350871e-01,0.000000000000000000e+00,1.351351351351350871e-01,2.702702702702701743e-01,4.054054054054052614e-01,5.405405405405412367e-01,6.756756756756763238e-01,8.108108108108114109e-01,9.459459459459464981e-01,1.081081081081081585e+00,1.216216216216216672e+00,1.351351351351351759e+00,1.486486486486486847e+00,1.621621621621621934e+00,1.756756756756757021e+00,1.891891891891892108e+00,2.027027027027027195e+00,2.162162162162162282e+00,2.297297297297297369e+00,2.432432432432432456e+00,2.567567567567568432e+00,2.702702702702703519e+00,2.837837837837838606e+00,2.972972972972973693e+00,3.108108108108108780e+00,3.243243243243243867e+00,3.378378378378378954e+00,3.513513513513514042e+00,3.648648648648649129e+00,3.783783783783784216e+00,3.918918918918919303e+00,4.054054054054054390e+00,4.189189189189189477e+00,4.324324324324324564e+00,4.459459459459459651e+00,4.594594594594594739e+00,4.729729729729729826e+00,4.864864864864864913e+00,5.000000000000000000e+00
5.636363636363636020e-01,6.662692086863359897e-01,6.710027459603826738e-01,6.754880109115555253e-01,6.797215469570576651e-01,6.836995111718501272e-01,6.874175757533449449e-01,6.908708169339893290e-01,6.940535925342540269e-01,6.969594105950345231e-01,6.995807937962976730e-01,7.019091486630768539e-01,7.039346572774684008e-01,7.056462290587943720e-01,7.070316040873779739e-01,7.080778906073009749e-01,7.087738588711648413e-01,7.091319351255089831e-01,7.089424856935860886e-01,7.082864831635522496e-01,7.071887553128537451e-01,7.056204408950887963e-01,7.035608595583844327e-01,7.010056410597035326e-01,6.979820035394664890e-01,6.945726635262038373e-01,6.909496547515732168e-01,6.874150683483979396e-01,6.844349572100183465e-01,6.826342833976097868e-01,6.827044030134667985e-01,6.851905274455138972e-01,6.902088177091378896e-01,6.972568081996824985e-01,7.052862061609455058e-01,7.130240860278902471e-01,7.193321780570012258e-01,7.234091712787638073e-01,7.248137303340558280e-01,7.234091712787634743e-01,7.193321780570024471e-01,7.130240860278880266e-01,7.052862061609460609e-01,6.972568081996820544e-01,6.902088177091377785e-01,6.851905274455147854e-01,6.827044030134675756e-01,6.826342833976108970e-01,6.844349572100179024e-01,6.874150683483981616e-01,6.909496547515736609e-01,6.945726635262037263e-01,6.979820035394654898e-01,7.010056410597004239e-01,7.035608595583857650e-01,7.056204408950905727e-01,7.071887553128546333e-01,7.082864831635533598e-01,7.089424856935857555e-01,7.091319351255073178e-01,7.087738588711660626e-01,7.080778906073009749e-01,7.070316040873763086e-01,7.056462290587922626e-01,7.039346572774685118e-01,7.019091486630761878e-01,6.995807937962991163e-01,6.969594105950345231e-01,6.940535925342562473e-01,6.908708169339898841e-01,6.874175757533471653e-01,6.836995111718495721e-01,6.797215469570601076e-01,6.754880109115553033e-01,6.710027459603846722e-01,6.662692086863338803e-01
5.699836199836199047e-01,6.113582857037154206e-01,6.162653514517560938e-01,6.209171903813119897e-01,6.253058628453866952e-01,6.294230783554882747e-01,6.332601392778938187e-01,6.368078716020180163e-01,6.400565451254688343e-01,6.429957878970000706e-01,6.456145038024063698e-01,6.479008089708699902e-01,6.498420148652557238e-01,6.514247105330255305e-01,6.526350581190373257e-01,6.534596441747297924e-01,6.538893186847865024e-01,6.536553588865642306e-01,6.530256874770632436e-01,6.519267325285674763e-01,6.503361333180364134e-01,6.482620053837327978e-01,6.457544684868274931e-01,6.429318353574454692e-01,6.400183430296944032e-01,6.373888733663264361e-01,6.356041233376306110e-01,6.353989042016264799e-01,6.375684474634906174e-01,6.427184985297137443e-01,6.509435358197451782e-01,6.616296123325919876e-01,6.735743248705899910e-01,6.853878150935202029e-01,6.959086010098740616e-01,7.044031007476325712e-01,7.105317081919719779e-01,7.142017953795204432e-01,7.154208336514051858e-01,7.142017953795202212e-01,7.105317081919719779e-01,7.044031007476310169e-01,6.959086010098742836e-01,6.853878150935200919e-01,6.735743248705869934e-01,6.616296123325926537e-01,6.509435358197446231e-01,6.427184985297130781e-01,6.375684474634918386e-01,6.353989042016261468e-01,6.356041233376283905e-01,6.373888733663269912e-01,6.400183430296930709e-01,6.429318353574451361e-01,6.457544684868257168e-01,6.482620053837341301e-01,6.503361333180388559e-01,6.519267325285666992e-01,6.530256874770626885e-01,6.536553588865648967e-01,6.538893186847855032e-01,6.534596441747281270e-01,6.526350581190393241e-01,6.514247105330253085e-01,6.498420148652540584e-01,6.479008089708695461e-01,6.456145038024060367e-01,6.429957878969994045e-01,6.400565451254682792e-01,6.368078716020172392e-01,6.332601392778952620e-01,6.294230783554898290e-01,6.253058628453862511e-01,6.209171903813127669e-01,6.162653514517553166e-01,6.113582857037140883e-01
5.763308763308763183e-01,5.561472839197150186e-01,5.609268436459078355e-01,5.654790163869013453e-01,5.697928027232573855e-01,5.738564995894035459e-01,5.776576861872146917e-01,5.811832142905278831e-01,5.844192105741217169e-01,5.873511047050752332e-01,5.899637078389375899e-01,5.922413871820081388e-01,5.941684287994595248e-01,5.957298107804175347e-01,5.969131414594993634e-01,5.977173241631168477e-01,5.977140983729067880e-01,5.972954361162520209e-01,5.964250759773224164e-01,5.950950841486086773e-01,5.933610583955246653e-01,5.913550777654209556e-01,5.893212546682662367e-01,5.876591685715489843e-01,5.869570043479761523e-01,5.879768151769880768e-01,5.915372448403409811e-01,5.982596581615418074e-01,6.082408757170933988e-01,6.208493552580837127e-01,6.348447021566676618e-01,6.487939933250512770e-01,6.615150506537627040e-01,6.722986405227041606e-01,6.808810853949827102e-01,6.872901191503347773e-01,6.916839763751684300e-01,6.942367205925239482e-01,6.950728458190170711e-01,6.942367205925239482e-01,6.916839763751700954e-01,6.872901191503377749e-01,6.808810853949827102e-01,6.722986405227053819e-01,6.615150506537632591e-01,6.487939933250503888e-01,6.348447021566654414e-01,6.208493552580826025e-01,6.082408757170920666e-01,5.982596581615425846e-01,5.915372448403419803e-01,5.879768151769878548e-01,5.869570043479764854e-01,5.876591685715488733e-01,5.893212546682644604e-01,5.913550777654197343e-01,5.933610583955253315e-01,5.950950841486105647e-01,5.964250759773209731e-01,5.972954361162517989e-01,5.977140983729070101e-01,5.977173241631186240e-01,5.969131414595011398e-01,5.957298107804178677e-01,5.941684287994594138e-01,5.922413871820084719e-01,5.899637078389399214e-01,5.873511047050768985e-01,5.844192105741220500e-01,5.811832142905295484e-01,5.776576861872134705e-01,5.738564995894017695e-01,5.697928027232561643e-01,5.654790163869014563e-01,5.609268436459068363e-01,5.561472839197146856e-01
5.826781326781326209e-01,5.066905072315079916e-01,5.110216358243512280e-01,5.151606990813856202e-01,5.190967060435137670e-01,5.228176662411948561e-01,5.263105814438708840e-01,5.295614662375073278e-01,5.325554176767685055e-01,5.352767677621764753e-01,5.377093778703662119e-01,5.398371891376410048e-01,5.416452933470339293e-01,5.431223967567168076e-01,5.442706284314077214e-01,5.445827075765299341e-01,5.444643057028422106e-01,5.440061521319504712e-01,5.432268637585778714e-01,5.422504025149028628e-01,5.413133622102159759e-01,5.408004240539578955e-01,5.412727082012701585e-01,5.434532254804307350e-01,5.481198486326046559e-01,5.558728744459817683e-01,5.668280484348933168e-01,5.804091997977414152e-01,5.954343902271121980e-01,6.104977568789814457e-01,6.244092781468546516e-01,6.364412503926559772e-01,6.463269584062187878e-01,6.541190003495399585e-01,6.600294554329788621e-01,6.643126083522596925e-01,6.671978423528712732e-01,6.688584433217320546e-01,6.694001850549397004e-01,6.688584433217324987e-01,6.671978423528703850e-01,6.643126083522578051e-01,6.600294554329788621e-01,6.541190003495398475e-01,6.463269584062185658e-01,6.364412503926542009e-01,6.244092781468545406e-01,6.104977568789813347e-01,5.954343902271110878e-01,5.804091997977418593e-01,5.668280484348922066e-01,5.558728744459816573e-01,5.481198486326045449e-01,5.434532254804314011e-01,5.412727082012709356e-01,5.408004240539598939e-01,5.413133622102150877e-01,5.422504025149025297e-01,5.432268637585768722e-01,5.440061521319502491e-01,5.444643057028396571e-01,5.445827075765307113e-01,5.442706284314068332e-01,5.431223967567168076e-01,5.416452933470331521e-01,5.398371891376405607e-01,5.377093778703678773e-01,5.352767677621748099e-01,5.325554176767683945e-01,5.295614662375052184e-01,5.263105814438708840e-01,5.228176662411948561e-01,5.190967060435141001e-01,5.151606990813839548e-01,5.110216358243515611e-01,5.066905072315082137e-01
5.890253890253890345e-01,4.658142896881604655e-01,4.694852975449630428e-01,4.729877417737475831e-01,4.763120041398989923e-01,4.794474880921500981e-01,4.823826502175663222e-01,4.851050938701294557e-01,4.876017641230845912e-01,4.898593071823770240e-01,4.918647023514166605e-01,4.936063797960807409e-01,4.950764103626051904e-01,4.962771240103565074e-01,4.967337066149474234e-01,4.967728488215608085e-01,4.966706795485635872e-01,4.964828747877760851e-01,4.964161628486778999e-01,4.968153095906648331e-01,4.981810678779862167e-01,5.011561806623764381e-01,5.064347772812196613e-01,5.145646643883021731e-01,5.256783148075003798e-01,5.392933963249255669e-01,5.543572111071941588e-01,5.695653940474649790e-01,5.837680175543367156e-01,5.962277427947618724e-01,6.066500744172155235e-01,6.150660156786414978e-01,6.216821632611546633e-01,6.267644314153365537e-01,6.305694980783689285e-01,6.333131061777488302e-01,6.351600107091650571e-01,6.362240565924474067e-01,6.365715044299811165e-01,6.362240565924482949e-01,6.351600107091686098e-01,6.333131061777502735e-01,6.305694980783678183e-01,6.267644314153364427e-01,6.216821632611532200e-01,6.150660156786440513e-01,6.066500744172148574e-01,5.962277427947629826e-01,5.837680175543379368e-01,5.695653940474656451e-01,5.543572111071947139e-01,5.392933963249237905e-01,5.256783148074987144e-01,5.145646643883013960e-01,5.064347772812174409e-01,5.011561806623769932e-01,4.981810678779856616e-01,4.968153095906648886e-01,4.964161628486785105e-01,4.964828747877746418e-01,4.966706795485631432e-01,4.967728488215604754e-01,4.967337066149473124e-01,4.962771240103553971e-01,4.950764103626044688e-01,4.936063797960815736e-01,4.918647023514163275e-01,4.898593071823763578e-01,4.876017641230829258e-01,4.851050938701309545e-01,4.823826502175667108e-01,4.794474880921497095e-01,4.763120041398999915e-01,4.729877417737488043e-01,4.694852975449630428e-01,4.658142896881602990e-01
5.953726453726453371e-01,4.345892576057081569e-01,4.374963961793376654e-01,4.402449223230109343e-01,4.428266908336126462e-01,4.452328799720446928e-01,4.474541540353008107e-01,4.494809518688830385e-01,4.513039706829184983e-01,4.529149509905533999e-01,4.543079318583856940e-01,4.554813086690351343e-01,4.564420752780141699e-01,4.568206055546519817e-01,4.567448388365069611e-01,4.567831791955934695e-01,4.570159271731237260e-01,4.577277833291651943e-01,4.593440210727404160e-01,4.624103498519296362e-01,4.675180187889230177e-01,4.751440524306076996e-01,4.854293792224936288e-01,4.980008030841760469e-01,5.119807974840031584e-01,5.262315446510809069e-01,5.397018655730634329e-01,5.516768262140931967e-01,5.618361723443190403e-01,5.701697846431793559e-01,5.768478693080685282e-01,5.821119965310393995e-01,5.862070360509107347e-01,5.893479295925082573e-01,5.917084243858866666e-01,5.934210118039134896e-01,5.945812977231696994e-01,5.952531882611893366e-01,5.954731979818664866e-01,5.952531882611896696e-01,5.945812977231706986e-01,5.934210118039137116e-01,5.917084243858872217e-01,5.893479295925090344e-01,5.862070360509088474e-01,5.821119965310390665e-01,5.768478693080691944e-01,5.701697846431802441e-01,5.618361723443203726e-01,5.516768262140934187e-01,5.397018655730621006e-01,5.262315446510790196e-01,5.119807974840032694e-01,4.980008030841760469e-01,4.854293792224933513e-01,4.751440524306067559e-01,4.675180187889236283e-01,4.624103498519297473e-01,4.593440210727393613e-01,4.577277833291648057e-01,4.570159271731228934e-01,4.567831791955934695e-01,4.567448388365066281e-01,4.568206055546511490e-01,4.564420752780149471e-01,4.554813086690342461e-01,4.543079318583855830e-01,4.529149509905531779e-01,4.513039706829170550e-01,4.494809518688837047e-01,4.474541540353010882e-01,4.452328799720444152e-01,4.428266908336127572e-01,4.402449223230098796e-01,4.374963961793375544e-01,4.345892576057077683e-01
6.017199017199017508e-01,4.143516014376926737e-01,4.164329771352832665e-01,4.183551795504848458e-01,4.201116124429844501e-01,4.216956145986012761e-01,4.231009027343611284e-01,4.243222665520510195e-01,4.253566400900633537e-01,4.262047300328854482e-01,4.268734890249498148e-01,4.273803129387772626e-01,4.275807823740231384e-01,4.270076944548523712e-01,4.269028072148216002e-01,4.272724524748616193e-01,4.284474228641011462e-01,4.308717649604353328e-01,4.350314015453015104e-01,4.413283860665307978e-01,4.499074207125223768e-01,4.605078847761286398e-01,4.724496605660712389e-01,4.848021809508529789e-01,4.966563436695655143e-01,5.073471310561642467e-01,5.165335157445337666e-01,5.241522505375003638e-01,5.303175617781807905e-01,5.352263163908668187e-01,5.390931789336630420e-01,5.421156536481861465e-01,5.444599118210381450e-01,5.462582954963205450e-01,5.476121906169417741e-01,5.485966562254985801e-01,5.492650145894446556e-01,5.496526364783204111e-01,5.497796651571010829e-01,5.496526364783218543e-01,5.492650145894441005e-01,5.485966562254964707e-01,5.476121906169418851e-01,5.462582954963212112e-01,5.444599118210372568e-01,5.421156536481851473e-01,5.390931789336635971e-01,5.352263163908658195e-01,5.303175617781819007e-01,5.241522505374992535e-01,5.165335157445342107e-01,5.073471310561645797e-01,4.966563436695640710e-01,4.848021809508527014e-01,4.724496605660702397e-01,4.605078847761280847e-01,4.499074207125227653e-01,4.413283860665312974e-01,4.350314015453016214e-01,4.308717649604362210e-01,4.284474228641014237e-01,4.272724524748623964e-01,4.269028072148222108e-01,4.270076944548520936e-01,4.275807823740236380e-01,4.273803129387768185e-01,4.268734890249503700e-01,4.262047300328838939e-01,4.253566400900629652e-01,4.243222665520504089e-01,4.231009027343613504e-01,4.216956145986016646e-01,4.201116124429841170e-01,4.183551795504847348e-01,4.164329771352843768e-01,4.143516014376933398e-01
6.080671580671580534e-01,4.092329128377572567e-01,4.104563998811996961e-01,4.115131106492748159e-01,4.123992295574274713e-01,4.131120494519534558e-01,4.136509567786800234e-01,4.140189086867382962e-01,4.142246359668705358e-01,4.142859647830690051e-01,4.142354718131496250e-01,4.141494150773583072e-01,4.129177180579766127e-01,4.124456917741579076e-01,4.127146830027247359e-01,4.140369557228693043e-01,4.167889374722148488e-01,4.212960137445393438e-01,4.277014067086179483e-01,4.358506115783971069e-01,4.452622605761670238e-01,4.552283805141585926e-01,4.650054121063699752e-01,4.739961022270509083e-01,4.818419098140312440e-01,4.884163792396946091e-01,4.937613041785815504e-01,4.980124896005520552e-01,5.013414451782970405e-01,5.039192387647624116e-01,5.058984580545898835e-01,5.074067990622928015e-01,5.085469149502845898e-01,5.093990363731706328e-01,5.100244124670336721e-01,5.104686155158755234e-01,5.107643112899955540e-01,5.109333768456097991e-01,5.109883681567246594e-01,5.109333768456079117e-01,5.107643112899961091e-01,5.104686155158740801e-01,5.100244124670343382e-01,5.093990363731721871e-01,5.085469149502854780e-01,5.074067990622931346e-01,5.058984580545893284e-01,5.039192387647610794e-01,5.013414451782981507e-01,4.980124896005512225e-01,4.937613041785806067e-01,4.884163792396940540e-01,4.818419098140308554e-01,4.739961022270504643e-01,4.650054121063699197e-01,4.552283805141602580e-01,4.452622605761668573e-01,4.358506115783962187e-01,4.277014067086175042e-01,4.212960137445396214e-01,4.167889374722146267e-01,4.140369557228692488e-01,4.127146830027240698e-01,4.124456917741575745e-01,4.129177180579766682e-01,4.141494150773585847e-01,4.142354718131496805e-01,4.142859647830683945e-01,4.142246359668706468e-01,4.140189086867379631e-01,4.136509567786789132e-01,4.131120494519519570e-01,4.123992295574261946e-01,4.115131106492744828e-01,4.104563998811991410e-01,4.092329128377575342e-01
6.144144144144143560e-01,4.253220784788485087e-01,4.259170657653732484e-01,4.263433718812673079e-01,4.266037768483558201e-01,4.267042565771557716e-01,4.266558485822915525e-01,4.264773533762781232e-01,4.261992804349001851e-01,4.258702301490412401e-01,4.255785775326764164e-01,4.242987507390028057e-01,4.237333039451962602e-01,4.241113020782601994e-01,4.256287262353872225e-01,4.285112759976358876e-01,4.328838379900871169e-01,4.386824883954389409e-01,4.456176517800946590e-01,4.532157156093219452e-01,4.609291235084296834e-01,4.682637939852132836e-01,4.748676058071816808e-01,4.805560278434137800e-01,4.852877444152783881e-01,4.891184135769675034e-01,4.921553919450548098e-01,4.945241027257012423e-01,4.963474431948247667e-01,4.977353945199863849e-01,4.987812124414056636e-01,4.995612714609328209e-01,5.001366231465191881e-01,5.005551400827220609e-01,5.008536589774328363e-01,5.010598568377198081e-01,5.011937657168615834e-01,5.012689136711032667e-01,5.012931118360050009e-01,5.012689136711034887e-01,5.011937657168608062e-01,5.010598568377185869e-01,5.008536589774335024e-01,5.005551400827215058e-01,5.001366231465195211e-01,4.995612714609334870e-01,4.987812124414064963e-01,4.977353945199870511e-01,4.963474431948252108e-01,4.945241027257014643e-01,4.921553919450541437e-01,4.891184135769675034e-01,4.852877444152784436e-01,4.805560278434136134e-01,4.748676058071823469e-01,4.682637939852126729e-01,4.609291235084296834e-01,4.532157156093220562e-01,4.456176517800953807e-01,4.386824883954387189e-01,4.328838379900868949e-01,4.285112759976356100e-01,4.256287262353871670e-01,4.241113020782604215e-01,4.237333039451958161e-01,4.242987507390024171e-01,4.255785775326760834e-01,4.258702301490413511e-01,4.261992804348997410e-01,4.264773533762781232e-01,4.266558485822917191e-01,4.267042565771554941e-01,4.266037768483556536e-01,4.263433718812674744e-01,4.259170657653732484e-01,4.253220784788492859e-01
6.207616707616707696e-01,4.640652680714364431e-01,4.650098422429211897e-01,4.657959278275589088e-01,4.664346358976759199e-01,4.669429090713733133e-01,4.673462945524759493e-01,4.676827820296659000e-01,4.680085343084637306e-01,4.684125083879725482e-01,4.682591414097452831e-01,4.684761916557906303e-01,4.695808476064003978e-01,4.716183222966141009e-01,4.746834447557178871e-01,4.787953150778684330e-01,4.838507178154081712e-01,4.896187751497854679e-01,4.957778269871930821e-01,5.019804226658935997e-01,5.079193859802194622e-01,5.133711746511546714e-01,5.182083151045830949e-01,5.223875761701948228e-01,5.259265389598696272e-01,5.288792412611278415e-01,5.313166109890234967e-01,5.333131950830598544e-01,5.349393958880460653e-01,5.362576774430509730e-01,5.373212780097126329e-01,5.381743267963864374e-01,5.388526381462475090e-01,5.393847480849369713e-01,5.397929547375294179e-01,5.400942448005230379e-01,5.403010566749535393e-01,5.404218663408789647e-01,5.404615979881519650e-01,5.404218663408791867e-01,5.403010566749534282e-01,5.400942448005237040e-01,5.397929547375289738e-01,5.393847480849369713e-01,5.388526381462470649e-01,5.381743267963869926e-01,5.373212780097131880e-01,5.362576774430515281e-01,5.349393958880468425e-01,5.333131950830606316e-01,5.313166109890236077e-01,5.288792412611281746e-01,5.259265389598686280e-01,5.223875761701941567e-01,5.182083151045832059e-01,5.133711746511540053e-01,5.079193859802190181e-01,5.019804226658935997e-01,4.957778269871931931e-01,4.896187751497854679e-01,4.838507178154077826e-01,4.787953150778684330e-01,4.746834447557174430e-01,4.716183222966139899e-01,4.695808476064001202e-01,4.684761916557910744e-01,4.682591414097451166e-01,4.684125083879723817e-01,4.680085343084641192e-01,4.676827820296658444e-01,4.673462945524756162e-01,4.669429090713732022e-01,4.664346358976761975e-01,4.657959278275589088e-01,4.650098422429214673e-01,4.640652680714359435e-01
6.271089271089270722e-01,4.950792216337174811e-01,4.969843704710065202e-01,4.987260328066347448e-01,5.003228210665244813e-01,5.018019240203283049e-01,5.032027589634766596e-01,5.045826563150210831e-01,5.060314708498846459e-01,5.073844221113112951e-01,5.084374129242822393e-01,5.102127597512100543e-01,5.126500076727686928e-01,5.158114494680842155e-01,5.197212293478860046e-01,5.243272468642472539e-01,5.294919259889775409e-01,5.350091931796483458e-01,5.406411330240431523e-01,5.461602039854304147e-01,5.513823037754362888e-01,5.561827634733014225e-01,5.604959649555825152e-01,5.643045228257373980e-01,5.676246839241454456e-01,5.704926061913040414e-01,5.729536910688551865e-01,5.750553457444975702e-01,5.768426449354210339e-01,5.783560939362253350e-01,5.796307553540392954e-01,5.806961767796787743e-01,5.815767358056492808e-01,5.822921614804014157e-01,5.828580913152376919e-01,5.832865874413452056e-01,5.835865743444540454e-01,5.837641824041142069e-01,5.838229925886876392e-01,5.837641824041143179e-01,5.835865743444542675e-01,5.832865874413452056e-01,5.828580913152378029e-01,5.822921614804013046e-01,5.815767358056491698e-01,5.806961767796786633e-01,5.796307553540399615e-01,5.783560939362253350e-01,5.768426449354211449e-01,5.750553457444974592e-01,5.729536910688551865e-01,5.704926061913035973e-01,5.676246839241451125e-01,5.643045228257376200e-01,5.604959649555824042e-01,5.561827634733013115e-01,5.513823037754361778e-01,5.461602039854300816e-01,5.406411330240429303e-01,5.350091931796479017e-01,5.294919259889772079e-01,5.243272468642472539e-01,5.197212293478856715e-01,5.158114494680837714e-01,5.126500076727683597e-01,5.102127597512101653e-01,5.084374129242824614e-01,5.073844221113115172e-01,5.060314708498846459e-01,5.045826563150207500e-01,5.032027589634767706e-01,5.018019240203284159e-01,5.003228210665241482e-01,4.987260328066351334e-01,4.969843704710064647e-01,4.950792216337175922e-01
6.334561834561834859e-01,5.189925356705241688e-01,5.217206507973440877e-01,5.242234425903955497e-01,5.265249340596569461e-01,5.286607056761774004e-01,5.306832325343009416e-01,5.326745213615947661e-01,5.348643805194875922e-01,5.358796796415499220e-01,5.376099274315581100e-01,5.398516706984886060e-01,5.426829467661319351e-01,5.461847356949052212e-01,5.503903462572741212e-01,5.552618396484662044e-01,5.606859725090432844e-01,5.664896300867743317e-01,5.724691826187199295e-01,5.784234392920953871e-01,5.841801492827866094e-01,5.896106171341789493e-01,5.946324967067573297e-01,5.992043091409815503e-01,6.033160246221289658e-01,6.069790960632838184e-01,6.102178656885247632e-01,6.130630454826436759e-01,6.155472312112147959e-01,6.177020788903161419e-01,6.195566979877904501e-01,6.211368648195997322e-01,6.224647494949796522e-01,6.235589387723508015e-01,6.244346095051749312e-01,6.251037602733685583e-01,6.255754449574912890e-01,6.258559754773023176e-01,6.259490754821512848e-01,6.258559754773029837e-01,6.255754449574912890e-01,6.251037602733687804e-01,6.244346095051751533e-01,6.235589387723508015e-01,6.224647494949790971e-01,6.211368648195996212e-01,6.195566979877895619e-01,6.177020788903163639e-01,6.155472312112150179e-01,6.130630454826441200e-01,6.102178656885244301e-01,6.069790960632839294e-01,6.033160246221288547e-01,5.992043091409813282e-01,5.946324967067566636e-01,5.896106171341789493e-01,5.841801492827866094e-01,5.784234392920954981e-01,5.724691826187193744e-01,5.664896300867737766e-01,5.606859725090429514e-01,5.552618396484672036e-01,5.503903462572737881e-01,5.461847356949052212e-01,5.426829467661322681e-01,5.398516706984881619e-01,5.376099274315574439e-01,5.358796796415504771e-01,5.348643805194877032e-01,5.326745213615944330e-01,5.306832325343007195e-01,5.286607056761771783e-01,5.265249340596565020e-01,5.242234425903959938e-01,5.217206507973438656e-01,5.189925356705243908e-01
6.398034398034397885e-01,4.852104064794426352e-01,4.884850630879244426e-01,4.914038204346263261e-01,4.939982055575015685e-01,4.963154601900596208e-01,4.984225032330868999e-01,5.004079531496137268e-01,5.014305362185705883e-01,5.032215265626686085e-01,5.057857914915012687e-01,5.093716821845046816e-01,5.142838860058071004e-01,5.207688060849853251e-01,5.289258064205043519e-01,5.386421640144203327e-01,5.495808774633081928e-01,5.612360859598763962e-01,5.730380539766359860e-01,5.844648470735939183e-01,5.951202602677260201e-01,6.047617441531707438e-01,6.132869584724202072e-01,6.206987768177494313e-01,6.270664966821699604e-01,6.324933997958129828e-01,6.370939088168457998e-01,6.409795924275026868e-01,6.442517921577572970e-01,6.469985862613403249e-01,6.492942977677945704e-01,6.512003242306635409e-01,6.527665321725281133e-01,6.540327843055762091e-01,6.550303738433546075e-01,6.557832617100214367e-01,6.563090789632078925e-01,6.566198897614543561e-01,6.567227237806477769e-01,6.566198897614534680e-01,6.563090789632091138e-01,6.557832617100216588e-01,6.550303738433566059e-01,6.540327843055762091e-01,6.527665321725277803e-01,6.512003242306640960e-01,6.492942977677922389e-01,6.469985862613403249e-01,6.442517921577574080e-01,6.409795924275032419e-01,6.370939088168456887e-01,6.324933997958132048e-01,6.270664966821685171e-01,6.206987768177489873e-01,6.132869584724199852e-01,6.047617441531687454e-01,5.951202602677253539e-01,5.844648470735948065e-01,5.730380539766363190e-01,5.612360859598750640e-01,5.495808774633078597e-01,5.386421640144202216e-01,5.289258064205060172e-01,5.207688060849852141e-01,5.142838860058073225e-01,5.093716821845037934e-01,5.057857914915029340e-01,5.032215265626687195e-01,5.014305362185704773e-01,5.004079531496127276e-01,4.984225032330864558e-01,4.963154601900606755e-01,4.939982055575023456e-01,4.914038204346267702e-01,4.884850630879231104e-01,4.852104064794435234e-01
6.461506961506962021e-01,3.569736318707014688e-01,3.622699245235019294e-01,3.673960992606679632e-01,3.723772263469318222e-01,3.772538944596167676e-01,3.820510861072511366e-01,3.857670817502644178e-01,3.911585093157873838e-01,3.983554673825893677e-01,4.078359346954891773e-01,4.201261022130113876e-01,4.354537202758962389e-01,4.535243719542276786e-01,4.734747535550832276e-01,4.940684533560674163e-01,5.140441271277738089e-01,5.324240452195290185e-01,5.486496250224706106e-01,5.625474383855144644e-01,5.742102081625526377e-01,5.838722591167646581e-01,5.918177219609394024e-01,5.983265786343791026e-01,6.036492558812234233e-01,6.079985313508619038e-01,6.115502864958832774e-01,6.144479329116936395e-01,6.168077746955639151e-01,6.187240517000387463e-01,6.202732049193890873e-01,6.215172883397219739e-01,6.225066111451135198e-01,6.232817430385985125e-01,6.238750147118933276e-01,6.243116259396472856e-01,6.246104497114721710e-01,6.247845981889613709e-01,6.248417969687218854e-01,6.247845981889609268e-01,6.246104497114706167e-01,6.243116259396482848e-01,6.238750147118956590e-01,6.232817430385960700e-01,6.225066111451106332e-01,6.215172883397219739e-01,6.202732049193870889e-01,6.187240517000393014e-01,6.168077746955641372e-01,6.144479329116966371e-01,6.115502864958834994e-01,6.079985313508633471e-01,6.036492558812230902e-01,5.983265786343776593e-01,5.918177219609392914e-01,5.838722591167627707e-01,5.742102081625528598e-01,5.625474383855133542e-01,5.486496250224714988e-01,5.324240452195276863e-01,5.140441271277739199e-01,4.940684533560676384e-01,4.734747535550831721e-01,4.535243719542280671e-01,4.354537202758974601e-01,4.201261022130127198e-01,4.078359346954890663e-01,3.983554673825883685e-01,3.911585093157873283e-01,3.857670817502661387e-01,3.820510861072522468e-01,3.772538944596161015e-01,3.723772263469325994e-01,3.673960992606683518e-01,3.622699245235018184e-01,3.569736318707015243e-01
6.524979524979525047e-01,2.151878836834120734e-01,2.188209145356964369e-01,2.227778700698865577e-01,2.271942759223300745e-01,2.322561783734550245e-01,2.382585843692389960e-01,2.471600174263425542e-01,2.582599685168612824e-01,2.719834823231317977e-01,2.882593506637394221e-01,3.065061659484252798e-01,3.257433795042837810e-01,3.449048287782277011e-01,3.631688486830136897e-01,3.801160704366935983e-01,3.956882877827032075e-01,4.100485493233033685e-01,4.234444500762628572e-01,4.361187182403385432e-01,4.482663851978798686e-01,4.600223434776329889e-01,4.714643191500065278e-01,4.826218708918919575e-01,4.934866888998657997e-01,5.040222401755192205e-01,5.141721623030296451e-01,5.238673566106156754e-01,5.330318937133907697e-01,5.415878530398476887e-01,5.494591865011306808e-01,5.565746726888178841e-01,5.628700260672460098e-01,5.682892435669816278e-01,5.727852999028066883e-01,5.763203322717224131e-01,5.788654756198295948e-01,5.804005151387577888e-01,5.809135103045184323e-01,5.804005151387620076e-01,5.788654756198301499e-01,5.763203322717227461e-01,5.727852999028071324e-01,5.682892435669810727e-01,5.628700260672429012e-01,5.565746726888195495e-01,5.494591865011307918e-01,5.415878530398472446e-01,5.330318937133891044e-01,5.238673566106124557e-01,5.141721623030288679e-01,5.040222401755181103e-01,4.934866888998662438e-01,4.826218708918898481e-01,4.714643191500053065e-01,4.600223434776348208e-01,4.482663851978788694e-01,4.361187182403398754e-01,4.234444500762638564e-01,4.100485493233035350e-01,3.956882877827051503e-01,3.801160704366921550e-01,3.631688486830138007e-01,3.449048287782275346e-01,3.257433795042823377e-01,3.065061659484251688e-01,2.882593506637396441e-01,2.719834823231325749e-01,2.582599685168625037e-01,2.471600174263432481e-01,2.382585843692390792e-01,2.322561783734541641e-01,2.271942759223301023e-01,2.227778700698862246e-01,2.188209145356964369e-01,2.151878836834109077e-01
6.588452088452088073e-01,1.456288572463020903e-01,1.472962358876921396e-01,1.493446850431979778e-01,1.519495617937454690e-01,1.554081058287435368e-01,1.608490308378095202e-01,1.671309685720346327e-01,1.742941446081738566e-01,1.819228162064705501e-01,1.894803081789308563e-01,1.965152602228434076e-01,2.027857636687326326e-01,2.082614038248664923e-01,2.130494075114736929e-01,2.173125035765556268e-01,2.212135470246159863e-01,2.248894601521237158e-01,2.284443013495996155e-01,2.319514781309902907e-01,2.354589570754053451e-01,2.389945622702664974e-01,2.425703275911192391e-01,2.461857440504028882e-01,2.498300767763905750e-01,2.534840114873005978e-01,2.571208789213206281e-01,2.607076644911807128e-01,2.642059647075427065e-01,2.675730087820608616e-01,2.707628236857431148e-01,2.737275826141919999e-01,2.764191396388964717e-01,2.787907178818368470e-01,2.807986866537060533e-01,2.824043372870388424e-01,2.835755507140501064e-01,2.842882445152861148e-01,2.845274943981471738e-01,2.842882445152848936e-01,2.835755507140512166e-01,2.824043372870386759e-01,2.807986866537054427e-01,2.787907178818339049e-01,2.764191396388963051e-01,2.737275826141929436e-01,2.707628236857421711e-01,2.675730087820630820e-01,2.642059647075416517e-01,2.607076644911794361e-01,2.571208789213205725e-01,2.534840114873009309e-01,2.498300767763897423e-01,2.461857440504040540e-01,2.425703275911192114e-01,2.389945622702655537e-01,2.354589570754062888e-01,2.319514781309910401e-01,2.284443013495991714e-01,2.248894601521238268e-01,2.212135470246153479e-01,2.173125035765563484e-01,2.130494075114737207e-01,2.082614038248657151e-01,2.027857636687326326e-01,1.965152602228421586e-01,1.894803081789305232e-01,1.819228162064714938e-01,1.742941446081729406e-01,1.671309685720354377e-01,1.608490308378099642e-01,1.554081058287439809e-01,1.519495617937450249e-01,1.493446850431979223e-01,1.472962358876925837e-01,1.456288572463024511e-01
6.651924651924652210e-01,1.146496916719420001e-01,1.153155594781130888e-01,1.163254934738539026e-01,1.178312738772794022e-01,1.203070080893361427e-01,1.230679075673230816e-01,1.260663706916038684e-01,1.290962348821206584e-01,1.319574193689522223e-01,1.345252112827959312e-01,1.367570379372973766e-01,1.386679067186337155e-01,1.403007476482995286e-01,1.417049997928342964e-01,1.429252436654546987e-01,1.439969387839505344e-01,1.449459995966932424e-01,1.457900144164185896e-01,1.465399439853599661e-01,1.472017913612881368e-01,1.477780751735168208e-01,1.482690889264862977e-01,1.486739817534544206e-01,1.489917031756734511e-01,1.492218422351921370e-01,1.493653720641616722e-01,1.494252902459826393e-01,1.494071264417697331e-01,1.493192743509237919e-01,1.491730979036276217e-01,1.489827644044513788e-01,1.487647722799748939e-01,1.485371686514078693e-01,1.483184901149487978e-01,1.481265037076271995e-01,1.479768660622906296e-01,1.478818477329501557e-01,1.478492779685011138e-01,1.478818477329502112e-01,1.479768660622912957e-01,1.481265037076286151e-01,1.483184901149492974e-01,1.485371686514076750e-01,1.487647722799752270e-01,1.489827644044515176e-01,1.491730979036284821e-01,1.493192743509241804e-01,1.494071264417692890e-01,1.494252902459836663e-01,1.493653720641621996e-01,1.492218422351928864e-01,1.489917031756741173e-01,1.486739817534546981e-01,1.482690889264859924e-01,1.477780751735171538e-01,1.472017913612886919e-01,1.465399439853610208e-01,1.457900144164191447e-01,1.449459995966941028e-01,1.439969387839508397e-01,1.429252436654545044e-01,1.417049997928343241e-01,1.403007476483006111e-01,1.386679067186334657e-01,1.367570379372974598e-01,1.345252112827957647e-01,1.319574193689516950e-01,1.290962348821206862e-01,1.260663706916037574e-01,1.230679075673239420e-01,1.203070080893354488e-01,1.178312738772795409e-01,1.163254934738537638e-01,1.153155594781132554e-01,1.146496916719418335e-01
6.715397215397215236e-01,1.007952592867869812e-01,1.008058150893845206e-01,1.011065602560421439e-01,1.019465120175153672e-01,1.029379714586423356e-01,1.041112601141361838e-01,1.054152620553844288e-01,1.067615107831167143e-01,1.080800578924297206e-01,1.093265783626246601e-01,1.104776070041375846e-01,1.115228243317969437e-01,1.124584233444260728e-01,1.132826010462964217e-01,1.139929107238019379e-01,1.145849021552379221e-01,1.150515625798517738e-01,1.153832410824912891e-01,1.155678836729008008e-01,1.155915053934255254e-01,1.154388865853042123e-01,1.150945136953213654e-01,1.145437978432963244e-01,1.137745996327958198e-01,1.127790660477211437e-01,1.115557429290737756e-01,1.101118632490084570e-01,1.084656291040887177e-01,1.066482119639814430e-01,1.047051077452823831e-01,1.026964267304441708e-01,1.006957060906686491e-01,9.878693675520509865e-02,9.705971458050172140e-02,9.560274690304783329e-02,9.449631813859234175e-02,9.380465265249794682e-02,9.356930321536668926e-02,9.380465265249747497e-02,9.449631813859146745e-02,9.560274690304711165e-02,9.705971458050136058e-02,9.878693675520516804e-02,1.006957060906695373e-01,1.026964267304442402e-01,1.047051077452824108e-01,1.066482119639821646e-01,1.084656291040889953e-01,1.101118632490077354e-01,1.115557429290738034e-01,1.127790660477206997e-01,1.137745996327951259e-01,1.145437978432970461e-01,1.150945136953225034e-01,1.154388865853054891e-01,1.155915053934256087e-01,1.155678836729004677e-01,1.153832410824917887e-01,1.150515625798516905e-01,1.145849021552382829e-01,1.139929107238024097e-01,1.132826010462966715e-01,1.124584233444264059e-01,1.115228243317964163e-01,1.104776070041378622e-01,1.093265783626247711e-01,1.080800578924295541e-01,1.067615107831162702e-01,1.054152620553838737e-01,1.041112601141357397e-01,1.029379714586410033e-01,1.019465120175142292e-01,1.011065602560415888e-01,1.008058150893839100e-01,1.007952592867875641e-01
6.778869778869779372e-01,9.700276511356650810e-02,9.663856934374440155e-02,9.662789237474983528e-02,9.702201461821102768e-02,9.743636357369886425e-02,9.815195509570484589e-02,9.911780043549911490e-02,1.002755137566217480e-01,1.015759663747058117e-01,1.029824117531840943e-01,1.044688534922210976e-01,1.060169809078070069e-01,1.076130731960539821e-01,1.092453155812888321e-01,1.109015453915801752e-01,1.125672968570345100e-01,1.142239882028860676e-01,1.158471178126117829e-01,1.174043781302905876e-01,1.188536506591011399e-01,1.201409190489869105e-01,1.211982425027930688e-01,1.219420845123300734e-01,1.222725073758712810e-01,1.220740270085453050e-01,1.212192560032552824e-01,1.195767748322282276e-01,1.170248040714449989e-01,1.134719321673934023e-01,1.088850121961593698e-01,1.033220319264779863e-01,9.696426010240716264e-02,9.013800977014366222e-02,8.331374482531267445e-02,7.707157912436204961e-02,7.202951238033314385e-02,6.874343626663942386e-02,6.760156297852371043e-02,6.874343626663970142e-02,7.202951238033328263e-02,7.707157912436263247e-02,8.331374482531378467e-02,9.013800977014224669e-02,9.696426010240641324e-02,1.033220319264781528e-01,1.088850121961595085e-01,1.134719321673953452e-01,1.170248040714474691e-01,1.195767748322268953e-01,1.212192560032565314e-01,1.220740270085478585e-01,1.222725073758739178e-01,1.219420845123285746e-01,1.211982425027935406e-01,1.201409190489872159e-01,1.188536506590999464e-01,1.174043781302888667e-01,1.158471178126116163e-01,1.142239882028856235e-01,1.125672968570341215e-01,1.109015453915793981e-01,1.092453155812877774e-01,1.076130731960535103e-01,1.060169809078082281e-01,1.044688534922199041e-01,1.029824117531847327e-01,1.015759663747057284e-01,1.002755137566213595e-01,9.911780043549778263e-02,9.815195509570276422e-02,9.743636357369833689e-02,9.702201461821099993e-02,9.662789237474947446e-02,9.663856934374426277e-02,9.700276511356531461e-02
6.842342342342342398e-01,1.019888307979915920e-01,1.018358301640922003e-01,1.024511563902475442e-01,1.027749342286947698e-01,1.036835424653422821e-01,1.051665573059307746e-01,1.072022769431446587e-01,1.097842790083747577e-01,1.129291554303472889e-01,1.166802379122112987e-01,1.211108866979742904e-01,1.263291511202006556e-01,1.324850521482365262e-01,1.397816926611002153e-01,1.484916794771068693e-01,1.589808318501366169e-01,1.717416709064804869e-01,1.874391717836189353e-01,2.069689404984534076e-01,2.315180365624149583e-01,2.625860330531539222e-01,3.018292380627486393e-01,3.503499544290892831e-01,4.065899322822179585e-01,4.618219371438161414e-01,4.953857575903510835e-01,4.815710947285914423e-01,4.158212127824251203e-01,3.254340473629179775e-01,2.414103975594007467e-01,1.769532514024090009e-01,1.317442238103422314e-01,1.012123322487729765e-01,8.094955760196212435e-02,6.775627176686888076e-02,5.954823638354250770e-02,5.506552029367611789e-02,5.364070847100066430e-02,5.506552029367622891e-02,5.954823638354322934e-02,6.775627176686765951e-02,8.094955760196440031e-02,1.012123322487763627e-01,1.317442238103462282e-01,1.769532514024084457e-01,2.414103975594014406e-01,3.254340473629173114e-01,4.158212127824248983e-01,4.815710947285858357e-01,4.953857575903657384e-01,4.618219371438089804e-01,4.065899322822165152e-01,3.503499544290936685e-01,3.018292380627509153e-01,2.625860330531438747e-01,2.315180365624222025e-01,2.069689404984521863e-01,1.874391717836165205e-01,1.717416709064780445e-01,1.589808318501382267e-01,1.484916794771081183e-01,1.397816926611016863e-01,1.324850521482377752e-01,1.263291511202025152e-01,1.211108866979782317e-01,1.166802379122104383e-01,1.129291554303449852e-01,1.097842790083742304e-01,1.072022769431438260e-01,1.051665573059294423e-01,1.036835424653425597e-01,1.027749342286936596e-01,1.024511563902468225e-01,1.018358301640906460e-01,1.019888307979928688e-01
6.905814905814906535e-01,1.172097075563914848e-01,1.195798445168669288e-01,1.211149709415912934e-01,1.238390093639750167e-01,1.279659269334311178e-01,1.336862707206853962e-01,1.413148227721662820e-01,1.513395038260456071e-01,1.645004372180252639e-01,1.819159341944209807e-01,2.052797868537190040e-01,2.371491546235874881e-01,2.812672157843018605e-01,3.424863252404612979e-01,4.244202273114696111e-01,5.194243730962491146e-01,5.877063387745284917e-01,5.659993217554531997e-01,4.553419876944105882e-01,3.291029181570261919e-01,2.327479582471544406e-01,1.690669037198223035e-01,1.284204641542615044e-01,1.022724222374276071e-01,8.507485821350521671e-02,7.347628226444474775e-02,6.546528992424870130e-02,5.981490227155017436e-02,5.575870695774357011e-02,5.280591730744788048e-02,5.063483365942386683e-02,4.903027242274288211e-02,4.784598776173915047e-02,4.698161188157756740e-02,4.636824898214489399e-02,4.595937957116591477e-02,4.572513957726925815e-02,4.564884770263294422e-02,4.572513957726898060e-02,4.595937957116685846e-02,4.636824898214392254e-02,4.698161188157776169e-02,4.784598776173920598e-02,4.903027242274313191e-02,5.063483365942389458e-02,5.280591730744885193e-02,5.575870695774429175e-02,5.981490227154807882e-02,6.546528992424899274e-02,7.347628226444470612e-02,8.507485821350274646e-02,1.022724222374275793e-01,1.284204641542581737e-01,1.690669037198221925e-01,2.327479582471471686e-01,3.291029181570307438e-01,4.553419876944226896e-01,5.659993217554587508e-01,5.877063387745300460e-01,5.194243730962435635e-01,4.244202273114831003e-01,3.424863252404626301e-01,2.812672157843059129e-01,2.371491546235908188e-01,2.052797868537195591e-01,1.819159341944201480e-01,1.645004372180290386e-01,1.513395038260443304e-01,1.413148227721643946e-01,1.336862707206860623e-01,1.279659269334312288e-01,1.238390093639755163e-01,1.211149709415915154e-01,1.195798445168688162e-01,1.172097075563907076e-01
6.969287469287469561e-01,1.476742028097214332e-01,1.550965352480517812e-01,1.636458864769861909e-01,1.759618515678172956e-01,1.930281674349972887e-01,2.162878998993436053e-01,2.473945988211780911e-01,2.871000537522470086e-01,3.316905078058258738e-01,3.660935038816012232e-01,3.636022571818360860e-01,3.129582273631463241e-01,2.400731804656323909e-01,1.757527394915397723e-01,1.299440878056434268e-01,9.987671505644177272e-02,8.051279597430112400e-02,6.795005052320908512e-02,5.966153353169539875e-02,5.408873266038660699e-02,5.027417861843548608e-02,4.762175930244223754e-02,4.575296551756691255e-02,4.442227219903291391e-02,4.346704428655659425e-02,4.277741452236039077e-02,4.227781564558030780e-02,4.191542468961079182e-02,4.165278633855712398e-02,4.146301420347961453e-02,4.132661440690402199e-02,4.122935020902826486e-02,4.116078756535465621e-02,4.111329470936408992e-02,4.108135068442586579e-02,4.106106907036607967e-02,4.104987609130189563e-02,4.104630405833084583e-02,4.104987609130186788e-02,4.106106907036652376e-02,4.108135068442603233e-02,4.111329470936472830e-02,4.116078756535557215e-02,4.122935020902865344e-02,4.132661440690379995e-02,4.146301420347961453e-02,4.165278633855629131e-02,4.191542468960990364e-02,4.227781564558050209e-02,4.277741452235953035e-02,4.346704428655698282e-02,4.442227219903246982e-02,4.575296551756746766e-02,4.762175930244223754e-02,5.027417861843552771e-02,5.408873266038823069e-02,5.966153353169788287e-02,6.795005052320855776e-02,8.051279597430438528e-02,9.987671505644578340e-02,1.299440878056439819e-01,1.757527394915358032e-01,2.400731804656161816e-01,3.129582273631532074e-01,3.636022571818406379e-01,3.660935038816026665e-01,3.316905078058222101e-01,2.871000537522397922e-01,2.473945988211794234e-01,2.162878998993413848e-01,1.930281674350007304e-01,1.759618515678155193e-01,1.636458864769888555e-01,1.550965352480504489e-01,1.476742028097220993e-01
7.032760032760032587e-01,1.831737990405202243e-01,1.942198673102514261e-01,2.060624301083784360e-01,2.144133696954486634e-01,2.128888734582961018e-01,1.959724004962273280e-01,1.653843512070790056e-01,1.305551316091596026e-01,1.004290710297535971e-01,7.827363093470537936e-02,6.331493737076487882e-02,5.360766625733769108e-02,4.740870538569663672e-02,4.347532536721014640e-02,4.099214196316859626e-02,3.943939601995058442e-02,3.848745546125267869e-02,3.792606655872513000e-02,3.761972187837145376e-02,3.748004081856148861e-02,3.744869320647331579e-02,3.748675954132457688e-02,3.756802358035643552e-02,3.767468710828875134e-02,3.779459438875934496e-02,3.791941019694111681e-02,3.804340853134674516e-02,3.816265776439448087e-02,3.827446654579155783e-02,3.837700336096872000e-02,3.846903310855118163e-02,3.854973341911971385e-02,3.861856590664811129e-02,3.867518568438582660e-02,3.871937786545887050e-02,3.875101338963493625e-02,3.877001899600082679e-02,3.877635789970629299e-02,3.877001899600124313e-02,3.875101338963432562e-02,3.871937786545967541e-02,3.867518568438596538e-02,3.861856590664802802e-02,3.854973341911852036e-02,3.846903310855104285e-02,3.837700336096860898e-02,3.827446654579186314e-02,3.816265776439478619e-02,3.804340853134635658e-02,3.791941019694128334e-02,3.779459438875865107e-02,3.767468710828950074e-02,3.756802358035521427e-02,3.748675954132427157e-02,3.744869320647259414e-02,3.748004081856018410e-02,3.761972187837034354e-02,3.792606655872426957e-02,3.848745546125212358e-02,3.943939601995079258e-02,4.099214196316923464e-02,4.347532536720974394e-02,4.740870538569637305e-02,5.360766625733766333e-02,6.331493737076059058e-02,7.827363093470135480e-02,1.004290710297518763e-01,1.305551316091575487e-01,1.653843512070798938e-01,1.959724004962282162e-01,2.128888734582964348e-01,2.144133696954481083e-01,2.060624301083728849e-01,1.942198673102543127e-01,1.831737990405245542e-01
7.096232596232596723e-01,1.266765248995252446e-01,1.137746500687555895e-01,9.708084989609866433e-02,7.976190940119926021e-02,6.471619651337609525e-02,5.327117200840061906e-02,4.534297689574134926e-02,4.020376349590398801e-02,3.704735591039248765e-02,3.521845205571497162e-02,3.424818630415396581e-02,3.382089650378397594e-02,3.373028395714874894e-02,3.384342773992976561e-02,3.407527386764488964e-02,3.437163289802683264e-02,3.469815070981405181e-02,3.503322750956106013e-02,3.536347953828952728e-02,3.568082264994290598e-02,3.598058930822398138e-02,3.626030633868387865e-02,3.651889759962162474e-02,3.675616175316692713e-02,3.697242936406847091e-02,3.716833764426799580e-02,3.734468280137173690e-02,3.750232379140494565e-02,3.764212020356602628e-02,3.776489281046235824e-02,3.787139912392720187e-02,3.796231881198411373e-02,3.803824550703460705e-02,3.809968265800844911e-02,3.814704183701453366e-02,3.818064242654459206e-02,3.820071196744112552e-02,3.820738669493900508e-02,3.820071196744059816e-02,3.818064242654484186e-02,3.814704183701406182e-02,3.809968265800889320e-02,3.803824550703407970e-02,3.796231881198403046e-02,3.787139912392706309e-02,3.776489281046216395e-02,3.764212020356677568e-02,3.750232379140439054e-02,3.734468280137234752e-02,3.716833764426788478e-02,3.697242936406958114e-02,3.675616175316756551e-02,3.651889759962209658e-02,3.626030633868312925e-02,3.598058930822431445e-02,3.568082264994210107e-02,3.536347953828944402e-02,3.503322750956081033e-02,3.469815070981407956e-02,3.437163289802669386e-02,3.407527386764561128e-02,3.384342773992971010e-02,3.373028395714960936e-02,3.382089650378553025e-02,3.424818630415382703e-02,3.521845205571536019e-02,3.704735591039126641e-02,4.020376349590382148e-02,4.534297689574010026e-02,5.327117200840111866e-02,6.471619651337987000e-02,7.976190940120458928e-02,9.708084989609910842e-02,1.137746500687597528e-01,1.266765248995262438e-01
7.159705159705159749e-01,5.471670754533744518e-02,4.729737142571921460e-02,4.150794995769613305e-02,3.743418451226279697e-02,3.482104420466611283e-02,3.330989184578678208e-02,3.256828991279261953e-02,3.233526607694905963e-02,3.242296606985045626e-02,3.270281882857736799e-02,3.308962051600414234e-02,3.352823792940945458e-02,3.398377281594433530e-02,3.443470132300532893e-02,3.486823337448688442e-02,3.527722475838407368e-02,3.565814042494194758e-02,3.600971775616068626e-02,3.633209223044667202e-02,3.662622756038938499e-02,3.689354616438206280e-02,3.713569148103676443e-02,3.735437706407979119e-02,3.755129275111579457e-02,3.772804827015036055e-02,3.788614126875902710e-02,3.802694111914106667e-02,3.815168274556859918e-02,3.826146664433177635e-02,3.835726254936161483e-02,3.843991505477917237e-02,3.851015008021063668e-02,3.856858144935115806e-02,3.861571710935757240e-02,3.865196468944143149e-02,3.867763620975253613e-02,3.869295182515797293e-02,3.869804253564712582e-02,3.869295182515783416e-02,3.867763620975259165e-02,3.865196468944001595e-02,3.861571710935815527e-02,3.856858144935021437e-02,3.851015008021016484e-02,3.843991505477944992e-02,3.835726254936086543e-02,3.826146664433180411e-02,3.815168274556840489e-02,3.802694111914117769e-02,3.788614126875936017e-02,3.772804827015083240e-02,3.755129275111571130e-02,3.735437706407990222e-02,3.713569148103648687e-02,3.689354616438170198e-02,3.662622756038969030e-02,3.633209223044600589e-02,3.600971775616002013e-02,3.565814042494225289e-02,3.527722475838396266e-02,3.486823337448774485e-02,3.443470132300574527e-02,3.398377281594416877e-02,3.352823792941142522e-02,3.308962051600358723e-02,3.270281882857953293e-02,3.242296606985109464e-02,3.233526607694892085e-02,3.256828991279298036e-02,3.330989184578617146e-02,3.482104420466552996e-02,3.743418451226362964e-02,4.150794995769674367e-02,4.729737142571979747e-02,5.471670754533805581e-02
7.223177723177722775e-01,3.613584827791055387e-02,3.448571099291189435e-02,3.352307840576593256e-02,3.309139726875204301e-02,3.303492778193373169e-02,3.322520365233280759e-02,3.356600186719357892e-02,3.398945783014661881e-02,3.444974794882818547e-02,3.491707931992293901e-02,3.537285625625571917e-02,3.580609140619445130e-02,3.621085578227595247e-02,3.658451423255851265e-02,3.692652523669562314e-02,3.723763471870089603e-02,3.751934036359663716e-02,3.777353972163313700e-02,3.800230231778278789e-02,3.820772497522836875e-02,3.839184267912265636e-02,3.855657626586958542e-02,3.870370430590652777e-02,3.883485066676553576e-02,3.895148202989109909e-02,3.905491152006157485e-02,3.914630588242037912e-02,3.922669450573343375e-02,3.929697917468896740e-02,3.935794382813465053e-02,3.941026386520235514e-02,3.945451471796032616e-02,3.949117952589115133e-02,3.952065582303487812e-02,3.954326119604531509e-02,3.955923789978987859e-02,3.956875643249407881e-02,3.957191807909371528e-02,3.956875643249310737e-02,3.955923789978982308e-02,3.954326119604523182e-02,3.952065582303529445e-02,3.949117952589126235e-02,3.945451471796093679e-02,3.941026386520299352e-02,3.935794382813440073e-02,3.929697917468846780e-02,3.922669450573398886e-02,3.914630588241943543e-02,3.905491152006221323e-02,3.895148202989115460e-02,3.883485066676575781e-02,3.870370430590677757e-02,3.855657626587014053e-02,3.839184267912171267e-02,3.820772497522822997e-02,3.800230231778289891e-02,3.777353972163249862e-02,3.751934036359663716e-02,3.723763471870047970e-02,3.692652523669512354e-02,3.658451423255962287e-02,3.621085578227675739e-02,3.580609140619447905e-02,3.537285625625435914e-02,3.491707931992296676e-02,3.444974794882685321e-02,3.398945783014570288e-02,3.356600186719402301e-02,3.322520365233244677e-02,3.303492778193378721e-02,3.309139726875093279e-02,3.352307840576523867e-02,3.448571099291053432e-02,3.613584827790936038e-02
7.286650286650286912e-01,3.473580254330993489e-02,3.471366488337915279e-02,3.488856886125907275e-02,3.519284329958155544e-02,3.557214245822729048e-02,3.598650339913900265e-02,3.640831414385789500e-02,3.681953804607801528e-02,3.720913317374774376e-02,3.757096257441966403e-02,3.790221693052045482e-02,3.820227280078014598e-02,3.847188895897890593e-02,3.871265253521447014e-02,3.892660431991398773e-02,3.911599009456018239e-02,3.928309938620683228e-02,3.943016418514447285e-02,3.955929835150848173e-02,3.967246430484222541e-02,3.977145773491647107e-02,3.985790397215208114e-02,3.993326167335770061e-02,3.999883087628652856e-02,4.005576344199479610e-02,4.010507456873171894e-02,4.014765451722865364e-02,4.018427999865292755e-02,4.021562488764532373e-02,4.024227006451336353e-02,4.026471228435968275e-02,4.028337203131479582e-02,4.029860035368873494e-02,4.031068469767032370e-02,4.031985376834720802e-02,4.032628145062203129e-02,4.033008982150804167e-02,4.033135128090747923e-02,4.033008982150804167e-02,4.032628145062258640e-02,4.031985376834829049e-02,4.031068469767018492e-02,4.029860035368892923e-02,4.028337203131510114e-02,4.026471228435979377e-02,4.024227006451433497e-02,4.021562488764515719e-02,4.018427999865242795e-02,4.014765451722823730e-02,4.010507456873230181e-02,4.005576344199465733e-02,3.999883087628727796e-02,3.993326167335750632e-02,3.985790397215135950e-02,3.977145773491536085e-02,3.967246430484253072e-02,3.955929835150914786e-02,3.943016418514488919e-02,3.928309938620663799e-02,3.911599009455982157e-02,3.892660431991457060e-02,3.871265253521471994e-02,3.847188895897943328e-02,3.820227280078061782e-02,3.790221693052092666e-02,3.757096257441930320e-02,3.720913317374782703e-02,3.681953804607723812e-02,3.640831414385778397e-02,3.598650339913853080e-02,3.557214245822837295e-02,3.519284329958183299e-02,3.488856886125929480e-02,3.471366488337918055e-02,3.473580254331076755e-02
7.350122850122851048e-01,3.785132988745087967e-02,3.816442238517217533e-02,3.851047274648908281e-02,3.886530337054158735e-02,3.921162130508040744e-02,3.953810123284434708e-02,3.983806290682853635e-02,4.010821520591384415e-02,4.034762009027362262e-02,4.055689733127654240e-02,4.073764125914364209e-02,4.089200675854492983e-02,4.102242360482383221e-02,4.113140495822287246e-02,4.122142326696320858e-02,4.129483354645513415e-02,4.135382938693155097e-02,4.140042116412157025e-02,4.143642898825189436e-02,4.146348515558684333e-02,4.148304246850786914e-02,4.149638593065446690e-02,4.150464612927118324e-02,4.150881318236288031e-02,4.150975052214439520e-02,4.150820805856975104e-02,4.150483445299535390e-02,4.150018835771307479e-02,4.149474856032153713e-02,4.148892302539269883e-02,4.148305685879544180e-02,4.147743923867130977e-02,4.147230936595985851e-02,4.146786148959485940e-02,4.146424905936868521e-02,4.146158805432548222e-02,4.145995952754988334e-02,4.145941140006348391e-02,4.145995952755071601e-02,4.146158805432581529e-02,4.146424905936896277e-02,4.146786148959408225e-02,4.147230936595980300e-02,4.147743923867203142e-02,4.148305685879544180e-02,4.148892302539330945e-02,4.149474856032148162e-02,4.150018835771251968e-02,4.150483445299524288e-02,4.150820805857086127e-02,4.150975052214400662e-02,4.150881318236232520e-02,4.150464612927079466e-02,4.149638593065418934e-02,4.148304246850786914e-02,4.146348515558712089e-02,4.143642898825106169e-02,4.140042116412034900e-02,4.135382938693199506e-02,4.129483354645457904e-02,4.122142326696343062e-02,4.113140495822209530e-02,4.102242360482388772e-02,4.089200675854443023e-02,4.073764125914353107e-02,4.055689733127637586e-02,4.034762009027445528e-02,4.010821520591331679e-02,3.983806290682892493e-02,3.953810123284431932e-02,3.921162130507968580e-02,3.886530337054219797e-02,3.851047274648863872e-02,3.816442238517178676e-02,3.785132988745085192e-02
7.413595413595414074e-01,4.208610287997699428e-02,4.238214300545278812e-02,4.265441467515551643e-02,4.289674623605632675e-02,4.310600130873837310e-02,4.328139039122130827e-02,4.342379101646975936e-02,4.353517723546668217e-02,4.361817832516057258e-02,4.367575534824985617e-02,4.371097432956438933e-02,4.372685388295699527e-02,4.372626824645875487e-02,4.371189050039814283e-02,4.368616335135844242e-02,4.365128914432614415e-02,4.360923244784764563e-02,4.356173057174361762e-02,4.351030875426747935e-02,4.345629776401377375e-02,4.340085239238877790e-02,4.334496983435387474e-02,4.328950732353420428e-02,4.323519864424124615e-02,4.318266931885816895e-02,4.313245038716523316e-02,4.308499077147243117e-02,4.304066826985192273e-02,4.299979924818098098e-02,4.296264711632313826e-02,4.292942967897883655e-02,4.290032545080013637e-02,4.287547902025340418e-02,4.285500553916710142e-02,4.283899440576910411e-02,4.282751219904340489e-02,4.282060491186723272e-02,4.281829951980264948e-02,4.282060491186812090e-02,4.282751219904262774e-02,4.283899440576860451e-02,4.285500553916726796e-02,4.287547902025390378e-02,4.290032545080041393e-02,4.292942967897833695e-02,4.296264711632286071e-02,4.299979924818225774e-02,4.304066826985109007e-02,4.308499077147270873e-02,4.313245038716423396e-02,4.318266931885694770e-02,4.323519864424119064e-02,4.328950732353303854e-02,4.334496983435415229e-02,4.340085239238877790e-02,4.345629776401366273e-02,4.351030875426764588e-02,4.356173057174295149e-02,4.360923244784786768e-02,4.365128914432608864e-02,4.368616335135883100e-02,4.371189050039941959e-02,4.372626824645925447e-02,4.372685388295716180e-02,4.371097432956572160e-02,4.367575534824952310e-02,4.361817832515985094e-02,4.353517723546734830e-02,4.342379101646887118e-02,4.328139039122119724e-02,4.310600130873776248e-02,4.289674623605621573e-02,4.265441467515596052e-02,4.238214300545262159e-02,4.208610287997810451e-02
7.477067977067977100e-01,4.650265938911962715e-02,4.671407296923624219e-02,4.687497476209961933e-02,4.698823392482986971e-02,4.705772970254412657e-02,4.708794360603513196e-02,4.708362079725197935e-02,4.704951527563489000e-02,4.699021208933445992e-02,4.691001276350820204e-02,4.681286927228367478e-02,4.670235350613843872e-02,4.658165160641181135e-02,4.645357488718254713e-02,4.632058070209260636e-02,4.618480035878153034e-02,4.604806896527263715e-02,4.591195620261595556e-02,4.577779643649132479e-02,4.564671723619612154e-02,4.551966581262306688e-02,4.539743313660249413e-02,4.528067567109073099e-02,4.516993476285502407e-02,4.506565380845439783e-02,4.496819334836699156e-02,4.487784426137503280e-02,4.479483923579030691e-02,4.471936268949772142e-02,4.465155930061553979e-02,4.459154129709702596e-02,4.453939463844530655e-02,4.449518420698278520e-02,4.445895811030137201e-02,4.443075118122663536e-02,4.441058774680411991e-02,4.439848372376409280e-02,4.439444808439135803e-02,4.439848372376409280e-02,4.441058774680339827e-02,4.443075118122669087e-02,4.445895811030142752e-02,4.449518420698272969e-02,4.453939463844630575e-02,4.459154129709697045e-02,4.465155930061587286e-02,4.471936268949794346e-02,4.479483923579036242e-02,4.487784426137580995e-02,4.496819334836599236e-02,4.506565380845456437e-02,4.516993476285507958e-02,4.528067567109067548e-02,4.539743313660238311e-02,4.551966581262328893e-02,4.564671723619695420e-02,4.577779643649115826e-02,4.591195620261590005e-02,4.604806896527197102e-02,4.618480035878164136e-02,4.632058070209282841e-02,4.645357488718282468e-02,4.658165160641147828e-02,4.670235350613871628e-02,4.681286927228450745e-02,4.691001276350847959e-02,4.699021208933434890e-02,4.704951527563772107e-02,4.708362079725292304e-02,4.708794360603457685e-02,4.705772970254484822e-02,4.698823392483036931e-02,4.687497476210006342e-02,4.671407296923696384e-02,4.650265938911968266e-02
7.540540540540541237e-01,5.036850175734880475e-02,5.052736143898395316e-02,5.061191250874014225e-02,5.063166362384041719e-02,5.059584589413762545e-02,5.051317953265410665e-02,5.039172241562994703e-02,5.023878778164669878e-02,5.006091523668038112e-02,4.986388012257408908e-02,4.965272868341935597e-02,4.943182916418570327e-02,4.920493147547028157e-02,4.897523016077764968e-02,4.874542708414719705e-02,4.851779160286529002e-02,4.829421588714988278e-02,4.807626680936194496e-02,4.786523208300774712e-02,4.766216114965410311e-02,4.746790152046864719e-02,4.728313059073463442e-02,4.710838334324346510e-02,4.694407635220559927e-02,4.679052849104314848e-02,4.664797872707382442e-02,4.651660135747887059e-02,4.639651900813718255e-02,4.628781368255135975e-02,4.619053611426771067e-02,4.610471364374968406e-02,4.603035681044942429e-02,4.596746482288122104e-02,4.591603004405919730e-02,4.587604160639086048e-02,4.584748824899198549e-02,4.583036045102395484e-02,4.582465191671619698e-02,4.583036045102412137e-02,4.584748824899170794e-02,4.587604160638963924e-02,4.591603004405914179e-02,4.596746482288016633e-02,4.603035681044842509e-02,4.610471364374973957e-02,4.619053611426782169e-02,4.628781368255224793e-02,4.639651900813718255e-02,4.651660135747831548e-02,4.664797872707326931e-02,4.679052849104270440e-02,4.694407635220504416e-02,4.710838334324263244e-02,4.728313059073446789e-02,4.746790152046903577e-02,4.766216114965282635e-02,4.786523208300619281e-02,4.807626680936233354e-02,4.829421588714971625e-02,4.851779160286551207e-02,4.874542708414730807e-02,4.897523016077626190e-02,4.920493147546989299e-02,4.943182916418642492e-02,4.965272868341913393e-02,4.986388012257525482e-02,5.006091523668093624e-02,5.023878778164725389e-02,5.039172241563033561e-02,5.051317953265510585e-02,5.059584589413840261e-02,5.063166362384141639e-02,5.061191250874030878e-02,5.052736143898395316e-02,5.036850175734913782e-02
7.604013104013104263e-01,5.351906054823363235e-02,5.369696750644109562e-02,5.377036233947490862e-02,5.375511498400209476e-02,5.366589512092495573e-02,5.351599695597153428e-02,5.331727455648183067e-02,5.308015598819043612e-02,5.281371002214685362e-02,5.252574497754575189e-02,5.222292452509819105e-02,5.191088967233858931e-02,5.159437963103857827e-02,5.127734690586382982e-02,5.096306387488697132e-02,5.065421949990950301e-02,5.035300574798023954e-02,5.006119404607251022e-02,4.978020139113858988e-02,4.951114833205455534e-02,4.925490966370227319e-02,4.901215656805701926e-02,4.878339326970765333e-02,4.856898816717875045e-02,4.836920022672552832e-02,4.818420130125072864e-02,4.801409495211672596e-02,4.785893227763388103e-02,4.771872518426922838e-02,4.759345747513288316e-02,4.748309407513401359e-02,4.738758866308084849e-02,4.730688993762977024e-02,4.724094670559214615e-02,4.718971194733967423e-02,4.715314598389835909e-02,4.713121884357168723e-02,4.712391190154457954e-02,4.713121884357190927e-02,4.715314598389830358e-02,4.718971194733984076e-02,4.724094670559308984e-02,4.730688993762949268e-02,4.738758866308206974e-02,4.748309407513318092e-02,4.759345747513277214e-02,4.771872518426856224e-02,4.785893227763415858e-02,4.801409495211661493e-02,4.818420130125111722e-02,4.836920022672480668e-02,4.856898816717891698e-02,4.878339326970826395e-02,4.901215656805812948e-02,4.925490966370299484e-02,4.951114833205544352e-02,4.978020139113831233e-02,5.006119404607273227e-02,5.035300574797951789e-02,5.065421949990933648e-02,5.096306387488752643e-02,5.127734690586338573e-02,5.159437963103891134e-02,5.191088967233931095e-02,5.222292452509930127e-02,5.252574497754647354e-02,5.281371002214685362e-02,5.308015598819082470e-02,5.331727455648144209e-02,5.351599695597181183e-02,5.366589512092495573e-02,5.375511498400231680e-02,5.377036233947551924e-02,5.369696750644115113e-02,5.351906054823457604e-02
7.667485667485667289e-01,5.663873902123067738e-02,5.691985653429393333e-02,5.705704528137994780e-02,5.707260602585478848e-02,5.698708062186547130e-02,5.681899415318253377e-02,5.658476964187680869e-02,5.629876193244859328e-02,5.597336862340385188e-02,5.561918624711026382e-02,5.524518867672562061e-02,5.485891180021273961e-02,5.446663394149936499e-02,5.407354554776799826e-02,5.368390455841398623e-02,5.330117587627736242e-02,5.292815469467065936e-02,5.256707427609680350e-02,5.221969927987218929e-02,5.188740610925496322e-02,5.157125115401572923e-02,5.127202804543445902e-02,5.099031890812566470e-02,5.072653463484405600e-02,5.048094988957907425e-02,5.025373237161540052e-02,5.004496724708701327e-02,4.985467750727684555e-02,4.968284088680841037e-02,4.952940387769477759e-02,4.939429329132916102e-02,4.927742574754900851e-02,4.917871540633861338e-02,4.909808020243106030e-02,4.903544679493937464e-02,4.899075440188599417e-02,4.896395765225530772e-02,4.895502855477656956e-02,4.896395765225436403e-02,4.899075440188616071e-02,4.903544679494031833e-02,4.909808020243089377e-02,4.917871540633794725e-02,4.927742574754845339e-02,4.939429329132849489e-02,4.952940387769499964e-02,4.968284088680918753e-02,4.985467750727523573e-02,5.004496724708656918e-02,5.025373237161578910e-02,5.048094988957979590e-02,5.072653463484383396e-02,5.099031890812583123e-02,5.127202804543457004e-02,5.157125115401689497e-02,5.188740610925374197e-02,5.221969927987291094e-02,5.256707427609746963e-02,5.292815469467104794e-02,5.330117587627697384e-02,5.368390455841470787e-02,5.407354554776905298e-02,5.446663394150041970e-02,5.485891180021335023e-02,5.524518867672562061e-02,5.561918624710948666e-02,5.597336862340390740e-02,5.629876193244881533e-02,5.658476964187747482e-02,5.681899415318325541e-02,5.698708062186591539e-02,5.707260602585495501e-02,5.705704528138039189e-02,5.691985653429432190e-02,5.663873902122967818e-02
7.730958230958231425e-01,5.934806435401007718e-02,5.980065033042725187e-02,6.006584578540774544e-02,6.017134381112265729e-02,6.014303014445288031e-02,6.000451846218857188e-02,5.977693225187075132e-02,5.947886489732456816e-02,5.912646146518740764e-02,5.873357762176856234e-02,5.831198202846465950e-02,5.787157788613328524e-02,5.742062684818260987e-02,5.696596437296153059e-02,5.651319994562326032e-02,5.606689872735770575e-02,5.563074334595174975e-02,5.520767596064529714e-02,5.480002161238328728e-02,5.440959436589387632e-02,5.403778798919994797e-02,5.368565307820044596e-02,5.335396219415355912e-02,5.304326261917702290e-02,5.275392536851442049e-02,5.248618182181608027e-02,5.224015570534268349e-02,5.201588965189912761e-02,5.181336714419582101e-02,5.163253061277323086e-02,5.147329630606717332e-02,5.133556644556980242e-02,5.121923909148007326e-02,5.112421606886746739e-02,5.105040923888765070e-02,5.099774534255341329e-02,5.096616959425875892e-02,5.095564815747033460e-02,5.096616959425881443e-02,5.099774534255302472e-02,5.105040923888809479e-02,5.112421606886796699e-02,5.121923909147990672e-02,5.133556644557019100e-02,5.147329630606756190e-02,5.163253061277334188e-02,5.181336714419570999e-02,5.201588965189851699e-02,5.224015570534351616e-02,5.248618182181591374e-02,5.275392536851464254e-02,5.304326261917657881e-02,5.335396219415289298e-02,5.368565307819972432e-02,5.403778798920044757e-02,5.440959436589420939e-02,5.480002161238312075e-02,5.520767596064507510e-02,5.563074334595080606e-02,5.606689872735809432e-02,5.651319994562448157e-02,5.696596437295969872e-02,5.742062684818260987e-02,5.787157788613395137e-02,5.831198202846554768e-02,5.873357762176734109e-02,5.912646146518674151e-02,5.947886489732490123e-02,5.977693225187119541e-02,6.000451846218868290e-02,6.014303014445288031e-02,6.017134381112188013e-02,6.006584578540741237e-02,5.980065033042625267e-02,5.934806435401129843e-02
7.794430794430794451e-01,6.182745966548897076e-02,6.246839994005815022e-02,6.288647794122426138e-02,6.311157388494048615e-02,6.317239385910988769e-02,6.309576467446265102e-02,6.290619689748400134e-02,6.262566613701092688e-02,6.227356173775044912e-02,6.186675599937951908e-02,6.141975382730313626e-02,6.094489057827312539e-02,6.045255356835821381e-02,5.995140955200828348e-02,5.944862614574586424e-02,5.895007961016840436e-02,5.846054472267492308e-02,5.798386484445638978e-02,5.752310189999398915e-02,5.708066702536351844e-02,5.665843325690433918e-02,5.625783194972122647e-02,5.587993473803942734e-02,5.552552293181700627e-02,5.519514614691301002e-02,5.488916824365530633e-02,5.460781222584787375e-02,5.435119210241590171e-02,5.411934091387493595e-02,5.391223400416828015e-02,5.372980807135208092e-02,5.357197672771635277e-02,5.343864312281604301e-02,5.332971007986381240e-02,5.324508811149719634e-02,5.318470160776284095e-02,5.314849342473826344e-02,5.313642804449070223e-02,5.314849342473820792e-02,5.318470160776250788e-02,5.324508811149708531e-02,5.332971007986425649e-02,5.343864312281604301e-02,5.357197672771651931e-02,5.372980807135202541e-02,5.391223400416744749e-02,5.411934091387538004e-02,5.435119210241551313e-02,5.460781222584798478e-02,5.488916824365752678e-02,5.519514614691578558e-02,5.552552293181955978e-02,5.587993473804164779e-02,5.625783194972044932e-02,5.665843325690456123e-02,5.708066702536318537e-02,5.752310189999454426e-02,5.798386484445572364e-02,5.846054472267547819e-02,5.895007961016862641e-02,5.944862614574619730e-02,5.995140955200861654e-02,6.045255356835854688e-02,6.094489057827345846e-02,6.141975382730269217e-02,6.186675599937918602e-02,6.227356173774989401e-02,6.262566613701114893e-02,6.290619689748400134e-02,6.309576467446265102e-02,6.317239385910888849e-02,6.311157388494048615e-02,6.288647794122292911e-02,6.246839994005848329e-02,6.182745966548908179e-02
7.857903357903358588e-01,6.294766591138256651e-02,6.365747025502477285e-02,6.415050764277518969e-02,6.444892529825119176e-02,6.457623988300920104e-02,6.455613716681485315e-02,6.441155703807277533e-02,6.416404982954726499e-02,6.383336953797136282e-02,6.343726017199902145e-02,6.299139011691134993e-02,6.250939307407588075e-02,6.200298038053453364e-02,6.148209659565595508e-02,6.095509706150803453e-02,6.042893211617816895e-02,5.990932753551836409e-02,5.940095459002725509e-02,5.890758594096145995e-02,5.843223562382238168e-02,5.797728274766211776e-02,5.754457943013169263e-02,5.713554402237941421e-02,5.675124096059258605e-02,5.639244869944637362e-02,5.605971728048209091e-02,5.575341727145233239e-02,5.547377639435202568e-02,5.522091851282762143e-02,5.499488922843109862e-02,5.479567878892921406e-02,5.462324118485373248e-02,5.447750957884744949e-02,5.435840871402763952e-02,5.426586474511740921e-02,5.419981284081276662e-02,5.416020282903366567e-02,5.414700308864595080e-02,5.416020282903388772e-02,5.419981284081298867e-02,5.426586474511707614e-02,5.435840871402852770e-02,5.447750957884756051e-02,5.462324118485273328e-02,5.479567878892910304e-02,5.499488922843154270e-02,5.522091851282762143e-02,5.547377639435180363e-02,5.575341727145410875e-02,5.605971728048209091e-02,5.639244869944648464e-02,5.675124096059325218e-02,5.713554402237985830e-02,5.754457943013191468e-02,5.797728274766245082e-02,5.843223562382204861e-02,5.890758594096079381e-02,5.940095459002781020e-02,5.990932753551880818e-02,6.042893211617894611e-02,6.095509706150725737e-02,6.148209659565573304e-02,6.200298038053331240e-02,6.250939307407510359e-02,6.299139011691234913e-02,6.343726017199913247e-02,6.383336953797158486e-02,6.416404982954748704e-02,6.441155703807099897e-02,6.455613716681385394e-02,6.457623988300931206e-02,6.444892529825019256e-02,6.415050764277530071e-02,6.365747025502399570e-02,6.294766591138190037e-02
7.921375921375921614e-01,6.454108481072129422e-02,6.503810267173837367e-02,6.540088315926306795e-02,6.562623962167346559e-02,6.571822477281508146e-02,6.568622006574820205e-02,6.554298630583732521e-02,6.530305899024235750e-02,6.498154215954321522e-02,6.459325880829136501e-02,6.415219206897881943e-02,6.367115114354304772e-02,6.316160366185197272e-02,6.263362615524648014e-02,6.209593435465599054e-02,6.155596406349050920e-02,6.101998102147299097e-02,6.049320438831551350e-02,5.997993332880180439e-02,5.948366984898734167e-02,5.900723372225757934e-02,5.855286725498110023e-02,5.812232895434177316e-02,5.771697602730740950e-02,5.733783618151855332e-02,5.698566951246764045e-02,5.666102142502205119e-02,5.636426769501101663e-02,5.609565323744403198e-02,5.585531896440210087e-02,5.564333485798589329e-02,5.545971894234802413e-02,5.530445491928470680e-02,5.517750690844813732e-02,5.507883103239208378e-02,5.500838439492694576e-02,5.496613176690468006e-02,5.495205020596838352e-02,5.496613176690512415e-02,5.500838439492661269e-02,5.507883103239219480e-02,5.517750690844891448e-02,5.530445491928581703e-02,5.545971894234869026e-02,5.564333485798544920e-02,5.585531896440232291e-02,5.609565323744436505e-02,5.636426769501190481e-02,5.666102142502194017e-02,5.698566951246752943e-02,5.733783618151855332e-02,5.771697602730885279e-02,5.812232895434255031e-02,5.855286725498032308e-02,5.900723372225746832e-02,5.948366984898700860e-02,5.997993332880213746e-02,6.049320438831540248e-02,6.101998102147310199e-02,6.155596406349006511e-02,6.209593435465499134e-02,6.263362615524592503e-02,6.316160366185286090e-02,6.367115114354227057e-02,6.415219206897826432e-02,6.459325880829147604e-02,6.498154215954332624e-02,6.530305899024302363e-02,6.554298630583721419e-02,6.568622006574775796e-02,6.571822477281663577e-02,6.562623962167302150e-02,6.540088315926462226e-02,6.503810267173726345e-02,6.454108481072118320e-02
7.984848484848485750e-01,6.245395456052016403e-02,6.524873517614437901e-02,6.637239605596367831e-02,6.682768481420942042e-02,6.696804340527517940e-02,6.692769274254128931e-02,6.676383013739217720e-02,6.650549633009639194e-02,6.617110580620400029e-02,6.577485617423062259e-02,6.532902138947882520e-02,6.484470113133911084e-02,6.433201119484099895e-02,6.380009789361562600e-02,6.325712148126338974e-02,6.271025753708880934e-02,6.216572696833533307e-02,6.162885110821691992e-02,6.110412429661338241e-02,6.059529628076754104e-02,6.010545814174284018e-02,5.963712711739854733e-02,5.919232720770384315e-02,5.877266366972211387e-02,5.837939042522866107e-02,5.801347005209678276e-02,5.767562646468560317e-02,5.736639066188087277e-02,5.708614008612644675e-02,5.683513233555592681e-02,5.661353465686458364e-02,5.642144148151340133e-02,5.625890252759846444e-02,5.612593509929997282e-02,5.602253670809465014e-02,5.594869545618808004e-02,5.590439762855992090e-02,5.588963294171644947e-02,5.590439762855869965e-02,5.594869545618663675e-02,5.602253670809409503e-02,5.612593509929963975e-02,5.625890252759824239e-02,5.642144148151273519e-02,5.661353465686502773e-02,5.683513233555426147e-02,5.708614008612689084e-02,5.736639066187931846e-02,5.767562646468649135e-02,5.801347005209811503e-02,5.837939042522910515e-02,5.877266366971800604e-02,5.919232720770339906e-02,5.963712711740076777e-02,6.010545814174217405e-02,6.059529628076831820e-02,6.110412429661327138e-02,6.162885110821336720e-02,6.216572696833544409e-02,6.271025753708858730e-02,6.325712148126183543e-02,6.380009789361595907e-02,6.433201119484110997e-02,6.484470113134133129e-02,6.532902138947793702e-02,6.577485617423017850e-02,6.617110580620710891e-02,6.650549633009605888e-02,6.676383013739117800e-02,6.692769274254162237e-02,6.696804340527684474e-02,6.682768481421130780e-02,6.637239605596489955e-02,6.524873517614526719e-02,6.245395456051339167e-02
8.048321048321048776e-01,5.536259223192611933e-03,2.342339246013258602e-02,4.468827319140011856e-02,5.725829799526493957e-02,6.296884937219204836e-02,6.537122805972328532e-02,6.630143048296410768e-02,6.655111453465334392e-02,6.646193792498045205e-02,6.618927866855894848e-02,6.580918530103696540e-02,6.536234025250509116e-02,6.487281301992708915e-02,6.435638052940684251e-02,6.382435732799940364e-02,6.328542388156055409e-02,6.274653658911566456e-02,6.221340729667590441e-02,6.169077743164930183e-02,6.118259232848433093e-02,6.069212558494241350e-02,6.022207691992020884e-02,5.977465447128360587e-02,5.935164656186420196e-02,5.895448523957991238e-02,5.858430270100789539e-02,5.824198122502211028e-02,5.792819707874108381e-02,5.764345882247112751e-02,5.738814044725004671e-02,5.716250980127079995e-02,5.696675293542075025e-02,5.680099567216367884e-02,5.666531251578421635e-02,5.655975137900481897e-02,5.648433865645929863e-02,5.643908737331804204e-02,5.642400311406770008e-02,5.643908737331726488e-02,5.648433865645963170e-02,5.655975137900504102e-02,5.666531251578510453e-02,5.680099567216345680e-02,5.696675293541997309e-02,5.716250980127091097e-02,5.738814044725049079e-02,5.764345882247123853e-02,5.792819707874108381e-02,5.824198122502222130e-02,5.858430270100778436e-02,5.895448523958024545e-02,5.935164656186464605e-02,5.977465447128260667e-02,6.022207691992009782e-02,6.069212558494274656e-02,6.118259232848544116e-02,6.169077743165030103e-02,6.221340729667446112e-02,6.274653658911499843e-02,6.328542388155999898e-02,6.382435732799929262e-02,6.435638052940673148e-02,6.487281301992586791e-02,6.536234025250697854e-02,6.580918530103696540e-02,6.618927866855950359e-02,6.646193792498122921e-02,6.655111453465156757e-02,6.630143048296488484e-02,6.537122805972539474e-02,6.296884937219238143e-02,5.725829799526682695e-02,4.468827319139567766e-02,2.342339246013408482e-02,5.536259223194880952e-03
8.111793611793611802e-01,1.276969111232603704e-02,7.298033346598384319e-03,2.683235081424713286e-03,5.430255199027803070e-03,2.071661534611973776e-02,3.986131941259501987e-02,5.292315806218395036e-02,5.969563573651526234e-02,6.284841296476195716e-02,6.419621109157958028e-02,6.465382250666762420e-02,6.465895854555347988e-02,6.442506311516049688e-02,6.406079843613199376e-02,6.362448841845402825e-02,6.314931747173080367e-02,6.265536110981306805e-02,6.215553269999951613e-02,6.165862823596046649e-02,6.117094207180684418e-02,6.069715756908100612e-02,6.024085935141165749e-02,5.980484258225904348e-02,5.939131016258392126e-02,5.900200596577709344e-02,5.863831009512232573e-02,5.830131048397468874e-02,5.799185891168867624e-02,5.771061611457595220e-02,5.745808880160407917e-02,5.723466033842139478e-02,5.704061626777678917e-02,5.687616550311591634e-02,5.674145809085184844e-02,5.663660061680675373e-02,5.656165791073597404e-02,5.651667590154474397e-02,5.650167930829508300e-02,5.651667590154463294e-02,5.656165791073541893e-02,5.663660061680630964e-02,5.674145809085107128e-02,5.687616550311702657e-02,5.704061626777723326e-02,5.723466033842106171e-02,5.745808880160396814e-02,5.771061611457528606e-02,5.799185891168923135e-02,5.830131048397402260e-02,5.863831009512177062e-02,5.900200596577787060e-02,5.939131016258258899e-02,5.980484258225804428e-02,6.024085935141199055e-02,6.069715756908111715e-02,6.117094207180795440e-02,6.165862823596046649e-02,6.215553270000051533e-02,6.265536110981184681e-02,6.314931747173058163e-02,6.362448841845524949e-02,6.406079843613010638e-02,6.442506311516116302e-02,6.465895854555470113e-02,6.465382250666873443e-02,6.419621109158069050e-02,6.284841296476029182e-02,5.969563573651526234e-02,5.292315806218150787e-02,3.986131941259857259e-02,2.071661534612373456e-02,5.430255199023223400e-03,2.683235081425261459e-03,7.298033346598342685e-03,1.276969111232556520e-02
8.175266175266175939e-01,1.990459780047770799e-02,1.774602652902659838e-02,1.439409168582636567e-02,9.785388735692041040e-03,4.661260651253856802e-03,2.030363167024543808e-03,7.561670460177083442e-03,2.267929243738420197e-02,3.921163591876708487e-02,5.060451001576304897e-02,5.690053595298982803e-02,6.005627449990491584e-02,6.152256683806989201e-02,6.210212469571019245e-02,6.221056703225202877e-02,6.206379553771290691e-02,6.177714254831601082e-02,6.141454147007130437e-02,6.101289648398111609e-02,6.059441582407487648e-02,6.017303129462636679e-02,5.975784151185292714e-02,5.935501561845601959e-02,5.896887840708620043e-02,5.860254842789913710e-02,5.825832561783461649e-02,5.793793496115273722e-02,5.764268522034088349e-02,5.737357616373639502e-02,5.713137360252840136e-02,5.691666361987302025e-02,5.672989283793317128e-02,5.657139892701068540e-02,5.644143399873424727e-02,5.634018261037920805e-02,5.626777600298438209e-02,5.622430279626222660e-02,5.620980573027334337e-02,5.622430279626111638e-02,5.626777600298371595e-02,5.634018261037943009e-02,5.644143399873446931e-02,5.657139892701090744e-02,5.672989283793239412e-02,5.691666361987268719e-02,5.713137360252884545e-02,5.737357616373628399e-02,5.764268522033932918e-02,5.793793496115318131e-02,5.825832561783461649e-02,5.860254842790069141e-02,5.896887840708531225e-02,5.935501561845568652e-02,5.975784151185414839e-02,6.017303129462681088e-02,6.059441582407554261e-02,6.101289648398267040e-02,6.141454147007241460e-02,6.177714254831556673e-02,6.206379553771346202e-02,6.221056703225136264e-02,6.210212469570997040e-02,6.152256683806800464e-02,6.005627449990347255e-02,5.690053595298716349e-02,5.060451001575927421e-02,3.921163591876020149e-02,2.267929243738214806e-02,7.561670460177680186e-03,2.030363167022420506e-03,4.661260651253350262e-03,9.785388735691707973e-03,1.439409168582689302e-02,1.774602652902598776e-02,1.990459780047743044e-02
8.238738738738740075e-01,2.141854163155032520e-02,2.093620851209404554e-02,1.982583349579075671e-02,1.791767814325911923e-02,1.502955316725168577e-02,1.106297156627411571e-02,6.329514148514528427e-03,2.368614935492958928e-03,2.903461729712841777e-03,1.177700031176284745e-02,2.659886502222214011e-02,4.025738443227266927e-02,4.935927095652969943e-02,5.454865373552975072e-02,5.729599158258624758e-02,5.866444448632224251e-02,5.927087343581360912e-02,5.945373146651800056e-02,5.939865953393264064e-02,5.920961094242593870e-02,5.894648603520979968e-02,5.864489713860188136e-02,5.832669929661282726e-02,5.800572940592074733e-02,5.769101435242918186e-02,5.738861145571272360e-02,5.710269182980709513e-02,5.683619451398835842e-02,5.659123150960854165e-02,5.636934492727196933e-02,5.617167431523784060e-02,5.599906815616961797e-02,5.585215979465874003e-02,5.573142008325748797e-02,5.563719431187386100e-02,5.556972812696014952e-02,5.552918530327199953e-02,5.551565819912884781e-02,5.552918530327133340e-02,5.556972812696125974e-02,5.563719431187430509e-02,5.573142008325748797e-02,5.585215979465829594e-02,5.599906815616928490e-02,5.617167431523795162e-02,5.636934492727163626e-02,5.659123150960987392e-02,5.683619451398835842e-02,5.710269182980920455e-02,5.738861145571472200e-02,5.769101435242995901e-02,5.800572940592019222e-02,5.832669929661249419e-02,5.864489713860110420e-02,5.894648603520913355e-02,5.920961094242693790e-02,5.939865953393141940e-02,5.945373146651533602e-02,5.927087343581272094e-02,5.866444448632446296e-02,5.729599158258680269e-02,5.454865373552963970e-02,4.935927095653003249e-02,4.025738443227455665e-02,2.659886502222413851e-02,1.177700031176256990e-02,2.903461729712009110e-03,2.368614935491002160e-03,6.329514148516249272e-03,1.106297156627306100e-02,1.502955316725154700e-02,1.791767814325825880e-02,1.982583349578986853e-02,2.093620851209432310e-02,2.141854163154988111e-02
8.302211302211301991e-01,2.088219576572514224e-02,2.114066694425736914e-02,2.105124724182777518e-02,2.052411267816889318e-02,1.944761369456893263e-02,1.768683899173406626e-02,1.509679602729790959e-02,1.158452136542689748e-02,7.309172122379775649e-03,3.182935364460862115e-03,1.629839584904001215e-03,6.156504077884109027e-03,1.742187425855873384e-02,3.075098441668938642e-02,4.139103499488716587e-02,4.826407077156935621e-02,5.227958936471821527e-02,5.451099930556713158e-02,5.569772351646273822e-02,5.628091508416066535e-02,5.651395150611981943e-02,5.654259209885925674e-02,5.645217019020787319e-02,5.629384511942259195e-02,5.609908989037104554e-02,5.588777556842361438e-02,5.567276811908239420e-02,5.546259940217412865e-02,5.526305420569344040e-02,5.507813423312735157e-02,5.491065623285407149e-02,5.476263067945941199e-02,5.463550600646605027e-02,5.453032864783080580e-02,5.444784899903953868e-02,5.438858951203184855e-02,5.435290165031780862e-02,5.434098524785768713e-02,5.435290165031725351e-02,5.438858951203229264e-02,5.444784899903865050e-02,5.453032864783124989e-02,5.463550600646549515e-02,5.476263067945907892e-02,5.491065623285429353e-02,5.507813423313090428e-02,5.526305420569443960e-02,5.546259940217324047e-02,5.567276811908228318e-02,5.588777556842428051e-02,5.609908989037071247e-02,5.629384511942336911e-02,5.645217019020776217e-02,5.654259209885925674e-02,5.651395150612059659e-02,5.628091508416044331e-02,5.569772351646118391e-02,5.451099930556568829e-02,5.227958936472110185e-02,4.826407077156424918e-02,4.139103499488783200e-02,3.075098441669371629e-02,1.742187425855873384e-02,6.156504077885496806e-03,1.629839584901628113e-03,3.182935364460487415e-03,7.309172122378443381e-03,1.158452136542700850e-02,1.509679602729793735e-02,1.768683899173373320e-02,1.944761369456848854e-02,2.052411267816894869e-02,2.105124724182877438e-02,2.114066694425831283e-02,2.088219576572458713e-02
8.365683865683866127e-01,1.954293817760482943e-02,2.014582717322943584e-02,2.054089334186925964e-02,2.067733790341269584e-02,2.049372252414699558e-02,1.991463907323631766e-02,1.884739875171570489e-02,1.718150744222690651e-02,1.479947508481099794e-02,1.162270777922164156e-02,7.750604813624092926e-03,3.797751433336320204e-03,1.442482209895856043e-03,3.454049628431855867e-03,1.147251920134034764e-02,2.308481617572805122e-02,3.392282838107096854e-02,4.179343833599014069e-02,4.681964542210781399e-02,4.984490167905053504e-02,5.161262706604474726e-02,5.261873827624163891e-02,5.316641397924004586e-02,5.343696672956887994e-02,5.353933645133168717e-02,5.354003476899438230e-02,5.348051256657071484e-02,5.338717513396340486e-02,5.327721245374550385e-02,5.316204796728585258e-02,5.304941660323359010e-02,5.294464070677595835e-02,5.285142759920213873e-02,5.277237456037631169e-02,5.270929844707583634e-02,5.266345402252925467e-02,5.263564491079353314e-02,5.262632619685603252e-02,5.263564491079364416e-02,5.266345402252925467e-02,5.270929844707494816e-02,5.277237456037786600e-02,5.285142759920202771e-02,5.294464070677640244e-02,5.304941660323325703e-02,5.316204796728529747e-02,5.327721245374672510e-02,5.338717513396151748e-02,5.348051256657027075e-02,5.354003476899282798e-02,5.353933645133057695e-02,5.343696672956865790e-02,5.316641397924182222e-02,5.261873827624274913e-02,5.161262706604419215e-02,4.984490167904964686e-02,4.681964542211025648e-02,4.179343833599125091e-02,3.392282838106841503e-02,2.308481617572744060e-02,1.147251920134176317e-02,3.454049628432459551e-03,1.442482209895939310e-03,3.797751433335674887e-03,7.750604813624994982e-03,1.162270777922150278e-02,1.479947508481255225e-02,1.718150744222790571e-02,1.884739875171620449e-02,1.991463907323692828e-02,2.049372252414743967e-02,2.067733790341302891e-02,2.054089334186987026e-02,2.014582717323037953e-02,1.954293817760549556e-02
8.429156429156430264e-01,1.788162121834097062e-02,1.863698833004623356e-02,1.926299651160712223e-02,1.972783157244406560e-02,1.999452610646074158e-02,2.001932024352992556e-02,1.974945278754758338e-02,1.912050906156648189e-02,1.805405018299344189e-02,1.645793126052486066e-02,1.423616775639394150e-02,1.132615510256521074e-02,7.804089979891598583e-03,4.128379065310924800e-03,1.535132139627866377e-03,2.160513991904491893e-03,7.744731141695188059e-03,1.726834518335657043e-02,2.736640914190452412e-02,3.550725233761331534e-02,4.115446833828562134e-02,4.479843056789822864e-02,4.707822897432678566e-02,4.848571041677440796e-02,4.934600193601113016e-02,4.986337564612575157e-02,5.016480805692524747e-02,5.032977475838640302e-02,5.040875139459077836e-02,5.043436169072179620e-02,5.042807101752388999e-02,5.040423708834185224e-02,5.037259116672876402e-02,5.033980863106479742e-02,5.031043591081973965e-02,5.028753591679790969e-02,5.027306973609702023e-02,5.026813060828128066e-02,5.027306973609591001e-02,5.028753591679713253e-02,5.031043591082318134e-02,5.033980863106579662e-02,5.037259116673076242e-02,5.040423708834240735e-02,5.042807101752444510e-02,5.043436169071990882e-02,5.040875139459222165e-02,5.032977475838562587e-02,5.016480805692558054e-02,4.986337564612397522e-02,4.934600193601224039e-02,4.848571041677485205e-02,4.707822897432611953e-02,4.479843056789878375e-02,4.115446833828639850e-02,3.550725233761509170e-02,2.736640914190330287e-02,1.726834518336278768e-02,7.744731141695271326e-03,2.160513991902084097e-03,1.535132139629111908e-03,4.128379065309842333e-03,7.804089979892153695e-03,1.132615510256582136e-02,1.423616775639272025e-02,1.645793126052408351e-02,1.805405018299222064e-02,1.912050906156681496e-02,1.974945278754869360e-02,2.001932024352975903e-02,1.999452610646129669e-02,1.972783157244401009e-02,1.926299651160723325e-02,1.863698833004612254e-02,1.788162121834052654e-02
8.492628992628993290e-01,1.613547099049578160e-02,1.694123095702942949e-02,1.766519363682550470e-02,1.828586794768044532e-02,1.877905132869911453e-02,1.911711443228558682e-02,1.926795259629032753e-02,1.919353540283214032e-02,1.884804501349418571e-02,1.817579034822913719e-02,1.710963766888984328e-02,1.557214787801958211e-02,1.348520250049034530e-02,1.080212791363352465e-02,7.592190772100659846e-03,4.224111817481751574e-03,1.652005611246828987e-03,1.525988649584340134e-03,5.382575552956195275e-03,1.292820867487384784e-02,2.179105190450403295e-02,2.961613847952848655e-02,3.547868211105453806e-02,3.951540578447187979e-02,4.219358358125346875e-02,4.394825236978905370e-02,4.509610237986461101e-02,4.584850363774350956e-02,4.634245640718970272e-02,4.666637984796939698e-02,4.687773209275647446e-02,4.701431262687438828e-02,4.710124464944775990e-02,4.715538448260214732e-02,4.718805653342394990e-02,4.720676285163538655e-02,4.721624633541265936e-02,4.721912807223604958e-02,4.721624633541232630e-02,4.720676285163494246e-02,4.718805653342506012e-02,4.715538448260314652e-02,4.710124464944775990e-02,4.701431262687372215e-02,4.687773209275702957e-02,4.666637984796628835e-02,4.634245640719025783e-02,4.584850363774461979e-02,4.509610237986838577e-02,4.394825236978994187e-02,4.219358358125235853e-02,3.951540578447143570e-02,3.547868211105620340e-02,2.961613847952426770e-02,2.179105190450458807e-02,1.292820867487429193e-02,5.382575552956139764e-03,1.525988649586702828e-03,1.652005611245878358e-03,4.224111817482792408e-03,7.592190772099022267e-03,1.080212791363355240e-02,1.348520250048979019e-02,1.557214787801952660e-02,1.710963766888967674e-02,1.817579034822813799e-02,1.884804501349340855e-02,1.919353540283158521e-02,1.926795259629060508e-02,1.911711443228542029e-02,1.877905132869928106e-02,1.828586794768072288e-02,1.766519363682594879e-02,1.694123095702876336e-02,1.613547099049567057e-02
8.556101556101556316e-01,1.441999953077649499e-02,1.521924378452443882e-02,1.596688774161286739e-02,1.664768009037714824e-02,1.724479423889752061e-02,1.773953423449742273e-02,1.811087029890917632e-02,1.833475196656159101e-02,1.838314713928362876e-02,1.822277469042854481e-02,1.781356908395609340e-02,1.710711751648141821e-02,1.604583294558531437e-02,1.456490407797378372e-02,1.260201689490189625e-02,1.012608262682668236e-02,7.206928458689948469e-03,4.155902782057921407e-03,1.729474375181224571e-03,1.200251035116822046e-03,3.818628666374154768e-03,9.626475529755512683e-03,1.704663660119831725e-02,2.414159620230271752e-02,2.985572779927980758e-02,3.404515031150401327e-02,3.698163505993956601e-02,3.900512972807035350e-02,4.039587236506136936e-02,4.135545575530996665e-02,4.202137340820000233e-02,4.248561469946099400e-02,4.280949914380294263e-02,4.303392657799698373e-02,4.318611625683332900e-02,4.328392067850173053e-02,4.333852672141136342e-02,4.335607624214954381e-02,4.333852672141313978e-02,4.328392067850128644e-02,4.318611625683221877e-02,4.303392657799776089e-02,4.280949914380260957e-02,4.248561469946077196e-02,4.202137340819978029e-02,4.135545575531052176e-02,4.039587236506159140e-02,3.900512972806902123e-02,3.698163505994289668e-02,3.404515031150401327e-02,2.985572779928113984e-02,2.414159620230138525e-02,1.704663660119820623e-02,9.626475529756289840e-03,3.818628666372309022e-03,1.200251035117828186e-03,1.729474375181328655e-03,4.155902782056769551e-03,7.206928458690614603e-03,1.012608262682529459e-02,1.260201689490114685e-02,1.456490407797444986e-02,1.604583294558581397e-02,1.710711751648064105e-02,1.781356908395520522e-02,1.822277469042909992e-02,1.838314713928368427e-02,1.833475196656153550e-02,1.811087029890889877e-02,1.773953423449758926e-02,1.724479423889752061e-02,1.664768009037709273e-02,1.596688774161236779e-02,1.521924378452405024e-02,1.441999953077643948e-02
8.619574119574120452e-01,1.282655750226174840e-02,1.358959655297176106e-02,1.432058474300945683e-02,1.500832653791567273e-02,1.564061694593821272e-02,1.620413418228194846e-02,1.668424618973424201e-02,1.706470083082334277e-02,1.732716570033843162e-02,1.745058227207446633e-02,1.741030591111586423e-02,1.717703160835748477e-02,1.671558698303626800e-02,1.598388221636304340e-02,1.493280343723435433e-02,1.350896433588216761e-02,1.166463976244278000e-02,9.383806473659300762e-03,6.739895499541376234e-03,4.002386511700692373e-03,1.775568108612277096e-03,1.028445178704213980e-03,2.723273538061246613e-03,7.030136402612185975e-03,1.295803890955182780e-02,1.905270873788583730e-02,2.431482230901238495e-02,2.842089026697180998e-02,3.145821651184310674e-02,3.365001169738146558e-02,3.521692922803898451e-02,3.633399047530894155e-02,3.712823589561076165e-02,3.768812328035464621e-02,3.807374388921624941e-02,3.832484914125477982e-02,3.846641189874988598e-02,3.851214347563780560e-02,3.846641189874888678e-02,3.832484914125477982e-02,3.807374388921691555e-02,3.768812328035597847e-02,3.712823589561020654e-02,3.633399047530727621e-02,3.521692922803731918e-02,3.365001169738257580e-02,3.145821651184377288e-02,2.842089026697136589e-02,2.431482230901371722e-02,1.905270873788439401e-02,1.295803890955243842e-02,7.030136402610659418e-03,2.723273538062648269e-03,1.028445178703655399e-03,1.775568108609452966e-03,4.002386511700400940e-03,6.739895499542014612e-03,9.383806473660633030e-03,1.166463976244300205e-02,1.350896433588305579e-02,1.493280343723468739e-02,1.598388221636343198e-02,1.671558698303760027e-02,1.717703160835737375e-02,1.741030591111675241e-02,1.745058227207396673e-02,1.732716570033848713e-02,1.706470083082411993e-02,1.668424618973490814e-02,1.620413418228239255e-02,1.564061694593815721e-02,1.500832653791461802e-02,1.432058474300978990e-02,1.358959655297165003e-02,1.282655750226180391e-02
8.683046683046683478e-01,1.141097371434099395e-02,1.212505883552472685e-02,1.281983645240508674e-02,1.348687124321396036e-02,1.411702237132000937e-02,1.470041772253039003e-02,1.522638422940281178e-02,1.568331703402536803e-02,1.605846765175944491e-02,1.633762906868269082e-02,1.650469480859290128e-02,1.654107201339949373e-02,1.642494166006225331e-02,1.613039619822898008e-02,1.562657688676216683e-02,1.487714539086021359e-02,1.384089042843911210e-02,1.247524318897474949e-02,1.074635559166728371e-02,8.652514679603012793e-03,6.271012493308913971e-03,3.835602493868855989e-03,1.822987436780901249e-03,9.497093475945156404e-04,1.915469451502421760e-03,4.912527201614808048e-03,9.362413740317016009e-03,1.426827842200101282e-02,1.880372245114642071e-02,2.257011854299167952e-02,2.550670372205132708e-02,2.771455898459973533e-02,2.933669845910691354e-02,3.050389979853596056e-02,3.131836285250200191e-02,3.185312717605059962e-02,3.215610254404033252e-02,3.225420713189630639e-02,3.215610254403999946e-02,3.185312717605071064e-02,3.131836285250355623e-02,3.050389979853540545e-02,2.933669845910724661e-02,2.771455898460017941e-02,2.550670372204677516e-02,2.257011854299101339e-02,1.880372245114708685e-02,1.426827842200362184e-02,9.362413740316710697e-03,4.912527201616792571e-03,1.915469451500728670e-03,9.497093475938668539e-04,1.822987436782816384e-03,3.835602493868744967e-03,6.271012493308969482e-03,8.652514679603290348e-03,1.074635559166814414e-02,1.247524318897402784e-02,1.384089042843983375e-02,1.487714539085943644e-02,1.562657688676188927e-02,1.613039619822836945e-02,1.642494166006197576e-02,1.654107201340043742e-02,1.650469480859301230e-02,1.633762906868235776e-02,1.605846765175911184e-02,1.568331703402459087e-02,1.522638422940314484e-02,1.470041772253066759e-02,1.411702237132012039e-02,1.348687124321373831e-02,1.281983645240508674e-02,1.212505883552428276e-02,1.141097371434102170e-02
8.746519246519246504e-01,1.009817958167638641e-02,1.075416203741591525e-02,1.139924200163550116e-02,1.202698206844748929e-02,1.263042132365999048e-02,1.320208400758815515e-02,1.373396585092778732e-02,1.421748803726330390e-02,1.464340726384399938e-02,1.500166900675636850e-02,1.528119002581229680e-02,1.546955591321014234e-02,1.555262146566560588e-02,1.551400895786281264e-02,1.533451873421409761e-02,1.499151188930353262e-02,1.445842433308797137e-02,1.370477977009293413e-02,1.269748486254768105e-02,1.140496897537840448e-02,9.807038223086012030e-03,7.915020880148060378e-03,5.807436706099844415e-03,3.680977540879801224e-03,1.895055127886416391e-03,9.476185074905468797e-04,1.305722217001169250e-03,3.127306039078056599e-03,6.107229560487592579e-03,9.636123236318766550e-03,1.312173270112571011e-02,1.618915170066337339e-02,1.868833813129500143e-02,2.061137366796000903e-02,2.201207044374375865e-02,2.295663138226544664e-02,2.350012272013568548e-02,2.367735923497438222e-02,2.350012272013446424e-02,2.295663138226478051e-02,2.201207044374275945e-02,2.061137366796100823e-02,1.868833813129344712e-02,1.618915170066498321e-02,1.312173270112343415e-02,9.636123236317684082e-03,6.107229560485732955e-03,3.127306039080179900e-03,1.305722217000478830e-03,9.476185074894262483e-04,1.895055127885625357e-03,3.680977540879523668e-03,5.807436706100677082e-03,7.915020880148032623e-03,9.807038223086372852e-03,1.140496897537895959e-02,1.269748486254967945e-02,1.370477977009221249e-02,1.445842433308863750e-02,1.499151188930181178e-02,1.533451873421470824e-02,1.551400895786148038e-02,1.555262146566649406e-02,1.546955591321058643e-02,1.528119002581174168e-02,1.500166900675470316e-02,1.464340726384300018e-02,1.421748803726347044e-02,1.373396585092695465e-02,1.320208400758815515e-02,1.263042132366071213e-02,1.202698206844715623e-02,1.139924200163416890e-02,1.075416203741480503e-02,1.009817958167580354e-02
8.809991809991810641e-01,8.912625176805549776e-03,9.508271842029597520e-03,1.009848392112433491e-02,1.067829450850515949e-02,1.124233063653817810e-02,1.178483488771397969e-02,1.229967577462814932e-02,1.278034088416291070e-02,1.321990591292565576e-02,1.361097197271221582e-02,1.394556295168303262e-02,1.421497441088270808e-02,1.440956583088259801e-02,1.451848981877745803e-02,1.452935688173462303e-02,1.442784608541763935e-02,1.419729718832501986e-02,1.381837155598358846e-02,1.326897051554792872e-02,1.252478975372356418e-02,1.156122361840544732e-02,1.035786925264114977e-02,8.907578176094471667e-03,7.232473159272861940e-03,5.408133519761687547e-03,3.591502539566013286e-03,2.034835785200660163e-03,1.052963640954761998e-03,9.199643274575529384e-04,1.731177244285030115e-03,3.333758589536300887e-03,5.394552266757640657e-03,7.547915010385430890e-03,9.510134995542318670e-03,1.111204388336489712e-02,1.227564024952754185e-02,1.297567558589390879e-02,1.320877366128608843e-02,1.297567558589612924e-02,1.227564024952859656e-02,1.111204388336645144e-02,9.510134995543650938e-03,7.547915010384875778e-03,5.394552266758001480e-03,3.333758589537008654e-03,1.731177244285800332e-03,9.199643274567584350e-04,1.052963640955400376e-03,2.034835785200292402e-03,3.591502539565416541e-03,5.408133519760216501e-03,7.232473159272306829e-03,8.907578176094610445e-03,1.035786925264137182e-02,1.156122361840578039e-02,1.252478975372361969e-02,1.326897051554731810e-02,1.381837155598303335e-02,1.419729718832607457e-02,1.442784608541686220e-02,1.452935688173462303e-02,1.451848981877768008e-02,1.440956583088315313e-02,1.421497441088126479e-02,1.394556295168358773e-02,1.361097197271216031e-02,1.321990591292565576e-02,1.278034088416235559e-02,1.229967577462909301e-02,1.178483488771392418e-02,1.124233063653695686e-02,1.067829450850499295e-02,1.009848392112522308e-02,9.508271842029319965e-03,8.912625176805827332e-03
8.873464373464374777e-01,7.916387137729269385e-03,8.457359726232266395e-03,8.996380984929358560e-03,9.529552054443723996e-03,1.005264627579438574e-02,1.056113438250949610e-02,1.105020412370472105e-02,1.151477062886291369e-02,1.194947326668688303e-02,1.234865432065046509e-02,1.270631451188747318e-02,1.301604028643443822e-02,1.327089796207375771e-02,1.346329056307871141e-02,1.358477500911486890e-02,1.362584134325356411e-02,1.357566389527198325e-02,1.342185030030568216e-02,1.315024438658612960e-02,1.274489333754769138e-02,1.218838326738491684e-02,1.146290020082424421e-02,1.055259438803118899e-02,9.448077278412070346e-03,8.154018749541552813e-03,6.700342673608972177e-03,5.155632398551351914e-03,3.637174609396415237e-03,2.306596140206472467e-03,1.339059192454798708e-03,8.665541091403168583e-04,9.206767761654570392e-04,1.413009147925317621e-03,2.168222098592048619e-03,2.985486779180090977e-03,3.690496395023376563e-03,4.159934910763912752e-03,4.323843276759969934e-03,4.159934910763107840e-03,3.690496395020989584e-03,2.985486779179757910e-03,2.168222098592513525e-03,1.413009147924575160e-03,9.206767761662584815e-04,8.665541091396472551e-04,1.339059192453390112e-03,2.306596140207207990e-03,3.637174609394583369e-03,5.155632398550269446e-03,6.700342673609777089e-03,8.154018749541996902e-03,9.448077278413014035e-03,1.055259438803102245e-02,1.146290020082263439e-02,1.218838326738463929e-02,1.274489333754719178e-02,1.315024438658612960e-02,1.342185030030595971e-02,1.357566389527198325e-02,1.362584134325284246e-02,1.358477500911486890e-02,1.346329056307909999e-02,1.327089796207281402e-02,1.301604028643488231e-02,1.270631451188619643e-02,1.234865432065107571e-02,1.194947326668732712e-02,1.151477062886280267e-02,1.105020412370411043e-02,1.056113438250894099e-02,1.005264627579466330e-02,9.529552054443835019e-03,8.996380984929885916e-03,8.457359726232821506e-03,7.916387137728575496e-03
8.936936936936937803e-01,7.004730136915909844e-03,7.491973722474343234e-03,7.979450368731350052e-03,8.464084273668404101e-03,8.942529809690791254e-03,9.411196180157510582e-03,9.866269407244665501e-03,1.030372937155671353e-02,1.071935922955852272e-02,1.110874426190600062e-02,1.146725705828927078e-02,1.179002593970757129e-02,1.207188370324485671e-02,1.230729425159959867e-02,1.249025565027095386e-02,1.261418003844572144e-02,1.267175431910272376e-02,1.265479189488871725e-02,1.255409690687769864e-02,1.235938149919618700e-02,1.205930894152934529e-02,1.164178300664170385e-02,1.109467778303535601e-02,1.040728857314343614e-02,9.572861884848571368e-03,8.592542330973007569e-03,7.480782050080625467e-03,6.271435880983194933e-03,5.022258534125884077e-03,3.813791225377505256e-03,2.738360169084838591e-03,1.878488830236543783e-03,1.281515750414512211e-03,9.432321678183967772e-04,8.105781466478008401e-04,8.022716514582764469e-04,8.365879938870349197e-04,8.550319959364505173e-04,8.365879938891929157e-04,8.022716514584707359e-04,8.105781466459550944e-04,9.432321678194341419e-04,1.281515750415115895e-03,1.878488830236883789e-03,2.738360169084921858e-03,3.813791225378074246e-03,5.022258534126244900e-03,6.271435880982945132e-03,7.480782050080708734e-03,8.592542330973007569e-03,9.572861884849181990e-03,1.040728857314376921e-02,1.109467778303507846e-02,1.164178300664031607e-02,1.205930894152951183e-02,1.235938149919624252e-02,1.255409690687847579e-02,1.265479189488816214e-02,1.267175431910261274e-02,1.261418003844561042e-02,1.249025565027100937e-02,1.230729425159932111e-02,1.207188370324535631e-02,1.179002593970768231e-02,1.146725705829060304e-02,1.110874426190588959e-02,1.071935922955874476e-02,1.030372937155732416e-02,9.866269407243943856e-03,9.411196180157788138e-03,8.942529809690291653e-03,8.464084273668265324e-03,7.979450368731710874e-03,7.491973722474287722e-03,7.004730136916159644e-03
9.000409500409500829e-01,6.173252381373339759e-03,6.608923563264784695e-03,7.046121842829045079e-03,7.482412579375180561e-03,7.915136076237172524e-03,8.341430100208713228e-03,8.758251153278329149e-03,9.162393104794552823e-03,9.550501487567364389e-03,9.919081564990717137e-03,1.026449818910446510e-02,1.058296550073517528e-02,1.087052469547178379e-02,1.112300844283758972e-02,1.133599119669859157e-02,1.150472574822070104e-02,1.162406824987710641e-02,1.168839707265612038e-02,1.169153603004446929e-02,1.162670085233852291e-02,1.148650075660978542e-02,1.126304649126536050e-02,1.094824312608200234e-02,1.053437907642035265e-02,1.001515383499695933e-02,9.387293214428382715e-03,8.652836479400738412e-03,7.821972985459335614e-03,6.915888604496295278e-03,5.968484351792535669e-03,5.025338895402242656e-03,4.138521897208036204e-03,3.357430851336024036e-03,2.718429909520841958e-03,2.237963201754997189e-03,1.912929595653492520e-03,1.728424171319416225e-03,1.669042233331863301e-03,1.728424171318361513e-03,1.912929595652722303e-03,2.237963201754844533e-03,2.718429909520411747e-03,3.357430851336398736e-03,4.138521897209229694e-03,5.025338895400827122e-03,5.968484351790953601e-03,6.915888604495934455e-03,7.821972985459391126e-03,8.652836479399517167e-03,9.387293214428382715e-03,1.001515383499601564e-02,1.053437907642118532e-02,1.094824312608194683e-02,1.126304649126430579e-02,1.148650075660856418e-02,1.162670085233780126e-02,1.169153603004474684e-02,1.168839707265528771e-02,1.162406824987732845e-02,1.150472574822114513e-02,1.133599119669881361e-02,1.112300844283653500e-02,1.087052469547089562e-02,1.058296550073445363e-02,1.026449818910468714e-02,9.919081564991105715e-03,9.550501487567863990e-03,9.162393104794219756e-03,8.758251153278218126e-03,8.341430100208990783e-03,7.915136076236617413e-03,7.482412579374736472e-03,7.046121842828295678e-03,6.608923563265090007e-03,6.173252381373256492e-03
9.063882063882064966e-01,5.505102001336109607e-03,5.898360457937318335e-03,6.293871810071544060e-03,6.689674011923607555e-03,7.083612486863288815e-03,7.473360395025774316e-03,7.856438271744592416e-03,8.230232207749654805e-03,8.592009484477747261e-03,8.938930417025814368e-03,9.268055090723315015e-03,9.576343709528478687e-03,9.860649418575506697e-03,1.011770274646239809e-02,1.034408728640545672e-02,1.053620698780044496e-02,1.069024659087719487e-02,1.080212880118242014e-02,1.086747389058001501e-02,1.088157322551902562e-02,1.083939315349219390e-02,1.073563592746978879e-02,1.056489640888358394e-02,1.032196807946755834e-02,1.000236575355811786e-02,9.603137085883228785e-03,9.124014435873573081e-03,8.568888105045968651e-03,7.947435223994492315e-03,7.276512821946523601e-03,6.580684995121405256e-03,5.891176926973107353e-03,5.242870293392321024e-03,4.669769098093717874e-03,4.200346343922523040e-03,3.854598021828359311e-03,3.643909586672711143e-03,3.573258459606293291e-03,3.643909586674015655e-03,3.854598021828942178e-03,4.200346343922162218e-03,4.669769098093939919e-03,5.242870293391516112e-03,5.891176926974855954e-03,6.580684995120100744e-03,7.276512821946523601e-03,7.947435223994325781e-03,8.568888105046745807e-03,9.124014435873295525e-03,9.603137085883506341e-03,1.000236575355789581e-02,1.032196807946705874e-02,1.056489640888280679e-02,1.073563592747001083e-02,1.083939315349197186e-02,1.088157322551941419e-02,1.086747389058018154e-02,1.080212880118253116e-02,1.069024659087652873e-02,1.053620698780077802e-02,1.034408728640578978e-02,1.011770274646278667e-02,9.860649418575229141e-03,9.576343709527812553e-03,9.268055090722759903e-03,8.938930417025647834e-03,8.592009484477636239e-03,8.230232207749599294e-03,7.856438271744259350e-03,7.473360395025718805e-03,7.083612486863177793e-03,6.689674011923274488e-03,6.293871810071599571e-03,5.898360457937873447e-03,5.505102001336165118e-03
9.127354627354627992e-01,4.898924720634412200e-03,5.252552836403412417e-03,5.608772873135992043e-03,5.965999135938454545e-03,6.322479703588151922e-03,6.676314484293122131e-03,7.025472847715596991e-03,7.367810386095019481e-03,7.701084126269464036e-03,8.022965370966805843e-03,8.331049285614622324e-03,8.622860367040185992e-03,8.895853040046364235e-03,9.147406842765937185e-03,9.374815993287821669e-03,9.575273762142844092e-03,9.745852884148586970e-03,9.883483640326595765e-03,9.984935132568539817e-03,1.004680521090384193e-02,1.006553003398386048e-02,1.003742867021323315e-02,9.958804791501463249e-03,9.826135106211442150e-03,9.636381200223642640e-03,9.387464148220336924e-03,9.078932602625655601e-03,8.712824441505340189e-03,8.294657753222078878e-03,7.834384736477906230e-03,7.347021502337847121e-03,6.852587940774923503e-03,6.375050122242903461e-03,5.940225585647551654e-03,5.573035408053178541e-03,5.294832377037955728e-03,5.121514335303861687e-03,5.062680667113766964e-03,5.121514335304500065e-03,5.294832377037456128e-03,5.573035408052540163e-03,5.940225585647579409e-03,6.375050122242514883e-03,6.852587940773813280e-03,7.347021502338513255e-03,7.834384736477517652e-03,8.294657753221801322e-03,8.712824441505562234e-03,9.078932602624989467e-03,9.387464148220336924e-03,9.636381200222920995e-03,9.826135106211275616e-03,9.958804791500963649e-03,1.003742867021345520e-02,1.006553003398424906e-02,1.004680521090228762e-02,9.984935132568373284e-03,9.883483640327650477e-03,9.745852884147920836e-03,9.575273762143010625e-03,9.374815993287433091e-03,9.147406842765215540e-03,8.895853040046697302e-03,8.622860367040297014e-03,8.331049285614677835e-03,8.022965370966361753e-03,7.701084126269408525e-03,7.367810386094908459e-03,7.025472847716041080e-03,6.676314484293011109e-03,6.322479703587902122e-03,5.965999135938870879e-03,5.608772873136186332e-03,5.252552836403689973e-03,4.898924720634162400e-03
9.190827190827191018e-01,4.348635911489762140e-03,4.665459427555446181e-03,4.984956491830005998e-03,5.305843945435123610e-03,5.626694033908169468e-03,5.945950485094775306e-03,6.261944150330545078e-03,6.572908029433832677e-03,6.876991283297051449e-03,7.172271702572896590e-03,7.456766036886164351e-03,7.728437593839176944e-03,7.985200591431762529e-03,8.224920767656573872e-03,8.445413123757072871e-03,8.644434582075477547e-03,8.819675765810441881e-03,8.968751253363271836e-03,9.089191943436825127e-03,9.178444053500489641e-03,9.233881587581149741e-03,9.252842213440026775e-03,9.232700358130563334e-03,9.170995701853645876e-03,9.065639216053522631e-03,8.915220442882787477e-03,8.719435211667347918e-03,8.479636989380812118e-03,8.199481382604789648e-03,7.885578688774430578e-03,7.548000604204518904e-03,7.200429323351464905e-03,6.859734663953620526e-03,6.544861778804311747e-03,6.275110137292649881e-03,6.068106582313437247e-03,5.937890455317590410e-03,5.893455228716648620e-03,5.937890455317534899e-03,6.068106582313714803e-03,6.275110137292150281e-03,6.544861778805310948e-03,6.859734663954120126e-03,7.200429323352242061e-03,7.548000604204185837e-03,7.885578688773986489e-03,8.199481382605511293e-03,8.479636989380923140e-03,8.719435211666237695e-03,8.915220442882565433e-03,9.065639216052745475e-03,9.170995701853590365e-03,9.232700358130507823e-03,9.252842213439693708e-03,9.233881587580483608e-03,9.178444053500545152e-03,9.089191943436825127e-03,8.968751253362883258e-03,8.819675765810885970e-03,8.644434582075755102e-03,8.445413123756739804e-03,8.224920767656851428e-03,7.985200591431595996e-03,7.728437593838788366e-03,7.456766036887052529e-03,7.172271702572452501e-03,6.876991283297162472e-03,6.572908029433721655e-03,6.261944150330434056e-03,5.945950485094941840e-03,5.626694033907392312e-03,5.305843945434873810e-03,4.984956491829423131e-03,4.665459427555362915e-03,4.348635911490150718e-03
9.254299754299755154e-01,3.839660123230059785e-03,4.121800578127138293e-03,4.406527129442255886e-03,4.692804445003306846e-03,4.979470878674230327e-03,5.265252820853077997e-03,5.548778492010159047e-03,5.828591193417054228e-03,6.103161819498048590e-03,6.370900304257076652e-03,6.630165605595872425e-03,6.879273807208818869e-03,7.116503865624346226e-03,7.340101920693897775e-03,7.548280761282943896e-03,7.739219505667471743e-03,7.911060414728832146e-03,8.061905557400883549e-03,8.189815183107185259e-03,8.292810998585919968e-03,8.368889095233755793e-03,8.416049284568793976e-03,8.432350073657057798e-03,8.416001258065575197e-03,8.365508563370815942e-03,8.279885723655955321e-03,8.158946707032821433e-03,8.003681290933872816e-03,7.816697119580107156e-03,7.602678305599575026e-03,7.368767109745433252e-03,7.124733476039035729e-03,6.882781110319813322e-03,6.656876713228898623e-03,6.461593778344931760e-03,6.310608707950582374e-03,6.215111111799731525e-03,6.182428850673937770e-03,6.215111111800897259e-03,6.310608707949583174e-03,6.461593778343877048e-03,6.656876713229453735e-03,6.882781110319480256e-03,7.124733476039701863e-03,7.368767109745266719e-03,7.602678305598742359e-03,7.816697119579996134e-03,8.003681290934594461e-03,8.158946707032932455e-03,8.279885723655899810e-03,8.365508563370427364e-03,8.416001258065686219e-03,8.432350073656336154e-03,8.416049284568294375e-03,8.368889095233589259e-03,8.292810998585198323e-03,8.189815183106852192e-03,8.061905557400939060e-03,7.911060414729220724e-03,7.739219505666639076e-03,7.548280761282555318e-03,7.340101920694341864e-03,7.116503865624124181e-03,6.879273807208319269e-03,6.630165605595872425e-03,6.370900304257076652e-03,6.103161819497826546e-03,5.828591193417498317e-03,5.548778492009853736e-03,5.265252820853133509e-03,4.979470878673619705e-03,4.692804445003279090e-03,4.406527129442033841e-03,4.121800578126444403e-03,3.839660123229643451e-03
9.317772317772319290e-01,3.385921335679248356e-03,3.636726065788270512e-03,3.889931035664873082e-03,4.144701070673911802e-03,4.400089840542603659e-03,4.655052799747455561e-03,4.908459399963344127e-03,5.159104732686020656e-03,5.405720551677595243e-03,5.646985491201961249e-03,5.881534043844727222e-03,6.107965066029397150e-03,6.324847382030318599e-03,6.530724195703663248e-03,6.724116272108504599e-03,6.903522937774853041e-03,7.067422136721179804e-03,7.214270321788451845e-03,7.342503696307012273e-03,7.450543137650644798e-03,7.536806218519986889e-03,7.599731137736487341e-03,7.637819069700180208e-03,7.649703307260224960e-03,7.634255233047559930e-03,7.590737824139381917e-03,7.519015688403185571e-03,7.419824466888602643e-03,7.295089305823065917e-03,7.148260108955251102e-03,6.984601334108830883e-03,6.811342947064924491e-03,6.637581375017465035e-03,6.473834537245037879e-03,6.331217295167557157e-03,6.220306186562218898e-03,6.149870687190139851e-03,6.125715122164254733e-03,6.149870687189695762e-03,6.220306186562107875e-03,6.331217295166724490e-03,6.473834537244649301e-03,6.637581375017520546e-03,6.811342947064091824e-03,6.984601334108608839e-03,7.148260108955251102e-03,7.295089305823343473e-03,7.419824466888824688e-03,7.519015688403574149e-03,7.590737824139937029e-03,7.634255233047171352e-03,7.649703307259725360e-03,7.637819069700457764e-03,7.599731137737208986e-03,7.536806218519598310e-03,7.450543137650755821e-03,7.342503696307123295e-03,7.214270321788340823e-03,7.067422136721568382e-03,6.903522937774686508e-03,6.724116272109004200e-03,6.530724195703163648e-03,6.324847382029652465e-03,6.107965066028231416e-03,5.881534043844838244e-03,5.646985491201739205e-03,5.405720551677373198e-03,5.159104732685659833e-03,4.908459399962900038e-03,4.655052799747066983e-03,4.400089840542409370e-03,4.144701070673800780e-03,3.889931035664567771e-03,3.636726065787715401e-03,3.385921335679858979e-03
9.381244881244882317e-01,3.001710093002374347e-03,3.225777480326985636e-03,3.452018558724928576e-03,3.679756384435878269e-03,3.908214873912158049e-03,4.136530694613116399e-03,4.363764232210382010e-03,4.588909904550880769e-03,4.810905873368964691e-03,5.028642751327028204e-03,5.240973349366684353e-03,5.446717593465821849e-03,5.644670022447506597e-03,5.833604270783276924e-03,6.012276463724985920e-03,6.179427474319654223e-03,6.333784384460361405e-03,6.474061844943812538e-03,6.598964478247815180e-03,6.707192073572176838e-03,6.797450126260595749e-03,6.868469302074020622e-03,6.919038652968001468e-03,6.948058782619837004e-03,6.954622396761811487e-03,6.938130228291705670e-03,6.898449228471215111e-03,6.836115681417453960e-03,6.752576679072530563e-03,6.650447617152666080e-03,6.533741201439569046e-03,6.407998969447825655e-03,6.280239386891983688e-03,6.158641861517377691e-03,6.051926700138099413e-03,5.968467698164781066e-03,5.915266223782023047e-03,5.896986404531401327e-03,5.915266223781689980e-03,5.968467698164170443e-03,6.051926700137988391e-03,6.158641861517100136e-03,6.280239386892094711e-03,6.407998969447603610e-03,6.533741201439347002e-03,6.650447617152166480e-03,6.752576679072752608e-03,6.836115681417620493e-03,6.898449228471492667e-03,6.938130228291927715e-03,6.954622396761755976e-03,6.948058782619004337e-03,6.919038652967945957e-03,6.868469302072965910e-03,6.797450126260318193e-03,6.707192073571843771e-03,6.598964478247815180e-03,6.474061844942813337e-03,6.333784384461083050e-03,6.179427474319987290e-03,6.012276463725318987e-03,5.833604270784165102e-03,5.644670022448783353e-03,5.446717593466154916e-03,5.240973349366018219e-03,5.028642751327472293e-03,4.810905873368576113e-03,4.588909904550436680e-03,4.363764232209965677e-03,4.136530694613005377e-03,3.908214873912213561e-03,3.679756384436516647e-03,3.452018558724595509e-03,3.225777480327540747e-03,3.001710093002957214e-03
9.444717444717445343e-01,2.637456917899572151e-03,2.835860636013182168e-03,3.036173312979173478e-03,3.237852540455193884e-03,3.440267535220725703e-03,3.642710118882563908e-03,3.844404582939220383e-03,4.044516768820394237e-03,4.242162288492667965e-03,4.436416003818777209e-03,4.626316615899572771e-03,4.810874891950478460e-03,4.989078741438723874e-03,5.159897696212445428e-03,5.322286390898434139e-03,5.475187136554149347e-03,5.617531865809433089e-03,5.748243974814659651e-03,5.866240927799526439e-03,5.970438951805878691e-03,6.059761762030435595e-03,6.133156045705800974e-03,6.189617392645840876e-03,6.228231431672726082e-03,6.248235930799872495e-03,6.249110151504311261e-03,6.230697099143034379e-03,6.193361364508265243e-03,6.138178548394046530e-03,6.067140425981276675e-03,5.983342778113076577e-03,5.891102736485187563e-03,5.795936633578524511e-03,5.704329330888380234e-03,5.623253937863559315e-03,5.559460744136768273e-03,5.518633235683967353e-03,5.504577300312396559e-03,5.518633235683523264e-03,5.559460744136046628e-03,5.623253937863725849e-03,5.704329330888380234e-03,5.795936633578413488e-03,5.891102736484854496e-03,5.983342778113687199e-03,6.067140425981443208e-03,6.138178548394046530e-03,6.193361364507876665e-03,6.230697099143200912e-03,6.249110151502923483e-03,6.248235930799705962e-03,6.228231431673614260e-03,6.189617392645008209e-03,6.133156045705356885e-03,6.059761762029713950e-03,5.970438951805212557e-03,5.866240927799415417e-03,5.748243974814271073e-03,5.617531865809599623e-03,5.475187136553538725e-03,5.322286390898378627e-03,5.159897696213000540e-03,4.989078741438057740e-03,4.810874891949812326e-03,4.626316615899572771e-03,4.436416003818943743e-03,4.242162288492584699e-03,4.044516768820199948e-03,3.844404582938582005e-03,3.642710118882536152e-03,3.440267535220864481e-03,3.237852540454944084e-03,3.036173312979090211e-03,2.835860636013126657e-03,2.637456917899100306e-03
9.508190008190009479e-01,2.302696511139873392e-03,2.477283783764161473e-03,2.653505305087511257e-03,2.830931357529792303e-03,3.009053316731929995e-03,3.187293863086082535e-03,3.365015593494669055e-03,3.541530200650372384e-03,3.716104799640879142e-03,3.887968675118980144e-03,4.056320168178195740e-03,4.220332014626571038e-03,4.379156157452157583e-03,4.531927758967713160e-03,4.677768395299708448e-03,4.815788507762319703e-03,4.945089317091533321e-03,5.064764594561954603e-03,5.173902946509711942e-03,5.271591627943050806e-03,5.356923381991840483e-03,5.429008426575399060e-03,5.486994483393292654e-03,5.530098629220547846e-03,5.557655618444290457e-03,5.569187890331450674e-03,5.564502190924025538e-03,5.543815723912604021e-03,5.507909782219433392e-03,5.458299628563811901e-03,5.397395422629569506e-03,5.328611765247071030e-03,5.256368229704710959e-03,5.185919716381603983e-03,5.122974997635421079e-03,5.073110518005297109e-03,5.041056342987126904e-03,5.029996777318079815e-03,5.041056342987515482e-03,5.073110518005075065e-03,5.122974997635476591e-03,5.185919716381159894e-03,5.256368229704988515e-03,5.328611765247626142e-03,5.397395422628792350e-03,5.458299628562923722e-03,5.507909782218822770e-03,5.543815723912826066e-03,5.564502190923525937e-03,5.569187890331339652e-03,5.557655618444345968e-03,5.530098629220381312e-03,5.486994483393903277e-03,5.429008426575676616e-03,5.356923381991174349e-03,5.271591627944494096e-03,5.173902946510100520e-03,5.064764594562287670e-03,4.945089317091311276e-03,4.815788507762541748e-03,4.677768395300818671e-03,4.531927758968323783e-03,4.379156157452324116e-03,4.220332014625849393e-03,4.056320168178251251e-03,3.887968675119451989e-03,3.716104799641156697e-03,3.541530200649900539e-03,3.365015593494780077e-03,3.187293863085749468e-03,3.009053316731818972e-03,2.830931357530430681e-03,2.653505305087455746e-03,2.477283783764244740e-03,2.302696511139568081e-03
9.571662571662572505e-01,2.028732216512091346e-03,2.183799145542647535e-03,2.340252787110946864e-03,2.497752334405078933e-03,2.655885330309221137e-03,2.814176860299055782e-03,2.972100000929178698e-03,3.129079889017061245e-03,3.284502238329267687e-03,3.437719040559089612e-03,3.588053925020817658e-03,3.734806983199279173e-03,3.877258951512640994e-03,4.014674704073406541e-03,4.146306042988323615e-03,4.271393836742465311e-03,4.389169656201619141e-03,4.498857203433792584e-03,4.599674035345113765e-03,4.690834371795515878e-03,4.771554169084035735e-03,4.841060157433962896e-03,4.898605198061678490e-03,4.943493094048401204e-03,4.975116804948109817e-03,4.993014654710803413e-03,4.996949159206731661e-03,4.987011799431673165e-03,4.963753353359356968e-03,4.928332017157477374e-03,4.882659644780240615e-03,4.829510775835044178e-03,4.772543753885249984e-03,4.716176604808441919e-03,4.665273741850550770e-03,4.624641040987087504e-03,4.598391913153587751e-03,4.589313090590352306e-03,4.598391913153698773e-03,4.624641040985977281e-03,4.665273741849940148e-03,4.716176604808053341e-03,4.772543753884805895e-03,4.829510775835155201e-03,4.882659644781239816e-03,4.928332017156922262e-03,4.963753353359801057e-03,4.987011799431895209e-03,4.996949159207286772e-03,4.993014654710192790e-03,4.975116804948054305e-03,4.943493094047402003e-03,4.898605198061123378e-03,4.841060157433796363e-03,4.771554169083924712e-03,4.690834371795571389e-03,4.599674035344891720e-03,4.498857203433404006e-03,4.389169656202063230e-03,4.271393836742243266e-03,4.146306042989322815e-03,4.014674704073351030e-03,3.877258951512696505e-03,3.734806983199723263e-03,3.588053925021317259e-03,3.437719040560088812e-03,3.284502238328823598e-03,3.129079889015978777e-03,2.972100000929095431e-03,2.814176860299361094e-03,2.655885330309748493e-03,2.497752334404829133e-03,2.340252787110475019e-03,2.183799145542397735e-03,2.028732216511980324e-03
9.635135135135135531e-01,1.777535717057771025e-03,1.914556928083871457e-03,2.052727730439407594e-03,2.191782545579445962e-03,2.331390056988014159e-03,2.471164981830836771e-03,2.610671946830650514e-03,2.749434609774226157e-03,2.886940976735058451e-03,3.022648622148238484e-03,3.155989384333340864e-03,3.286373511402318481e-03,3.413193226352584375e-03,3.535825677709214521e-03,3.653635260961074493e-03,3.765975339390215115e-03,3.872189466148645565e-03,3.971612320900652637e-03,4.063570737046551251e-03,4.147385426841232459e-03,4.222374333962719550e-03,4.287858980698611155e-03,4.343175750576466765e-03,4.387694758069660139e-03,4.420849757039213568e-03,4.442183279213807179e-03,4.451411540128957789e-03,4.448512984012886751e-03,4.433841677310035312e-03,4.408260817684528377e-03,4.373281245291738006e-03,4.331175066274006724e-03,4.285018308701871170e-03,4.238606507842523907e-03,4.196194914166062606e-03,4.162051043554271246e-03,4.139870612999974053e-03,4.132177788430446697e-03,4.139870613000640187e-03,4.162051043554493290e-03,4.196194914166451184e-03,4.238606507842135329e-03,4.285018308702315259e-03,4.331175066274006724e-03,4.373281245291849029e-03,4.408260817685305533e-03,4.433841677309591223e-03,4.448512984012664706e-03,4.451411540129013300e-03,4.442183279213640645e-03,4.420849757038491923e-03,4.387694758069493606e-03,4.343175750576688809e-03,4.287858980697945022e-03,4.222374333962886084e-03,4.147385426841065925e-03,4.063570737046329207e-03,3.971612320900430593e-03,3.872189466147923920e-03,3.765975339390603693e-03,3.653635260961907161e-03,3.535825677709658610e-03,3.413193226351807219e-03,3.286373511402929104e-03,3.155989384333757197e-03,3.022648622148543796e-03,2.886940976734808650e-03,2.749434609774309424e-03,2.610671946829679069e-03,2.471164981830281659e-03,2.331390056987903137e-03,2.191782545579140651e-03,2.052727730439463105e-03,1.914556928083260834e-03,1.777535717057326936e-03
9.698607698607699668e-01,1.546218934816434576e-03,1.666477426072149326e-03,1.787664319572723759e-03,1.909577393944622559e-03,2.031956909126553246e-03,2.154490877821824135e-03,2.276824825289847087e-03,2.398567216469804642e-03,2.519294669748067816e-03,2.638556557593124685e-03,2.755879063528976491e-03,2.870768714836241520e-03,2.982715377513434074e-03,3.091194687706022570e-03,3.195669900656283868e-03,3.295593165600796404e-03,3.390406286432778860e-03,3.479541110853079378e-03,3.562419815981487936e-03,3.638455542499197115e-03,3.707054093799733163e-03,3.767617788554389335e-03,3.819553062362202045e-03,3.862284076198652105e-03,3.895275392885477750e-03,3.918067637293298766e-03,3.930330716049257322e-03,3.931939124192873614e-03,3.923072202807686981e-03,3.904337593039930443e-03,3.876907050013866929e-03,3.842639480059750756e-03,3.804148389046635437e-03,3.764756640106392549e-03,3.728282942847827020e-03,3.698635544932937780e-03,3.679252818943878900e-03,3.672508800196094825e-03,3.679252818943434811e-03,3.698635544933492891e-03,3.728282942848160086e-03,3.764756640105892949e-03,3.804148389046690948e-03,3.842639480059195645e-03,3.876907050013422840e-03,3.904337593039652887e-03,3.923072202808242093e-03,3.931939124192984636e-03,3.930330716049146300e-03,3.918067637293132233e-03,3.895275392884811616e-03,3.862284076199040683e-03,3.819553062361480400e-03,3.767617788555277514e-03,3.707054093799622141e-03,3.638455542498808537e-03,3.562419815982265092e-03,3.479541110853856534e-03,3.390406286433611527e-03,3.295593165601240493e-03,3.195669900656950002e-03,3.091194687705745014e-03,2.982715377513878163e-03,2.870768714836241520e-03,2.755879063529226292e-03,2.638556557593735308e-03,2.519294669747568216e-03,2.398567216468389107e-03,2.276824825289291976e-03,2.154490877821380046e-03,2.031956909126636512e-03,1.909577393944067447e-03,1.787664319572945804e-03,1.666477426072537904e-03,1.546218934816129265e-03
9.762080262080263804e-01,1.360136484221008413e-03,1.466929114205817175e-03,1.574464355399707305e-03,1.682591388387749687e-03,1.791104292200251802e-03,1.899751288619438983e-03,2.008241408993083343e-03,2.116250127522423252e-03,2.223424137754309582e-03,2.329385474616640916e-03,2.433735084979155028e-03,2.536055884415938655e-03,2.635915298507485183e-03,2.732867267203342720e-03,2.826453687774510559e-03,2.916205285596384922e-03,3.001641935330701116e-03,3.082272513599826347e-03,3.157594458054524544e-03,3.227093351663490317e-03,3.290243066883247192e-03,3.346507321334624141e-03,3.395343950726437132e-03,3.436213833152346186e-03,3.468597223449387812e-03,3.492021246730259154e-03,3.506103301485319346e-03,3.510615730562716141e-03,3.505576505420326949e-03,3.491367421067703702e-03,3.468873471787703444e-03,3.439622905992256729e-03,3.405887290489073571e-03,3.370680435062056723e-03,3.337587924812979168e-03,3.310384255541032328e-03,3.292463317992710969e-03,3.286203823925304413e-03,3.292463317992100347e-03,3.310384255541476417e-03,3.337587924813201212e-03,3.370680435061224056e-03,3.405887290487685792e-03,3.439622905992922863e-03,3.468873471787370377e-03,3.491367421067592680e-03,3.505576505420882061e-03,3.510615730563104719e-03,3.506103301485596901e-03,3.492021246730314665e-03,3.468597223448888212e-03,3.436213833151735564e-03,3.395343950725715487e-03,3.346507321334235563e-03,3.290243066883302703e-03,3.227093351663545828e-03,3.157594458054358011e-03,3.082272513600547992e-03,3.001641935330923161e-03,2.916205285596384922e-03,2.826453687775065671e-03,2.732867267204008854e-03,2.635915298507318649e-03,2.536055884415355788e-03,2.433735084978710939e-03,2.329385474616529894e-03,2.223424137754420604e-03,2.116250127523505720e-03,2.008241408992833543e-03,1.899751288619772049e-03,1.791104292199280357e-03,1.682591388387527642e-03,1.574464355400234661e-03,1.466929114206344531e-03,1.360136484221063924e-03
9.825552825552826830e-01,1.185899320880923202e-03,1.279958213956683410e-03,1.374590283696686122e-03,1.469688471004565455e-03,1.565095102940755600e-03,1.660610448472238376e-03,1.755999322804430163e-03,1.850996377532498904e-03,1.945310482979495381e-03,2.038628434440664661e-03,2.130618103748871395e-03,2.220931087611593968e-03,2.309204859956892619e-03,2.395064409594083177e-03,2.478123332751880348e-03,2.557984351645392618e-03,2.634239246697145376e-03,2.706468225619762524e-03,2.774238815569818328e-03,2.837104468173978766e-03,2.894603232232950685e-03,2.946257105636285178e-03,2.991573068924280321e-03,3.030047381846812105e-03,3.061175549399941520e-03,3.084471472084515664e-03,3.099500642723906907e-03,3.105933588246179156e-03,3.103626403460124639e-03,3.092733775774958449e-03,3.073853965894823848e-03,3.048191710224468221e-03,3.017701951432694152e-03,2.985148018831984551e-03,2.953986832127608597e-03,2.928007772667495789e-03,2.910726318096079623e-03,2.904659962175371035e-03,2.910726318096079623e-03,2.928007772666996189e-03,2.953986832127108997e-03,2.985148018832539663e-03,3.017701951432694152e-03,3.048191710224690265e-03,3.073853965894490781e-03,3.092733775774680893e-03,3.103626403460457706e-03,3.105933588246234667e-03,3.099500642724184463e-03,3.084471472084682198e-03,3.061175549400219076e-03,3.030047381847311705e-03,2.991573068924113787e-03,2.946257105636562734e-03,2.894603232232617618e-03,2.837104468174478367e-03,2.774238815570095884e-03,2.706468225620151102e-03,2.634239246696423731e-03,2.557984351645614662e-03,2.478123332751658303e-03,2.395064409594416244e-03,2.309204859957059153e-03,2.220931087612204591e-03,2.130618103749537529e-03,2.038628434440248327e-03,1.945310482979745181e-03,1.850996377531971548e-03,1.755999322804541185e-03,1.660610448472182865e-03,1.565095102940922134e-03,1.469688471005370367e-03,1.374590283696575099e-03,1.279958213956544633e-03,1.185899320881422803e-03
9.889025389025389856e-01,1.021145445385687744e-03,1.103018137984218550e-03,1.185313084388656124e-03,1.267960744858909194e-03,1.350845045198584282e-03,1.433811820066355214e-03,1.516675141846890451e-03,1.599222280697892851e-03,1.681217730778283848e-03,1.762406552518885894e-03,1.842517166297047426e-03,1.921263659841104809e-03,1.998347624029533920e-03,2.073459500860630467e-03,2.146279408269835542e-03,2.216477397313398878e-03,2.283713098108874906e-03,2.347634724396197026e-03,2.407877438500571898e-03,2.464061139331785721e-03,2.515787843709982319e-03,2.562639014508483193e-03,2.604173492448680349e-03,2.639927178006928887e-03,2.669416376551880798e-03,2.692147872869032899e-03,2.707640433504854283e-03,2.715464523442123745e-03,2.715309196253956614e-03,2.707086213126430607e-03,2.691078855272532877e-03,2.668132026096559084e-03,2.639855362004506212e-03,2.608770000879168105e-03,2.578284305958356004e-03,2.552371437710698743e-03,2.534896114295581704e-03,2.528717734238572490e-03,2.534896114294860059e-03,2.552371437709588520e-03,2.578284305958022937e-03,2.608770000879057083e-03,2.639855362005005812e-03,2.668132026097391751e-03,2.691078855272754922e-03,2.707086213127207763e-03,2.715309196254289681e-03,2.715464523442068234e-03,2.707640433505631439e-03,2.692147872868977387e-03,2.669416376551048131e-03,2.639927178006928887e-03,2.604173492449401994e-03,2.562639014508261148e-03,2.515787843710259875e-03,2.464061139331563677e-03,2.407877438501015988e-03,2.347634724396197026e-03,2.283713098109652062e-03,2.216477397313398878e-03,2.146279408269669009e-03,2.073459500860741489e-03,1.998347624029866987e-03,1.921263659841437876e-03,1.842517166297352738e-03,1.762406552517858938e-03,1.681217730778422625e-03,1.599222280698558984e-03,1.516675141846696162e-03,1.433811820066188680e-03,1.350845045198695304e-03,1.267960744859103484e-03,1.185313084388767146e-03,1.103018137984440594e-03,1.021145445385285289e-03
9.952497952497953992e-01,8.771157923851136129e-04,9.482643566999793272e-04,1.019709087181991380e-03,1.091411253659468894e-03,1.163289275817935842e-03,1.235227019187934427e-03,1.307079897522517298e-03,1.378679568160373625e-03,1.449837678458909540e-03,1.520348928860798532e-03,1.589993600264211215e-03,1.658539618021981354e-03,1.725744174740112546e-03,1.791354899361718989e-03,1.855110535184334442e-03,1.916741071267380470e-03,1.975967258928568171e-03,2.032499437976231782e-03,2.086035598871549546e-03,2.136258623257336620e-03,2.182832688660263365e-03,2.225398916043841435e-03,2.263570520448010548e-03,2.296928062055725306e-03,2.325015996963442078e-03,2.347342763543425193e-03,2.363388352861428565e-03,2.372625984403464727e-03,2.374568318957770430e-03,2.368853209868182486e-03,2.355387344515735837e-03,2.334562824748254162e-03,2.307540936156537992e-03,2.276544622891063518e-03,2.245012992092787485e-03,2.217388788259444521e-03,2.198345833980874797e-03,2.191534457817556625e-03,2.198345833981263375e-03,2.217388788258223276e-03,2.245012992094008730e-03,2.276544622890841474e-03,2.307540936156871059e-03,2.334562824749253362e-03,2.355387344515180725e-03,2.368853209868126974e-03,2.374568318958325541e-03,2.372625984402354504e-03,2.363388352861206521e-03,2.347342763543702748e-03,2.325015996963442078e-03,2.296928062056557973e-03,2.263570520449453838e-03,2.225398916044007969e-03,2.182832688660318876e-03,2.136258623258335820e-03,2.086035598871938124e-03,2.032499437976342804e-03,1.975967258928235104e-03,1.916741071268379670e-03,1.855110535183557285e-03,1.791354899361913278e-03,1.725744174740223569e-03,1.658539618022369933e-03,1.589993600263739371e-03,1.520348928860687510e-03,1.449837678459492407e-03,1.378679568160068314e-03,1.307079897522184231e-03,1.235227019188350761e-03,1.163289275817713797e-03,1.091411253660495850e-03,1.019709087181769336e-03,9.482643566994242157e-04,8.771157923851413685e-04
1.001597051597051813e+00,7.472964857807018468e-04,8.086763801422591769e-04,8.702471375214293481e-04,9.319953523744817225e-04,9.938682889961414357e-04,1.055782014361572596e-03,1.117627286264299968e-03,1.179274016785303303e-03,1.240574787987031025e-03,1.301367698676447748e-03,1.361478701057516894e-03,1.420723509931554052e-03,1.478909115980531208e-03,1.535834898346216670e-03,1.591293303473628740e-03,1.645070033250650710e-03,1.696943662677086184e-03,1.746684584018221020e-03,1.794053149380248069e-03,1.838796857565050402e-03,1.880646407148411914e-03,1.919310425279430188e-03,1.954468701415801313e-03,1.985763850747279680e-03,2.012791590938978192e-03,2.035090407370765409e-03,2.052132622844593524e-03,2.063321338624080070e-03,2.068002286141734647e-03,2.065507555076950830e-03,2.055260342320452960e-03,2.036984306327871419e-03,2.011066163436991960e-03,1.979082703970236334e-03,1.944365024203031922e-03,1.912204720039167860e-03,1.889083334301988604e-03,1.880622299351930593e-03,1.889083334301489003e-03,1.912204720038890304e-03,1.944365024202920900e-03,1.979082703969736734e-03,2.011066163436991960e-03,2.036984306327704886e-03,2.055260342320341937e-03,2.065507555076506740e-03,2.068002286141956692e-03,2.063321338625134782e-03,2.052132622844538012e-03,2.035090407370432342e-03,2.012791590939533304e-03,1.985763850747501724e-03,1.954468701414802112e-03,1.919310425279818766e-03,1.880646407147967825e-03,1.838796857564661824e-03,1.794053149380581136e-03,1.746684584017554887e-03,1.696943662677308229e-03,1.645070033251150310e-03,1.591293303474405896e-03,1.535834898346327693e-03,1.478909115981169586e-03,1.420723509930554851e-03,1.361478701057600160e-03,1.301367698676170193e-03,1.240574787987447358e-03,1.179274016785664125e-03,1.117627286264050168e-03,1.055782014360823196e-03,9.938682889958638800e-04,9.319953523747037671e-04,8.702471375220954819e-04,8.086763801414820207e-04,7.472964857806324579e-04
1.007944307944308004e+00,6.350513185089667889e-04,6.879139342001183710e-04,7.408823836548006359e-04,7.939636899954582994e-04,8.471287116617043367e-04,9.003201404921556961e-04,9.534582171869809830e-04,1.006445016805052051e-03,1.059167799469740157e-03,1.111501718494251056e-03,1.163312057105320152e-03,1.214456089381810155e-03,1.264784611176406059e-03,1.314143151596836034e-03,1.362372848425164040e-03,1.409310946689834587e-03,1.454790855085152934e-03,1.498641666163536001e-03,1.540687009298935539e-03,1.580743055374311812e-03,1.618615422273872451e-03,1.654094632531410980e-03,1.686949638577350807e-03,1.716918747545426172e-03,1.743697043920189316e-03,1.766919149551626766e-03,1.786135982501602104e-03,1.800784401117805356e-03,1.810150117121267499e-03,1.813329216441117442e-03,1.809207164565007631e-03,1.796507094372901125e-03,1.774029308593438881e-03,1.741320079644115282e-03,1.700080718415541980e-03,1.656237206346500290e-03,1.620988055945404849e-03,1.607234290408210420e-03,1.620988055945404849e-03,1.656237206346500290e-03,1.700080718414986869e-03,1.741320079644226304e-03,1.774029308592717236e-03,1.796507094371235791e-03,1.809207164564397008e-03,1.813329216439840685e-03,1.810150117121045454e-03,1.800784401117194733e-03,1.786135982501657615e-03,1.766919149551293700e-03,1.743697043919911760e-03,1.716918747545759238e-03,1.686949638577961430e-03,1.654094632532021603e-03,1.618615422273483873e-03,1.580743055373756700e-03,1.540687009299546162e-03,1.498641666163036401e-03,1.454790855085374979e-03,1.409310946689446009e-03,1.362372848425330574e-03,1.314143151597196857e-03,1.264784611175961970e-03,1.214456089382448534e-03,1.163312057104737285e-03,1.111501718494833924e-03,1.059167799469379334e-03,1.006445016804802250e-03,9.534582171871197609e-04,9.003201404925165185e-04,8.471287116621761815e-04,7.939636899963742334e-04,7.408823836538569463e-04,6.879139341996326484e-04,6.350513185083839218e-04
1.014291564291564418e+00,5.360776834313490946e-04,5.813485262059492342e-04,6.266583665678060466e-04,6.720304848164548872e-04,7.174549983554046051e-04,7.628967163929856188e-04,8.083006962221750413e-04,8.535963828783244001e-04,8.987008439688415340e-04,9.435214054145102391e-04,9.879578740039363094e-04,1.031904460307542237e-03,1.075251470485372174e-03,1.117886806906998043e-03,1.159697298840633994e-03,1.200569872048473652e-03,1.240392557422143049e-03,1.279055331934675355e-03,1.316450778645616992e-03,1.352474544410231516e-03,1.387025561960464337e-03,1.420005983427952145e-03,1.451320738620920370e-03,1.480876571711031708e-03,1.508580301497974840e-03,1.534335847061585323e-03,1.558039164322011505e-03,1.579569431908955934e-03,1.598773090452976220e-03,1.615433375976249586e-03,1.629208254927072552e-03,1.639493705096639609e-03,1.645093320332413622e-03,1.643331454432517269e-03,1.627430336028468094e-03,1.578995848393882628e-03,1.464317198046738433e-03,1.362971813619107131e-03,1.464317198048792346e-03,1.578995848393216495e-03,1.627430336027524405e-03,1.643331454431684602e-03,1.645093320332913223e-03,1.639493705097194720e-03,1.629208254926350907e-03,1.615433375976638164e-03,1.598773090453420309e-03,1.579569431909289001e-03,1.558039164322178038e-03,1.534335847061918390e-03,1.508580301499529153e-03,1.480876571710254552e-03,1.451320738621530992e-03,1.420005983427508056e-03,1.387025561960297804e-03,1.352474544409953960e-03,1.316450778646005570e-03,1.279055331934841888e-03,1.240392557421921005e-03,1.200569872048307118e-03,1.159697298841078084e-03,1.117886806906415176e-03,1.075251470485372174e-03,1.031904460307209170e-03,9.879578740039918205e-04,9.435214054138996165e-04,8.987008439697019568e-04,8.535963828779913332e-04,8.083006962214256408e-04,7.628967163932076634e-04,7.174549983555988941e-04,6.720304848162050870e-04,6.266583665681113580e-04,5.813485262066431236e-04,5.360776834312519501e-04
1.020638820638820832e+00,4.465870301316315905e-04,4.848884599318731281e-04,5.231781919336764286e-04,5.614918821260916904e-04,5.998350780303252083e-04,6.381908705037908636e-04,6.765252683422484647e-04,7.147911975901588555e-04,7.529316498391669388e-04,7.908822984125929434e-04,8.285737864023590138e-04,8.659338257429038954e-04,9.028892125180487671e-04,9.393678506201263989e-04,9.753008801745566281e-04,1.010625029283840348e-03,1.045285352684166558e-03,1.079238599746956684e-03,1.112457587906456880e-03,1.144937185990457795e-03,1.176702911223181935e-03,1.207823866255786083e-03,1.238433104586544875e-03,1.268761208776392202e-03,1.299194516903634522e-03,1.330382117116946095e-03,1.363446669199408490e-03,1.400437795392395213e-03,1.445425196801464196e-03,1.507580875057312753e-03,1.612096503117055324e-03,1.855167035801241759e-03,2.591036348083108898e-03,8.208036502836413284e-04,9.934320978247090927e-04,1.086943882429469710e-03,1.127807771448663399e-03,1.139579461006234862e-03,1.127807771448663399e-03,1.086943882430080333e-03,9.934320978253197154e-04,8.208036502896365327e-04,2.591036348076114493e-03,1.855167035803462205e-03,1.612096503117166346e-03,1.507580875057534797e-03,1.445425196802296863e-03,1.400437795392672768e-03,1.363446669199963601e-03,1.330382117117279162e-03,1.299194516902857366e-03,1.268761208776170157e-03,1.238433104586378342e-03,1.207823866255341994e-03,1.176702911223070913e-03,1.144937185990291262e-03,1.112457587907844658e-03,1.079238599746568106e-03,1.045285352684111047e-03,1.010625029283118703e-03,9.753008801753615398e-04,9.393678506203484435e-04,9.028892125175491667e-04,8.659338257429594066e-04,8.285737864016928800e-04,7.908822984125651878e-04,7.529316498383620271e-04,7.147911975899368109e-04,6.765252683420541757e-04,6.381908705044847530e-04,5.998350780302419416e-04,5.614918821267023130e-04,5.231781919341205178e-04,4.848884599324976286e-04,4.465870301308821899e-04
1.026986076986077023e+00,3.697983314739916594e-04,4.020450291333799164e-04,4.342436885371447897e-04,4.664390941112872557e-04,4.986487909990344747e-04,5.308705325304807765e-04,5.630874917133266155e-04,5.952721568146246423e-04,6.273894483298791958e-04,6.593993932732244989e-04,6.912595864333459517e-04,7.229276172433241054e-04,7.543636270440079450e-04,7.855331794411890556e-04,8.164106794836256675e-04,8.469836788910223291e-04,8.772585828799583929e-04,9.072685840755823072e-04,9.370851979377814445e-04,9.668357779107350503e-04,9.967313021709278686e-04,1.027112559288667626e-03,1.058531019471287138e-03,1.091899322480105461e-03,1.128792796678546040e-03,1.172112632805644150e-03,1.227734403660085682e-03,1.309356961046392875e-03,1.456698642984866066e-03,1.830545884575540683e-03,1.903135278050194223e-03,5.770596610036871077e-04,7.495871444113955118e-04,8.445840684344618765e-04,8.965123255935680824e-04,9.260111909114576711e-04,9.414568811779711055e-04,9.462883733858951096e-04,9.414568811781931501e-04,9.260111909115131823e-04,8.965123255936235935e-04,8.445840684332961423e-04,7.495871444112012227e-04,5.770596610071287991e-04,1.903135278057188629e-03,1.830545884570211612e-03,1.456698642986309356e-03,1.309356961047336565e-03,1.227734403660696305e-03,1.172112632805866195e-03,1.128792796678212973e-03,1.091899322479272794e-03,1.058531019470898560e-03,1.027112559288223537e-03,9.967313021710388909e-04,9.668357779105130057e-04,9.370851979372263330e-04,9.072685840753047515e-04,8.772585828796808372e-04,8.469836788904672176e-04,8.164106794834591341e-04,7.855331794411613000e-04,7.543636270436193669e-04,7.229276172438237058e-04,6.912595864331794182e-04,6.593993932729469432e-04,6.273894483307118630e-04,5.952721568142915753e-04,5.630874917139094826e-04,5.308705325308415990e-04,4.986487910003112312e-04,4.664390941110097000e-04,4.342436885372280564e-04,4.020450291337407389e-04,3.697983314737141036e-04
1.033333333333333437e+00,3.037642223107511752e-04,3.307290019061853714e-04,3.576215567675511409e-04,3.844929761460114115e-04,4.113698611545590911e-04,4.382615533289335730e-04,4.651651925966227008e-04,4.920695398755170480e-04,5.189581158683564954e-04,5.458120146783762561e-04,5.726126594965408323e-04,5.993447394493367497e-04,6.259995886176150659e-04,6.525793437708871103e-04,6.791023670003892843e-04,7.056106886013102653e-04,7.321807055523099628e-04,7.589392455600862952e-04,7.860887596201071581e-04,8.139486797295036880e-04,8.430268399391982470e-04,8.741502518554988832e-04,9.087220292295916657e-04,9.492724524075013548e-04,1.000783008791472639e-03,1.074393565989928412e-03,1.200270306253803376e-03,1.487062059892907406e-03,2.050381542207602159e-03,4.075896040461601810e-04,5.270137233298888280e-04,6.311102445872296407e-04,6.913837517096010910e-04,7.287521593863921510e-04,7.527629760382126278e-04,7.678678785129067208e-04,7.762530311249959958e-04,7.789467276121397887e-04,7.762530311258841742e-04,7.678678785129067208e-04,7.527629760379905832e-04,7.287521593861701064e-04,6.913837517084631124e-04,6.311102445881455747e-04,5.270137233298888280e-04,4.075896040476034710e-04,2.050381542196721973e-03,1.487062059894683763e-03,1.200270306252415597e-03,1.074393565990483523e-03,1.000783008792138773e-03,9.492724524074458436e-04,9.087220292294251323e-04,8.741502518561095059e-04,8.430268399395868251e-04,8.139486797296147103e-04,7.860887596191079574e-04,7.589392455611410071e-04,7.321807055515328067e-04,7.056106886017543545e-04,6.791023670004447954e-04,6.525793437700821986e-04,6.259995886174762880e-04,5.993447394491702163e-04,5.726126594967073657e-04,5.458120146783485005e-04,5.189581158678291395e-04,4.920695398759611372e-04,4.651651925971223012e-04,4.382615533295441956e-04,4.113698611545035799e-04,3.844929761452342554e-04,3.576215567677731855e-04,3.307290019065461939e-04,3.037642223111675088e-04
