nan,-5.000000000000000000e+00,-4.919354838709677047e+00,-4.838709677419354982e+00,-4.758064516129032029e+00,-4.677419354838709964e+00,-4.596774193548387011e+00,-4.516129032258064058e+00,-4.435483870967741993e+00,-4.354838709677419040e+00,-4.274193548387096975e+00,-4.193548387096774022e+00,-4.112903225806451957e+00,-4.032258064516129004e+00,-3.951612903225806495e+00,-3.870967741935483986e+00,-3.790322580645161032e+00,-3.709677419354838968e+00,-3.629032258064516014e+00,-3.548387096774193505e+00,-3.467741935483870996e+00,-3.387096774193548487e+00,-3.306451612903225978e+00,-3.225806451612903025e+00,-3.145161290322580960e+00,-3.064516129032258007e+00,-2.983870967741935498e+00,-2.903225806451612989e+00,-2.822580645161290480e+00,-2.741935483870967971e+00,-2.661290322580645018e+00,-2.580645161290322509e+00,-2.500000000000000000e+00,-2.419354838709677491e+00,-2.338709677419354982e+00,-2.258064516129032473e+00,-2.177419354838709964e+00,-2.096774193548387011e+00,-2.016129032258064502e+00,-1.935483870967741993e+00,-1.854838709677419484e+00,-1.774193548387096975e+00,-1.693548387096774466e+00,-1.612903225806451513e+00,-1.532258064516129004e+00,-1.451612903225806495e+00,-1.370967741935483986e+00,-1.290322580645161477e+00,-1.209677419354838968e+00,-1.129032258064516014e+00,-1.048387096774193505e+00,-9.677419354838709964e-01,-8.870967741935489315e-01,-8.064516129032259784e-01,-7.258064516129030253e-01,-6.451612903225809603e-01,-5.645161290322580072e-01,-4.838709677419359423e-01,-4.032258064516129892e-01,-3.225806451612900361e-01,-2.419354838709679711e-01,-1.612903225806450180e-01,-8.064516129032295311e-02,0.000000000000000000e+00,8.064516129032206493e-02,1.612903225806450180e-01,2.419354838709679711e-01,3.225806451612900361e-01,4.032258064516129892e-01,4.838709677419350541e-01,5.645161290322580072e-01,6.451612903225800721e-01,7.258064516129030253e-01,8.064516129032259784e-01,8.870967741935480433e-01,9.677419354838709964e-01,1.048387096774193061e+00,1.129032258064516014e+00,1.209677419354838968e+00,1.290322580645161032e+00,1.370967741935483986e+00,1.451612903225806051e+00,1.532258064516129004e+00,1.612903225806451069e+00,1.693548387096774022e+00,1.774193548387096975e+00,1.854838709677419040e+00,1.935483870967741993e+00,2.016129032258064058e+00,2.096774193548387011e+00,2.177419354838709076e+00,2.258064516129032029e+00,2.338709677419354982e+00,2.419354838709677047e+00,2.500000000000000000e+00,2.580645161290322065e+00,2.661290322580645018e+00,2.741935483870967971e+00,2.822580645161290036e+00,2.903225806451612989e+00,2.983870967741935054e+00,3.064516129032258007e+00,3.145161290322580072e+00,3.225806451612902137e+00,3.306451612903225978e+00,3.387096774193548043e+00,3.467741935483870108e+00,3.548387096774193949e+00,3.629032258064516014e+00,3.709677419354838079e+00,3.790322580645161921e+00,3.870967741935483986e+00,3.951612903225806051e+00,4.032258064516128115e+00,4.112903225806451957e+00,4.193548387096774022e+00,4.274193548387096087e+00,4.354838709677419928e+00,4.435483870967741993e+00,4.516129032258064058e+00,4.596774193548386123e+00,4.677419354838709964e+00,4.758064516129032029e+00,4.838709677419354094e+00,4.919354838709677935e+00,5.000000000000000000e+00
5.636363636363636020e-01,1.005566328621600447e-01,1.017973842421330266e-01,1.029499496490340615e-01,1.037994162794501352e-01,1.047178877708565409e-01,1.056515920173198425e-01,1.065865303064600644e-01,1.075161198073301683e-01,1.084366426238117381e-01,1.093459232125224695e-01,1.102428019907224360e-01,1.111268792107948655e-01,1.119983711058358533e-01,1.128580204194673531e-01,1.137070369602487807e-01,1.145470567741027346e-01,1.153801140937786018e-01,1.162086228254127496e-01,1.170353656353379512e-01,1.178634893925444849e-01,1.186965061073765593e-01,1.195382987276605996e-01,1.203931312794595254e-01,1.212656629068563363e-01,1.221609653930698092e-01,1.230845437455907743e-01,1.240423594101263544e-01,1.250408556527312365e-01,1.260869846333550759e-01,1.271882357168279132e-01,1.283526646832759965e-01,1.295889238092277074e-01,1.309062934798203570e-01,1.323147174134639559e-01,1.338248464118290404e-01,1.354481011408953384e-01,1.371967756058150023e-01,1.390842258470859905e-01,1.411252374043406588e-01,1.433367774267924333e-01,1.457396203157545755e-01,1.483621516059841217e-01,1.512505243497941076e-01,1.545033133748444087e-01,1.584882130246856591e-01,1.626306518303061166e-01,1.649344308476517751e-01,1.673231831088962118e-01,1.697266429815535715e-01,1.720997386469141077e-01,1.744024806988889731e-01,1.765971604611004109e-01,1.786485476648088933e-01,1.805249449265140249e-01,1.821994289552794632e-01,1.836509342762193686e-01,1.848649580104496370e-01,1.858337553142068999e-01,1.865559892323989388e-01,1.870358937848743686e-01,1.872820909135782252e-01,1.873062551592477865e-01,1.871218345867671218e-01,1.867430110336943672e-01,1.861840243641292025e-01,1.854589076396060132e-01,1.845815995220796146e-01,1.835663327798107980e-01,1.824281558848565021e-01,1.811834351117356523e-01,1.798502073639720311e-01,1.784483030693084504e-01,1.769992238044983401e-01,1.755258309725401256e-01,1.740519772642639407e-01,1.726023108762776426e-01,1.712026889832258814e-01,1.698823050107811650e-01,1.686816909789277952e-01,1.676958207134282564e-01,1.650978120169116770e-01,1.621727815236919390e-01,1.599163201011554458e-01,1.579772542061363971e-01,1.562610862717925819e-01,1.547235634821626238e-01,1.533378306008368053e-01,1.520847563540385083e-01,1.509492472656624729e-01,1.499186179858468804e-01,1.489817941344823704e-01,1.481288894037302850e-01,1.473509631839853007e-01,1.466398696982292860e-01,1.459881553258922937e-01,1.453889821972286223e-01,1.448360666848093614e-01,1.443236268032775660e-01,1.438463353411493506e-01,1.433992770347689016e-01,1.429779088811286292e-01,1.425780231000413623e-01,1.421957124727175892e-01,1.418273379010135116e-01,1.414694981067459723e-01,1.411190014612904997e-01,1.407728400331257901e-01,1.404281660987090341e-01,1.400822716273142088e-01,1.397325716984338662e-01,1.393765935702726000e-01,1.390119744217297726e-01,1.386364730719878979e-01,1.382480050911313874e-01,1.378447184065790809e-01,1.374251416459372210e-01,1.369884692228295064e-01,1.365351195987162258e-01,1.360678871783957689e-01,1.355945496752456736e-01,1.351347603132651842e-01,1.347441570193629867e-01,1.346848412920596538e-01,1.343496227552851141e-01,1.327587444469414957e-01
5.674242424242423866e-01,1.054616370076615489e-01,1.068439662685964214e-01,1.083178043890202780e-01,1.096392898647197828e-01,1.106664660132894301e-01,1.117687802529206825e-01,1.128896724512117589e-01,1.140125434575834651e-01,1.151289086559175029e-01,1.162334838181547925e-01,1.173227428018717849e-01,1.183943526034618166e-01,1.194469052763013073e-01,1.204797700698734264e-01,1.214930013926006636e-01,1.224872761982739450e-01,1.234638490635150965e-01,1.244245194228500717e-01,1.253716082165651502e-01,1.263079425118316668e-01,1.272368472787933080e-01,1.281621437936156516e-01,1.290881542629324363e-01,1.300197122963651641e-01,1.309621788337054782e-01,1.319214630807865607e-01,1.329040479364208271e-01,1.339170193172862788e-01,1.349680987341506377e-01,1.360656784903390704e-01,1.372188590564284161e-01,1.384374887051513237e-01,1.397322067157230063e-01,1.411144940561943895e-01,1.425967407813182597e-01,1.441923502527853729e-01,1.459159228351063764e-01,1.477836102852378153e-01,1.498138432296578504e-01,1.520289125695864496e-01,1.544586797835988123e-01,1.571504364345002180e-01,1.602018911388353450e-01,1.639524193059667678e-01,1.682676305905191905e-01,1.703460736219245264e-01,1.724971808237851512e-01,1.746568319697168470e-01,1.767835748249879935e-01,1.788404836790111752e-01,1.807929266753466602e-01,1.826089009103390726e-01,1.842600502238201654e-01,1.857227836130588561e-01,1.869792023866331532e-01,1.880176573340051893e-01,1.888328388748250763e-01,1.894253817526282135e-01,1.898010404720582578e-01,1.899695534517089057e-01,1.899433538745551042e-01,1.897362983391679692e-01,1.893625705823936134e-01,1.888358812272676324e-01,1.881690331626127699e-01,1.873738644609417303e-01,1.864615251936486418e-01,1.854429985738569875e-01,1.843297464793749729e-01,1.831343485659154002e-01,1.818710144291854069e-01,1.805558783122269972e-01,1.792070315421509796e-01,1.778443032394883827e-01,1.764888596609433258e-01,1.751627578895134096e-01,1.738886813762855754e-01,1.726902891073651969e-01,1.715942872721065715e-01,1.706385133450922520e-01,1.699183766434166909e-01,1.673379556913865973e-01,1.648051170771053509e-01,1.628770806543066996e-01,1.612501724571555883e-01,1.598354127023211002e-01,1.585890115095063557e-01,1.574832560088908762e-01,1.564977507743302021e-01,1.556160501004843211e-01,1.548241608436813355e-01,1.541098038958386152e-01,1.534620154374397305e-01,1.528709109352098527e-01,1.523275310647853042e-01,1.518237307371797795e-01,1.513520919822775035e-01,1.509058509855650265e-01,1.504788343604346323e-01,1.500654021721567200e-01,1.496603964673133558e-01,1.492590946835843924e-01,1.488571676196145110e-01,1.484506417938382394e-01,1.480358661047711522e-01,1.476094827796575193e-01,1.471684027076818890e-01,1.467097854460374107e-01,1.462310245306880085e-01,1.457297393324175350e-01,1.452037757756585168e-01,1.446512201619427063e-01,1.440704338528162598e-01,1.434601231948997579e-01,1.428194721562369152e-01,1.421483925943335946e-01,1.414480094236200414e-01,1.407216552354778605e-01,1.399771064972000767e-01,1.392324271945703240e-01,1.385359046238421044e-01,1.380944629129249035e-01,1.374924803849926491e-01,1.356288605038625250e-01,1.337130518408988777e-01
5.712121212121211711e-01,1.101754406959987581e-01,1.116524004056643343e-01,1.131810936047425720e-01,1.148077228183420895e-01,1.161756493291496856e-01,1.173316531405829560e-01,1.185667048100517845e-01,1.198252087662147747e-01,1.210893321399925532e-01,1.223494295123389169e-01,1.235990681255437068e-01,1.248335720015254918e-01,1.260494798725114163e-01,1.272443102953949856e-01,1.284164458352585192e-01,1.295650677607947387e-01,1.306901139200312423e-01,1.317922485064028926e-01,1.328728391424891242e-01,1.339339396097301571e-01,1.349782777776183662e-01,1.360092487390407723e-01,1.370309132446364542e-01,1.380480014364157682e-01,1.390659216994671876e-01,1.400907742251191190e-01,1.411293686374611445e-01,1.421892448066477133e-01,1.432786958045107195e-01,1.444067919424968927e-01,1.455834051463998913e-01,1.468192339123204349e-01,1.481258314275273602e-01,1.495156444694331621e-01,1.510020811766361326e-01,1.525996476904109833e-01,1.543242408059421755e-01,1.561937910035577082e-01,1.582297160014726478e-01,1.604603920476819212e-01,1.629303801252785233e-01,1.657306800641361877e-01,1.691613132374471806e-01,1.735538005854206922e-01,1.753049978131669406e-01,1.770894256034834524e-01,1.788499900370075224e-01,1.805494873585244686e-01,1.821553557643046106e-01,1.836381989514719870e-01,1.849723078523033692e-01,1.861366223380123419e-01,1.871156519385006045e-01,1.879001205582203071e-01,1.884872036562094955e-01,1.888803015766606641e-01,1.890883603655902356e-01,1.891248105993240669e-01,1.890062398885234973e-01,1.887509412227206806e-01,1.883774856927312447e-01,1.879034561538637793e-01,1.873444522055482397e-01,1.867134415959836591e-01,1.860204937505987866e-01,1.852728916140308491e-01,1.844755814200689514e-01,1.836318886892208402e-01,1.827444047616202660e-01,1.818159335910596031e-01,1.808503854038263359e-01,1.798535137347397894e-01,1.788334157433062455e-01,1.778007514423997348e-01,1.767686830151440069e-01,1.757525884556442874e-01,1.747696667968296758e-01,1.738386450696082774e-01,1.729800018081718294e-01,1.722177928170119943e-01,1.715873846982601814e-01,1.711846051821626913e-01,1.686839896613601675e-01,1.665967161605020619e-01,1.650284766352920207e-01,1.637268609387076412e-01,1.626123705794221552e-01,1.616444376963621643e-01,1.607965904795483902e-01,1.600488227979059985e-01,1.593846515818273246e-01,1.587898194984262157e-01,1.582516654165049830e-01,1.577587911563630707e-01,1.573008672816058606e-01,1.568685066759583635e-01,1.564531723269608210e-01,1.560471032620285303e-01,1.556432510352254439e-01,1.552352233042349761e-01,1.548172330512917749e-01,1.543840529452912003e-01,1.539309747455640254e-01,1.534537737869270668e-01,1.529486786100550111e-01,1.524123458001220843e-01,1.518418401360502323e-01,1.512346203021353030e-01,1.505885307739337764e-01,1.499018012329885186e-01,1.491730563079290972e-01,1.484013412002647414e-01,1.475861740949219736e-01,1.467276469247067450e-01,1.458266184883643402e-01,1.448850946521455796e-01,1.439070171793601360e-01,1.429000465494340288e-01,1.418801960861081346e-01,1.408872674941357150e-01,1.400756378000759528e-01,1.392432848503183940e-01,1.371822755857839138e-01,1.351019564556927288e-01,1.329770267147106222e-01
5.749999999999999556e-01,1.146304395305229734e-01,1.162350571613122996e-01,1.178475721786390734e-01,1.194895382986953525e-01,1.212166866157382700e-01,1.225348915850456855e-01,1.237811593094924195e-01,1.251072197294751664e-01,1.264606189461406904e-01,1.278237132513245777e-01,1.291867439981262411e-01,1.305429256481397127e-01,1.318870226321892936e-01,1.332148637381926071e-01,1.345231718426172229e-01,1.358095103069698606e-01,1.370722724824580963e-01,1.383106851727511355e-01,1.395248146055310390e-01,1.407155709742846095e-01,1.418847108120335765e-01,1.430348376973148150e-01,1.441694020942356214e-01,1.452927009696558525e-01,1.464098774452788909e-01,1.475269202538275759e-01,1.486506622543829204e-01,1.497887767961554872e-01,1.509497704084930281e-01,1.521429703254575660e-01,1.533785060782139054e-01,1.546672864824861771e-01,1.560209781324730649e-01,1.574520016623443541e-01,1.589735832464024001e-01,1.605999440492490715e-01,1.623468118608726030e-01,1.642326867276504565e-01,1.662819753229830277e-01,1.685333666902160132e-01,1.710667379811887379e-01,1.741372911041739746e-01,1.785366450566241436e-01,1.799019622572974042e-01,1.812400286302292274e-01,1.825025511956952784e-01,1.836575540720274957e-01,1.846781411928790917e-01,1.855418458881815946e-01,1.862312852520264794e-01,1.867349765378181203e-01,1.870479607335823469e-01,1.871720695410969970e-01,1.871157618089470676e-01,1.868935214472378648e-01,1.865248634033354613e-01,1.860330362879968891e-01,1.854435368489587566e-01,1.847825616183863817e-01,1.840755162060824790e-01,1.833456864228315553e-01,1.826131522095039428e-01,1.818939995402537868e-01,1.811998603441886957e-01,1.805377879069119951e-01,1.799104556746504158e-01,1.793166504506427117e-01,1.787520158519623759e-01,1.782099880358505861e-01,1.776828532731771215e-01,1.771628470498805008e-01,1.766432089752602574e-01,1.761191092748559950e-01,1.755883732657094465e-01,1.750519513659588022e-01,1.745141142692364922e-01,1.739823961642459060e-01,1.734673669252869976e-01,1.729824053774079717e-01,1.725438451642516691e-01,1.721725086186851605e-01,1.719008071628916057e-01,1.718244063620994744e-01,1.694327377079630215e-01,1.677833110231013447e-01,1.665569538013003115e-01,1.655506050522893846e-01,1.646965562416599360e-01,1.639594392361084785e-01,1.633156519181890032e-01,1.627469107834336182e-01,1.622377766800355559e-01,1.617745951444281571e-01,1.613450114554842996e-01,1.609377368694582533e-01,1.605424282955165705e-01,1.601496192834611088e-01,1.597506736628436785e-01,1.593377487977643281e-01,1.589037629052817424e-01,1.584423644512161500e-01,1.579479032523818660e-01,1.574154035444517152e-01,1.568405394140377773e-01,1.562196129075369422e-01,1.555495349730825483e-01,1.548278092767404468e-01,1.540525189719018639e-01,1.532223168496389121e-01,1.523364202278202351e-01,1.513946139559225468e-01,1.503972690380283861e-01,1.493453927812602167e-01,1.482407440702854240e-01,1.470860870324397773e-01,1.458857540701906652e-01,1.446469643035378227e-01,1.433832811443547517e-01,1.421259057018241512e-01,1.409846016059645435e-01,1.399595104079688901e-01,1.377673774624181557e-01,1.355719158887704889e-01,1.333401335681937139e-01,1.310633544480257207e-01
5.787878787878787401e-01,1.184888057753837737e-01,1.203246476982704205e-01,1.221209343947644022e-01,1.238913590205442949e-01,1.256577796221052812e-01,1.274783886403481337e-01,1.287039139582631386e-01,1.300309725220576695e-01,1.314331549438862989e-01,1.328625163112782115e-01,1.343029540178082015e-01,1.357457945092163665e-01,1.371849638331809063e-01,1.386155914333790096e-01,1.400335792490342568e-01,1.414355023354924024e-01,1.428186299552276495e-01,1.441809858087093887e-01,1.455214138992755868e-01,1.468396363859899856e-01,1.481362985638740859e-01,1.494129999898694550e-01,1.506723122914888080e-01,1.519177845154001116e-01,1.531539365745835102e-01,1.543862407559758176e-01,1.556210905671714106e-01,1.568657556222693428e-01,1.581283210377965320e-01,1.594176103224758945e-01,1.607430926969264651e-01,1.621147804790833147e-01,1.635431321852884035e-01,1.650389976551152049e-01,1.666136846989414166e-01,1.682793215398161180e-01,1.700499152059765373e-01,1.719441146843155022e-01,1.739926460865115210e-01,1.762616521781024959e-01,1.789607145540355049e-01,1.833124531440869509e-01,1.842683846218778898e-01,1.851259061801975858e-01,1.858488791223149028e-01,1.864123709235401272e-01,1.867969242496802518e-01,1.869886611472729721e-01,1.869799171485872491e-01,1.867697674813577347e-01,1.863642419777635784e-01,1.857761498290797786e-01,1.850245043773036668e-01,1.841335887838392860e-01,1.831317402838305020e-01,1.820499529409793926e-01,1.809204060563823768e-01,1.797750193314671396e-01,1.786441199840993754e-01,1.775552856224603127e-01,1.765324040741006739e-01,1.755949709709589690e-01,1.747576298393527516e-01,1.740299485014444592e-01,1.734164193463265113e-01,1.729166682174728409e-01,1.725258555823557527e-01,1.722352525232294651e-01,1.720329714123756404e-01,1.719048259745251939e-01,1.718352876559231246e-01,1.718084956133681396e-01,1.718092679432587921e-01,1.718240544778605328e-01,1.718417694510912253e-01,1.718544483572742865e-01,1.718576897672859094e-01,1.718508721026646147e-01,1.718371823453292146e-01,1.718235754383594105e-01,1.718209666655945711e-01,1.718455522844108962e-01,1.719251639631059203e-01,1.721544474202359176e-01,1.698795879065326253e-01,1.686238719585671508e-01,1.676937555920555989e-01,1.669302465631182508e-01,1.662781144500397601e-01,1.657082354276810388e-01,1.652009054094521479e-01,1.647405051270081078e-01,1.643134757096357534e-01,1.639074965928826177e-01,1.635111548746559229e-01,1.631138264495283485e-01,1.627056479534920164e-01,1.622775245086979512e-01,1.618211480208618103e-01,1.613290148852317141e-01,1.607944387411469334e-01,1.602115570864301175e-01,1.595753318911954377e-01,1.588815447349127830e-01,1.581267869163098805e-01,1.573084447411382536e-01,1.564246799839101587e-01,1.554744055454320706e-01,1.544572568536335122e-01,1.533735610197156929e-01,1.522243089871292143e-01,1.510111425818544129e-01,1.497363822614349582e-01,1.484031518073488098e-01,1.470157292769957158e-01,1.455804536940638327e-01,1.441081786349716620e-01,1.426221760016217199e-01,1.411974260331048669e-01,1.399991852296134653e-01,1.377172057387608950e-01,1.354291372686256545e-01,1.330996970969480497e-01,1.307204578468585676e-01,1.282893210761407998e-01
5.825757575757575246e-01,1.212052650553079869e-01,1.233734253208386422e-01,1.254715756387214110e-01,1.275031886841167805e-01,1.294770299140377556e-01,1.314100346433459410e-01,1.333537902849026013e-01,1.344977002364333707e-01,1.359273660950272022e-01,1.374207655185073207e-01,1.389353903744030283e-01,1.404577214924869477e-01,1.419812161481026069e-01,1.435015611218848353e-01,1.450152674020472321e-01,1.465192596829981986e-01,1.480108237779310665e-01,1.494876883877964691e-01,1.509481495071903490e-01,1.523911964721854917e-01,1.538166208432538151e-01,1.552250997731561277e-01,1.566182505108757173e-01,1.579986549207526292e-01,1.593698536527823617e-01,1.607363096129486579e-01,1.621033401433535914e-01,1.634770172674622768e-01,1.648640360073790057e-01,1.662715529146029381e-01,1.677070018941728136e-01,1.691779045904037437e-01,1.706917129276910583e-01,1.722557624757493633e-01,1.738775025603526425e-01,1.755653709129165185e-01,1.773312097709303370e-01,1.791967732964609983e-01,1.812135705167005895e-01,1.835480894688704678e-01,1.878073418918850268e-01,1.883618210233755919e-01,1.887458644245353923e-01,1.889409453267290318e-01,1.889312889982668331e-01,1.887066437243459516e-01,1.882629782410098485e-01,1.876029232349417097e-01,1.867358903715224394e-01,1.856778275456067440e-01,1.844506170620591468e-01,1.830811640301847620e-01,1.816002517130169414e-01,1.800412569146624953e-01,1.784388214369735381e-01,1.768275668831951197e-01,1.752409228698143251e-01,1.737101170111447213e-01,1.722633527426225275e-01,1.709251812736643228e-01,1.697160587401496668e-01,1.686520698532803786e-01,1.677447949423222784e-01,1.670012974978348497e-01,1.664242129639549594e-01,1.660119252497513354e-01,1.657588238591070073e-01,1.656556403846130843e-01,1.656898672263178995e-01,1.658462628404326622e-01,1.661074459488910693e-01,1.664545757140041549e-01,1.668681062210457811e-01,1.673285927057135136e-01,1.678175155238864624e-01,1.683180782486318472e-01,1.688159313168135500e-01,1.692997754359576723e-01,1.697618131029740851e-01,1.701980480035129584e-01,1.706084966079558785e-01,1.709975319289805118e-01,1.713750968574589695e-01,1.717622852252104759e-01,1.722550830869842009e-01,1.700859938908804436e-01,1.691592444622267710e-01,1.684651297970730932e-01,1.678819429019577925e-01,1.673663257843725771e-01,1.668955821745795043e-01,1.664543450843312677e-01,1.660302115248185606e-01,1.656121046355016890e-01,1.651896554112801674e-01,1.647530086639784341e-01,1.642928114632236092e-01,1.638002760372261057e-01,1.632672663158346027e-01,1.626863839172660864e-01,1.620510423931463551e-01,1.613555249912318745e-01,1.605950242864908895e-01,1.597656633698062989e-01,1.588644987379419782e-01,1.578895051242899250e-01,1.568395426257100655e-01,1.557143069694281456e-01,1.545142650664109996e-01,1.532405808100847644e-01,1.518950416999011732e-01,1.504800080551538799e-01,1.489984299532008671e-01,1.474540306603374651e-01,1.458518966469692368e-01,1.442001645848133840e-01,1.425153869886962854e-01,1.408471477031591479e-01,1.394740856693882369e-01,1.371223925692615364e-01,1.347469464209236079e-01,1.323177804228211352e-01,1.298306276848679719e-01,1.272874996979208306e-01,1.246944630419889039e-01
5.863636363636363091e-01,1.226453753498880639e-01,1.251686967769636283e-01,1.276266562764487300e-01,1.300100198544724972e-01,1.323140816599006619e-01,1.345392948598524985e-01,1.366930187806179309e-01,1.388098604580896012e-01,1.399267686154652413e-01,1.415071167764889726e-01,1.431344204840045709e-01,1.447718722786515422e-01,1.464089113780049634e-01,1.480416262298010210e-01,1.496681079323830543e-01,1.512869884879048110e-01,1.528969915292851534e-01,1.544968722568048070e-01,1.560855146338292476e-01,1.576620831865478412e-01,1.592261786079615937e-01,1.607779703750693290e-01,1.623182918352597537e-01,1.638486898126771674e-01,1.653714244410754708e-01,1.668894170886085215e-01,1.684061458627937879e-01,1.699254901132015716e-01,1.714515285570286929e-01,1.729883015331160623e-01,1.745395587738522991e-01,1.761085343576472839e-01,1.776978293688812049e-01,1.793095618375348532e-01,1.809461199923272645e-01,1.826123035318925614e-01,1.843209971764717958e-01,1.861098039833028739e-01,1.881072038806371194e-01,1.914041884747074984e-01,1.924427802398896437e-01,1.924015342851325694e-01,1.921304822867503648e-01,1.916243412171633465e-01,1.908828941183392525e-01,1.899120802958825793e-01,1.887241316726590012e-01,1.873372667785244972e-01,1.857750457160483315e-01,1.840654597535455461e-01,1.822398381927517463e-01,1.803316621707302669e-01,1.783753729151767442e-01,1.764052507271922365e-01,1.744544231447324456e-01,1.725540397127507120e-01,1.707326298128703235e-01,1.690156416526148453e-01,1.674251463871572199e-01,1.659796820917024407e-01,1.646942077881630717e-01,1.635801373070129572e-01,1.626454255293602325e-01,1.618946845495528863e-01,1.613293136485457469e-01,1.609476339318743066e-01,1.607450254557725722e-01,1.607140711292620872e-01,1.608447171729053549e-01,1.611244639739691786e-01,1.615386033288573331e-01,1.620705178472871266e-01,1.627020553390869095e-01,1.634139851558540080e-01,1.641865349228130433e-01,1.649999955934400020e-01,1.658353716390625343e-01,1.666750434658480495e-01,1.675034035410582212e-01,1.683074298516304690e-01,1.690771761405911455e-01,1.698062019114937593e-01,1.704920845731993650e-01,1.711375785557174567e-01,1.717554118145426245e-01,1.718967053723121363e-01,1.703503209227299753e-01,1.696711693451743996e-01,1.691413030754447544e-01,1.686688708070322729e-01,1.682207390116086942e-01,1.677800347975269279e-01,1.673355773030145988e-01,1.668783031902359437e-01,1.663999248216191384e-01,1.658924569738534638e-01,1.653481172983775616e-01,1.647593906617954573e-01,1.641191585745662984e-01,1.634208441516565302e-01,1.626585469908350678e-01,1.618271547238470109e-01,1.609224246050796336e-01,1.599410321053778006e-01,1.588805855366453579e-01,1.577396071271243705e-01,1.565174823266941295e-01,1.552143810083402575e-01,1.538311573061305337e-01,1.523692401040488975e-01,1.508305356094349903e-01,1.492173814864069525e-01,1.475326307039400431e-01,1.457800401619046837e-01,1.439654357223628667e-01,1.421003139918994018e-01,1.402169958072616018e-01,1.386502232327232742e-01,1.362367807546164544e-01,1.337725899271881846e-01,1.312429115027350657e-01,1.286512329796510312e-01,1.260061251827222784e-01,1.233199164619492583e-01,1.206080751298714560e-01
5.901515151515150936e-01,1.230573733095981503e-01,1.258429297428042548e-01,1.286056243830207002e-01,1.313258193507348959e-01,1.339866325607759201e-01,1.365746536858007953e-01,1.390804688097904696e-01,1.414988136337631541e-01,1.434764702999747066e-01,1.450037599574742486e-01,1.467951084172257337e-01,1.486152765483043092e-01,1.504325439970902456e-01,1.522387955324450981e-01,1.540324210655631965e-01,1.558138203473877770e-01,1.575838466672371818e-01,1.593432503300458991e-01,1.610925357781802236e-01,1.628320013685408685e-01,1.645618514341557481e-01,1.662823203968329389e-01,1.679937733718798176e-01,1.696967616508254229e-01,1.713920203252152497e-01,1.730804017657453231e-01,1.747627443057729046e-01,1.764396816510370725e-01,1.781114067905465448e-01,1.797774167399212586e-01,1.814362851470469329e-01,1.830855463456615706e-01,1.847218446083886134e-01,1.863416526533351880e-01,1.879432339721665846e-01,1.895316139307235415e-01,1.911323960142777556e-01,1.928424777913426702e-01,1.952665936587661133e-01,1.967741879362462365e-01,1.963933693271874836e-01,1.957598369661285309e-01,1.948785877626964536e-01,1.937588179715714343e-01,1.924151717877761736e-01,1.908675427737321351e-01,1.891404249681138683e-01,1.872620125991476814e-01,1.852631559410391204e-01,1.831762637035761754e-01,1.810342319585727111e-01,1.788694655397599365e-01,1.767130399365010873e-01,1.745940321434564235e-01,1.725390301967282825e-01,1.705718151669413374e-01,1.687131973370227522e-01,1.669809805208892217e-01,1.653900247069130802e-01,1.639523767691985212e-01,1.626774410408306781e-01,1.615721652522543184e-01,1.606412219899552574e-01,1.598871708838860983e-01,1.593105918243091501e-01,1.589101844307855560e-01,1.586828336478333934e-01,1.586236456803383210e-01,1.587259624693690696e-01,1.589813664666981374e-01,1.593796904385365587e-01,1.599090491643748446e-01,1.605559108534436730e-01,1.613052254826809750e-01,1.621406246891754777e-01,1.630447030803538755e-01,1.639993838816695138e-01,1.649863631735422331e-01,1.659876175979816681e-01,1.669859520892713334e-01,1.679655596830054720e-01,1.689125696482072780e-01,1.698155842877237809e-01,1.706662859287203515e-01,1.714605125178707001e-01,1.722022159799782015e-01,1.719124652248752161e-01,1.709197613818939365e-01,1.703905211278484710e-01,1.699403798405347554e-01,1.695001992025726434e-01,1.690448658808494931e-01,1.685622005039798532e-01,1.680446001929427891e-01,1.674860812617234573e-01,1.668811397515704009e-01,1.662243544039111454e-01,1.655103244489736503e-01,1.647337599288713761e-01,1.638896328742014408e-01,1.629733395418759834e-01,1.619808455918121948e-01,1.609087983578270098e-01,1.597545979268504834e-01,1.585164238829853967e-01,1.571932186109674667e-01,1.557846318715260248e-01,1.542909356964092538e-01,1.527129243273370185e-01,1.510518222511418596e-01,1.493092371984501843e-01,1.474872218456368123e-01,1.455885715389197699e-01,1.436176730947200664e-01,1.415829425170601064e-01,1.395060639496228383e-01,1.375202747863090158e-01,1.352575370532252130e-01,1.327116234702711561e-01,1.300959827832685323e-01,1.274242582027150794e-01,1.247126198269532249e-01,1.219798533548182851e-01,1.192468644951231171e-01,1.165359936513465366e-01
5.939393939393938782e-01,1.227548559478717216e-01,1.256008929531364504e-01,1.284911255767729188e-01,1.314021082525845263e-01,1.343105682653158717e-01,1.371942321636448470e-01,1.400325281263744004e-01,1.428068282829559055e-01,1.454984000507112685e-01,1.474883947211821089e-01,1.493684183384307029e-01,1.514210537185179950e-01,1.534889473049645126e-01,1.555440373034707724e-01,1.575792475025898642e-01,1.595939860886804174e-01,1.615898985529828635e-01,1.635692129363093550e-01,1.655340227727250535e-01,1.674859855719378066e-01,1.694262213877407164e-01,1.713553019794612220e-01,1.732732664199929107e-01,1.751796230372940355e-01,1.770733132499069662e-01,1.789526251968822090e-01,1.808150565707839774e-01,1.826571385777169543e-01,1.844742485334778248e-01,1.862604604516301388e-01,1.880085172576423103e-01,1.897100690460301609e-01,1.913564458436232130e-01,1.929405301682580176e-01,1.944611459816485977e-01,1.959344436473154649e-01,1.974323123168508776e-01,1.993385841889168120e-01,2.010949212740200664e-01,2.004980282397623159e-01,1.996444175418640721e-01,1.985472187299561209e-01,1.972229290077447128e-01,1.956924205329521049e-01,1.939804166672053354e-01,1.921146306030618311e-01,1.901247782153658861e-01,1.880415672788494641e-01,1.858957369133795723e-01,1.837172030070095552e-01,1.815343476048172366e-01,1.793734726027902959e-01,1.772584219769423319e-01,1.752103635195708387e-01,1.732477113828611859e-01,1.713861647683135037e-01,1.696388354907021057e-01,1.680164372355781310e-01,1.665275113544284480e-01,1.651786672623775931e-01,1.639748192960313045e-01,1.629194057866802936e-01,1.620145798015603100e-01,1.612613643428505161e-01,1.606597677252456779e-01,1.602088574150082323e-01,1.599067928932505767e-01,1.597508202117835785e-01,1.597372329443655370e-01,1.598613062746347679e-01,1.601172130295246132e-01,1.604979325195879380e-01,1.609951649567636645e-01,1.615992657657838449e-01,1.622992149827622299e-01,1.630826367822382772e-01,1.639358826291541227e-01,1.648441883375302841e-01,1.657919103567376262e-01,1.667628401683851902e-01,1.677405885543725717e-01,1.687090253017111963e-01,1.696527578512865286e-01,1.705576421709614210e-01,1.714113663287391842e-01,1.722043589929894147e-01,1.729328223061042669e-01,1.723278486439608070e-01,1.715672139877121305e-01,1.710700135407010325e-01,1.705970329871009383e-01,1.700957457707057141e-01,1.695468259422688861e-01,1.689414657600442071e-01,1.682747760573562179e-01,1.675433092219715536e-01,1.667440467192053410e-01,1.658740165446674353e-01,1.649302101858212688e-01,1.639096432566837513e-01,1.628094762999174605e-01,1.616271474368342898e-01,1.603604883940102643e-01,1.590078082427765493e-01,1.575679385237316044e-01,1.560402410465953349e-01,1.544245865637097759e-01,1.527213194460536883e-01,1.509312312757923047e-01,1.490555765449306513e-01,1.470961808881540434e-01,1.450557307349228386e-01,1.429384451316567939e-01,1.407517514155674498e-01,1.385118539009316252e-01,1.362850760169455333e-01,1.340209514264121549e-01,1.314281658453479162e-01,1.287737222447259411e-01,1.260821381154637599e-01,1.233765051254840511e-01,1.206806730556153756e-01,1.180190586911709638e-01,1.154160169861154356e-01,1.128951209847027931e-01
5.977272727272726627e-01,1.229460296417978354e-01,1.256005990136244421e-01,1.283695770097718625e-01,1.312331529087300275e-01,1.341694884561410450e-01,1.371552862125033079e-01,1.401664043586600128e-01,1.431783426646812685e-01,1.461660001465089342e-01,1.490986477789528752e-01,1.511574379337455587e-01,1.533711878045312949e-01,1.557132844565357332e-01,1.580684557292453551e-01,1.604102469193659786e-01,1.627305191610281809e-01,1.650275504732169884e-01,1.673021604464315082e-01,1.695560025216464317e-01,1.717906774777945011e-01,1.740072319504224752e-01,1.762058590085282539e-01,1.783857061328469051e-01,1.805447348279277109e-01,1.826795988388438818e-01,1.847855256279142266e-01,1.868562027554230842e-01,1.888836895258186876e-01,1.908583972549403873e-01,1.927692133836501898e-01,1.946038961133211842e-01,1.963499656386681336e-01,1.979965494966415274e-01,1.995382894184181966e-01,2.009846775283407883e-01,2.023889171881248228e-01,2.040063939724929276e-01,2.060130008526191436e-01,2.053633707474229186e-01,2.044691401125017238e-01,2.033473125699918616e-01,2.020184282437250678e-01,2.005064141026999258e-01,1.988377009251491856e-01,1.970402593654921874e-01,1.951426550477533273e-01,1.931731792135181758e-01,1.911590958318141742e-01,1.891260317063874485e-01,1.870975218339304691e-01,1.850947093633935614e-01,1.831361890962872607e-01,1.812379761113354915e-01,1.794135768265759101e-01,1.776741382721074014e-01,1.760286519618202705e-01,1.744841908662706220e-01,1.730461609842413873e-01,1.717185523669861602e-01,1.705041777783639911e-01,1.694048902181152505e-01,1.684217731533261264e-01,1.675552994450599797e-01,1.668054566419505391e-01,1.661718376030330568e-01,1.656536963984216182e-01,1.652499702210420696e-01,1.649592687308508998e-01,1.647798329447309196e-01,1.647094665682138637e-01,1.647454436072902373e-01,1.648843972396164814e-01,1.651221962652529018e-01,1.654538169487393406e-01,1.658732195969457313e-01,1.663732406137964082e-01,1.669455117912139186e-01,1.675804189445461445e-01,1.682671113770077276e-01,1.689935718080845806e-01,1.697467532130121082e-01,1.705127846541737713e-01,1.712772432869851813e-01,1.720254859283830151e-01,1.727430352408180492e-01,1.734160379016374542e-01,1.740319351686853977e-01,1.745815772253854758e-01,1.736084762827420913e-01,1.728498885397442009e-01,1.722360900279757134e-01,1.716082057894214030e-01,1.709254122964184164e-01,1.701722708228164405e-01,1.693421455753569282e-01,1.684319812736125577e-01,1.674402038680209148e-01,1.663657873042736490e-01,1.652078471974199048e-01,1.639654996666939646e-01,1.626378572432000680e-01,1.612240907596271811e-01,1.597235154692056847e-01,1.581356777969580851e-01,1.564604321968128264e-01,1.546980079869549052e-01,1.528490747850262121e-01,1.509148228484479548e-01,1.488970821121720078e-01,1.467985135304359368e-01,1.446229268194975381e-01,1.423758400106433786e-01,1.400656284505740201e-01,1.377067956366896107e-01,1.353388119680283275e-01,1.330487521965680875e-01,1.304719588976964439e-01,1.278556221796344206e-01,1.252341371144355675e-01,1.226352469357523123e-01,1.200852183123781586e-01,1.176091555555521112e-01,1.152305981571358773e-01,1.129710079357599400e-01,1.108493156976068095e-01
6.015151515151514472e-01,1.249053383818941598e-01,1.271169323299522758e-01,1.294961726159656323e-01,1.320319260354537727e-01,1.347100907228219180e-01,1.375137259492272279e-01,1.404232864234930545e-01,1.434169013228869527e-01,1.464704980067600970e-01,1.495569366338148909e-01,1.526369994311228828e-01,1.547490700638688432e-01,1.572407140386093138e-01,1.598490092319196643e-01,1.624853318522968548e-01,1.651230005107982290e-01,1.677506999555138933e-01,1.703631077134070415e-01,1.729575391359422787e-01,1.755322992327535969e-01,1.780856983582669029e-01,1.806153943461074329e-01,1.831179261625813515e-01,1.855883758401368488e-01,1.880201281109263600e-01,1.904047182294097973e-01,1.927317774266322503e-01,1.949891065074295660e-01,1.971629352306919492e-01,1.992384663668715361e-01,2.012008802702114074e-01,2.030371521685770397e-01,2.047395219793634313e-01,2.063130997516048060e-01,2.077974044109201779e-01,2.093670801371160795e-01,2.117288608775378111e-01,2.112381040969894541e-01,2.105276453383163604e-01,2.096112584985191374e-01,2.085094826067863949e-01,2.072458706502604275e-01,2.058455620664071672e-01,2.043342513939565841e-01,2.027373411298790673e-01,2.010792459313001657e-01,1.993828458337541243e-01,1.976690872363534857e-01,1.959567246998714096e-01,1.942621903773845971e-01,1.925995731935906952e-01,1.909806872631471530e-01,1.894152083962546140e-01,1.879108584950266725e-01,1.864736197105354709e-01,1.851079629332847976e-01,1.838170781278520294e-01,1.826030968928211151e-01,1.814673002274974356e-01,1.804103067034822927e-01,1.794322380279822216e-01,1.785328603532090885e-01,1.777117006719564629e-01,1.769681383015529741e-01,1.763014718643119705e-01,1.757109623915107388e-01,1.751958532778369049e-01,1.747553678584696235e-01,1.743886854318928981e-01,1.740948966639795925e-01,1.738729395333420691e-01,1.737215173579489402e-01,1.736390010114815807e-01,1.736233182122972896e-01,1.736718337429040970e-01,1.737812255972377151e-01,1.739473632810600856e-01,1.741651956860101602e-01,1.744286569518989360e-01,1.747305993177522554e-01,1.750627619164443483e-01,1.754157835924908537e-01,1.757792660164995135e-01,1.761418907586905502e-01,1.764915912334668602e-01,1.768157798219258392e-01,1.771016412078625646e-01,1.773365797938892263e-01,1.775098218232358804e-01,1.760303579560676401e-01,1.750381258185354505e-01,1.741204797933941228e-01,1.731670028022146979e-01,1.721454863236697719e-01,1.710434644195347464e-01,1.698559956546666083e-01,1.685815142519972443e-01,1.672200443944253379e-01,1.657723368880433257e-01,1.642394434523223312e-01,1.626225273116248260e-01,1.609228110960930214e-01,1.591416073874625248e-01,1.572804005272025185e-01,1.553409629076988319e-01,1.533254992162511043e-01,1.512368195391429471e-01,1.490785476984860802e-01,1.468553762666742202e-01,1.445733892907303253e-01,1.422405046862238454e-01,1.398672086434496753e-01,1.374683401850157749e-01,1.350715861715878763e-01,1.328070899141071404e-01,1.303529253557987044e-01,1.278939471071606770e-01,1.254719242666698098e-01,1.231156172494502210e-01,1.208501814029850352e-01,1.186981305273164811e-01,1.166792768350446013e-01,1.148105147203753867e-01,1.131056524734914553e-01,1.115753495091276054e-01
6.053030303030302317e-01,1.299840543297238193e-01,1.315545825210828745e-01,1.333154883721566208e-01,1.352653637999226832e-01,1.374002252443959349e-01,1.397133164307963749e-01,1.421949751622210711e-01,1.448325592831530839e-01,1.476103821844106379e-01,1.505094538330535303e-01,1.535060300508157005e-01,1.565569650585025840e-01,1.586226320483171970e-01,1.612531153127410577e-01,1.640153529835566004e-01,1.668397229221709466e-01,1.696989601686401672e-01,1.725777157857560640e-01,1.754655376845398185e-01,1.783541764916557193e-01,1.812361648700259453e-01,1.841039014861318712e-01,1.869489999237015920e-01,1.897618219103884007e-01,1.925311723745498915e-01,1.952441609801696398e-01,1.978862532397361595e-01,2.004415536357779526e-01,2.028933919406660236e-01,2.052253394657416741e-01,2.074229125529968576e-01,2.094765809371965104e-01,2.113878778189643426e-01,2.131853427768466980e-01,2.149895075461380756e-01,2.178981818202751219e-01,2.178318503361843517e-01,2.175854642005937978e-01,2.171552433148934425e-01,2.165568741525350505e-01,2.158099242556941189e-01,2.149354001273839909e-01,2.139545767220504824e-01,2.128882213019782643e-01,2.117560320176292421e-01,2.105762367697782689e-01,2.093653269350821688e-01,2.081379069264261417e-01,2.069066412781773723e-01,2.056822807970630773e-01,2.044737497010771787e-01,2.032882768464673862e-01,2.021315559823514407e-01,2.010079222187693138e-01,1.999205342911659355e-01,1.988715545436542664e-01,1.978623206883645680e-01,1.968935052419925891e-01,1.959652600558398627e-01,1.950773445414951957e-01,1.942292370742066676e-01,1.934202296676874044e-01,1.926495064011166103e-01,1.919162062866635043e-01,1.912194713361828335e-01,1.905584805583052377e-01,1.899324705263087110e-01,1.893407430345805109e-01,1.887826602352218608e-01,1.882576275428315127e-01,1.877650645398420137e-01,1.873043641311943619e-01,1.868748403087601706e-01,1.864756651135713317e-01,1.861057957442122657e-01,1.857638932614048000e-01,1.854482349787312523e-01,1.851566233869524070e-01,1.848862952914454572e-01,1.846338356792779911e-01,1.843951015775434910e-01,1.841651617008415454e-01,1.839382578952795666e-01,1.837077941997631303e-01,1.834663588673145773e-01,1.832057845930784856e-01,1.829172553092650033e-01,1.825914877401378922e-01,1.822191473583689714e-01,1.817940281984060102e-01,1.796067268387626925e-01,1.781288739260373233e-01,1.766892275885974251e-01,1.752093818791039814e-01,1.736649789654438336e-01,1.720472882342472531e-01,1.703540523163238063e-01,1.685861581726019187e-01,1.667461195578664457e-01,1.648372991817030897e-01,1.628635017835554644e-01,1.608287846986510006e-01,1.587374106193539802e-01,1.565938998319425790e-01,1.544031546251645459e-01,1.521706366072377026e-01,1.499025821150071769e-01,1.476062439781434255e-01,1.452901528908973061e-01,1.429644074344283977e-01,1.406410608325794898e-01,1.383349387411706155e-01,1.360671202362278842e-01,1.339518214497878446e-01,1.317790419442343708e-01,1.296427650150322741e-01,1.275889917562467724e-01,1.256429040015224485e-01,1.238246595429027819e-01,1.221509974659312492e-01,1.206355270495955284e-01,1.192887977354965545e-01,1.181183764634388400e-01,1.171289873592694097e-01,1.163227190983814469e-01
6.090909090909091272e-01,1.390387986118988561e-01,1.398835526971454468e-01,1.409069134234063048e-01,1.421144393268134742e-01,1.435102333368295235e-01,1.450966691201281134e-01,1.468741239577180391e-01,1.488407245625809616e-01,1.509921018377669566e-01,1.533211153455685538e-01,1.558173691162491048e-01,1.584655081209662697e-01,1.611501295601186490e-01,1.630484675868336675e-01,1.655679826685902967e-01,1.682486769069533317e-01,1.710377253233518191e-01,1.739097685143087269e-01,1.768475477581086253e-01,1.798369319398860633e-01,1.828649343463460697e-01,1.859186578108265875e-01,1.889846296454836538e-01,1.920483681407395282e-01,1.950941437619188035e-01,1.981049449575379984e-01,2.010626823203850999e-01,2.039486866625548622e-01,2.067445951124115833e-01,2.094338128031082713e-01,2.120039978650484214e-01,2.144518470404759014e-01,2.167947315103563588e-01,2.191127683662972558e-01,2.220140810119685393e-01,2.234281320083535138e-01,2.239585421236717500e-01,2.243302015919707848e-01,2.245476591603695060e-01,2.246221806305377100e-01,2.245673503004418370e-01,2.243975821763752043e-01,2.241273273115577114e-01,2.237705638769336702e-01,2.233404505240787208e-01,2.228490958176690406e-01,2.223074181562739726e-01,2.217250779888056966e-01,2.211104671847230752e-01,2.204707422318922250e-01,2.198118895122235239e-01,2.191388125112228025e-01,2.184554324659308544e-01,2.177647955803424795e-01,2.170691814632695893e-01,2.163702088129674517e-01,2.156689355510229833e-01,2.149659515827232192e-01,2.142614631362592392e-01,2.135553682246855156e-01,2.128473232043074925e-01,2.121368006964337305e-01,2.114231393206612852e-01,2.107055857808518007e-01,2.099833298699647077e-01,2.092555329353784077e-01,2.085213502872011182e-01,2.077799479514519376e-01,2.070305140790736076e-01,2.062722652303386472e-01,2.055044476716533508e-01,2.047263337569199815e-01,2.039372134274853032e-01,2.031363808623412592e-01,2.023231163526138243e-01,2.014966635697194031e-01,2.006562025516344105e-01,1.998008189502740173e-01,1.989294703643795514e-01,1.980409509204483776e-01,1.971338556471850523e-01,1.962065466022499260e-01,1.952571231487626735e-01,1.942833992796745846e-01,1.932828916243009842e-01,1.922528233431557709e-01,1.911901535906113947e-01,1.900916576215627152e-01,1.889541486741473653e-01,1.877753615989864178e-01,1.860657449160172672e-01,1.834780170816978084e-01,1.813117069238503465e-01,1.791780557123905659e-01,1.770231371596252268e-01,1.748318381848195102e-01,1.726015509273486626e-01,1.703351192652965695e-01,1.680380927535859159e-01,1.657174061535989784e-01,1.633806713093223784e-01,1.610357928585845755e-01,1.586907843611262969e-01,1.563537204550815851e-01,1.540327833743543040e-01,1.517363714054002222e-01,1.494732414004232846e-01,1.472526618447348168e-01,1.450845621356569581e-01,1.429796905922613159e-01,1.409498967200032704e-01,1.390092750169073521e-01,1.371995321110374144e-01,1.355157025703215001e-01,1.338854011258222843e-01,1.323758548257866763e-01,1.310041231382220173e-01,1.297821215932648542e-01,1.287186105991070528e-01,1.278196950015282052e-01,1.270890588047869918e-01,1.265281613978118114e-01,1.261364486975745103e-01,1.259115873010908659e-01,1.258497155889135855e-01
6.128787878787878007e-01,1.514417473901237821e-01,1.516529630069401724e-01,1.520047769416957850e-01,1.525050934678368608e-01,1.531613769172010253e-01,1.539804777831301763e-01,1.549684437260775427e-01,1.561303180949613623e-01,1.574699277722871049e-01,1.589896575635962872e-01,1.606901900352018520e-01,1.625701049947439192e-01,1.646246000471881799e-01,1.664082405901367578e-01,1.681773819424210170e-01,1.702802494396805644e-01,1.725642986586639616e-01,1.749941344525181575e-01,1.775509782040092799e-01,1.802207811873210996e-01,1.829908504445677819e-01,1.858484654698653316e-01,1.887801732649694308e-01,1.917714066678061768e-01,1.948063280354155324e-01,1.978678895062448706e-01,2.009381434575229497e-01,2.039988751508207965e-01,2.070327008314362116e-01,2.100249595939797653e-01,2.129672935183166138e-01,2.158659166368555871e-01,2.187685500181659748e-01,2.219542957251021131e-01,2.247082038756282041e-01,2.261960180555003808e-01,2.275765768837193781e-01,2.288353006034960502e-01,2.299698147866468534e-01,2.309817930428357535e-01,2.318749155079274926e-01,2.326539982152288910e-01,2.333244984025600599e-01,2.338921852205669560e-01,2.343629031040349586e-01,2.347423970939089000e-01,2.350361843750262414e-01,2.352494622582534667e-01,2.353870454900163500e-01,2.354533271548006068e-01,2.354522583276228709e-01,2.353873423366708018e-01,2.352616401227432541e-01,2.350777837643825141e-01,2.348379957786095595e-01,2.345441123003862982e-01,2.341976086829486159e-01,2.337996264419216486e-01,2.333510007880481296e-01,2.328522882590568222e-01,2.323037941746591006e-01,2.317055998055204125e-01,2.310575892727997072e-01,2.303594762852938793e-01,2.296108308808056109e-01,2.288111063718371030e-01,2.279596667057222636e-01,2.270558144387579413e-01,2.260988194943666096e-01,2.250879488280076168e-01,2.240224970574750674e-01,2.229018180373010805e-01,2.217253572614593105e-01,2.204926848713371079e-01,2.192035289291799638e-01,2.178578084951680871e-01,2.164556659256898496e-01,2.149974976998675069e-01,2.134839829932711763e-01,2.119161091684071130e-01,2.102951933641770410e-01,2.086228994766409217e-01,2.069012500913718355e-01,2.051326334708137022e-01,2.033198067759861005e-01,2.014658989474761019e-01,1.995744218574467266e-01,1.976493121519547480e-01,1.956950706732427381e-01,1.937172559793571835e-01,1.917249568500754286e-01,1.888671702519664208e-01,1.858026612281837298e-01,1.829997602494222164e-01,1.802623780060866043e-01,1.775562461991983254e-01,1.748754603913729722e-01,1.722238354359924839e-01,1.696093240440225691e-01,1.670416882015032523e-01,1.645313182970322141e-01,1.620885695253284631e-01,1.597233814527038165e-01,1.574450755354098175e-01,1.552622723860978271e-01,1.531828892935097053e-01,1.512141873215252230e-01,1.493628438649335921e-01,1.476350361298158220e-01,1.460365463080652570e-01,1.445730203722739304e-01,1.432522272255864204e-01,1.421138798191334540e-01,1.410812423610251221e-01,1.401894018489408256e-01,1.394450899976589220e-01,1.388511837878790289e-01,1.384085422665849163e-01,1.381164818642040271e-01,1.379730078825599504e-01,1.379749868819934722e-01,1.381183050228718956e-01,1.383980234400254139e-01,1.388085313839876322e-01,1.393436945807061400e-01
6.166666666666666963e-01,1.637952067245344034e-01,1.636523485319824056e-01,1.636052180138725665e-01,1.636607450963342147e-01,1.638258862899446555e-01,1.641075575070057302e-01,1.645125569721506975e-01,1.650474789165760070e-01,1.657186196000140221e-01,1.665318787441677773e-01,1.674926626120770146e-01,1.686058023622399038e-01,1.698755206309706944e-01,1.713054979957355228e-01,1.724086806482484358e-01,1.737130021895579579e-01,1.752599368100840049e-01,1.769768172164407072e-01,1.788435269247874160e-01,1.808496272323313336e-01,1.829873594469462461e-01,1.852494614538610085e-01,1.876282499121796898e-01,1.901151842354552590e-01,1.927006958688621263e-01,1.953742349835406733e-01,1.981245626868520793e-01,2.009403883003706981e-01,2.038115896310835617e-01,2.067316356365903052e-01,2.097031522536823289e-01,2.127547928426126167e-01,2.160327998603818189e-01,2.194624060052667580e-01,2.215842922617448640e-01,2.237067830208690211e-01,2.257910103864336215e-01,2.278198401348358604e-01,2.297817136629508317e-01,2.316676353643291608e-01,2.334701905791535803e-01,2.351831304004992629e-01,2.368011621368376063e-01,2.383198257112783269e-01,2.397354084641304950e-01,2.410448771563486192e-01,2.422458170781508213e-01,2.433363734179521121e-01,2.443151927629439168e-01,2.451813641014543854e-01,2.459343595517126391e-01,2.465739755235059061e-01,2.471002752692733062e-01,2.475135338800449059e-01,2.478141867804621867e-01,2.480027827108327587e-01,2.480799420782235643e-01,2.480463214316263598e-01,2.479025846813375511e-01,2.476493815489613226e-01,2.472873336065445071e-01,2.468170281434293456e-01,2.462390199863481732e-01,2.455538412893750189e-01,2.447620192011982498e-01,2.438641012027451260e-01,2.428606877829494748e-01,2.417524719796500521e-01,2.405402851520462848e-01,2.392251481687686088e-01,2.378083269913450759e-01,2.362913914098113133e-01,2.346762754521107552e-01,2.329653377523986935e-01,2.311614199407134584e-01,2.292679009271487711e-01,2.272887448214812589e-01,2.252285401812963161e-01,2.230925283482743382e-01,2.208866188453740553e-01,2.186173902024982629e-01,2.162920751964053923e-01,2.139185303921057602e-01,2.115051911659124317e-01,2.090610153073818034e-01,2.065954213962525043e-01,2.041182338867341683e-01,2.016396593955961936e-01,1.991703519159052915e-01,1.967217344811627855e-01,1.943072443261069371e-01,1.919495238417370242e-01,1.885661467268917868e-01,1.854139056343512004e-01,1.825021689149879389e-01,1.797126612433924686e-01,1.770209526068912964e-01,1.744231601767721185e-01,1.719226308866895203e-01,1.695256170124118111e-01,1.672394127417096144e-01,1.650714029904959412e-01,1.630285305099782589e-01,1.611169891704595791e-01,1.593420550131469382e-01,1.577080069487493408e-01,1.562181060491671380e-01,1.548746094861148948e-01,1.536787944809391293e-01,1.526309424815287252e-01,1.517299540150252868e-01,1.509873139075342818e-01,1.503876832725329071e-01,1.499269691503666291e-01,1.496042453386108306e-01,1.494167613520510085e-01,1.493608776128830251e-01,1.494323125246426742e-01,1.496262754485191970e-01,1.499375664548660281e-01,1.503606624407697878e-01,1.508897954307761857e-01,1.515190247624653985e-01,1.522423034220020954e-01,1.530535382740920713e-01
6.204545454545454808e-01,1.681818025469390132e-01,1.680526337224199640e-01,1.679854571649952999e-01,1.679855900020325588e-01,1.680584215619354560e-01,1.682093849147656972e-01,1.684439260279033401e-01,1.687674715002879799e-01,1.691853967946652937e-01,1.697029989568229758e-01,1.703254826931739074e-01,1.710579817336422837e-01,1.719056796184349756e-01,1.728742811527956280e-01,1.739727849968142614e-01,1.747428013424091042e-01,1.757756263500771798e-01,1.769775116896711853e-01,1.783120478232530504e-01,1.797679409547465468e-01,1.813395399447701450e-01,1.830229036175516077e-01,1.848145104114484183e-01,1.867107538894370033e-01,1.887077864589975229e-01,1.908016061699783772e-01,1.929884136199593869e-01,1.952653930341748667e-01,1.976323434173199445e-01,2.000954396049431649e-01,2.026780493618109968e-01,2.054696757556677966e-01,2.087621891469807200e-01,2.107243777804553575e-01,2.128064466699201851e-01,2.149400089979498496e-01,2.171016780370715604e-01,2.192758898630949860e-01,2.214496917640636775e-01,2.236112079299074906e-01,2.257490582224803422e-01,2.278521206678752464e-01,2.299094453893955892e-01,2.319102447117243337e-01,2.338439247457833048e-01,2.357001400818849179e-01,2.374688606075884001e-01,2.391404432132875346e-01,2.407057033014995129e-01,2.421559824360332569e-01,2.434832095345682845e-01,2.446799538896002602e-01,2.457394690674291615e-01,2.466557274036685066e-01,2.474234453870049477e-01,2.480381006919015474e-01,2.484959419766825106e-01,2.487939927996725142e-01,2.489300511216490652e-01,2.489026858619313165e-01,2.487112318672022315e-01,2.483557844503348766e-01,2.478371943780966757e-01,2.471570638512068097e-01,2.463177436488803718e-01,2.453223312249207255e-01,2.441746691656539181e-01,2.428793430738556414e-01,2.414416776482915528e-01,2.398677295054422731e-01,2.381642751559810978e-01,2.363387925180397420e-01,2.343994344325304735e-01,2.323549928479367033e-01,2.302148526620820534e-01,2.279889346385774729e-01,2.256876273417745549e-01,2.233217086354357672e-01,2.209022579430663935e-01,2.184405611471916808e-01,2.159480106921605191e-01,2.134360041471732583e-01,2.109158452128278016e-01,2.083986520114215757e-01,2.058952787203676416e-01,2.034162587229823849e-01,2.009717817260311679e-01,1.985717269704879717e-01,1.962257990763185689e-01,1.939438837876529542e-01,1.917369924247694368e-01,1.896204307515124698e-01,1.876359486376574792e-01,1.844783091594864310e-01,1.818539441025648629e-01,1.794492874995293474e-01,1.771820401408284729e-01,1.750292375598068717e-01,1.729834599641519310e-01,1.710432387141110899e-01,1.692097260133574865e-01,1.674852208387636876e-01,1.658724087606321951e-01,1.643739306762286301e-01,1.629921255230866450e-01,1.617288748228783435e-01,1.605855096488389699e-01,1.595627512200123721e-01,1.586606409785666638e-01,1.578782284732421215e-01,1.572046234416197008e-01,1.566588446538537127e-01,1.562313090123776393e-01,1.559176363023030698e-01,1.557145272574402273e-01,1.556185800856891566e-01,1.556261415373491885e-01,1.557332887638542551e-01,1.559358446905130813e-01,1.562294045292336730e-01,1.566093663093708899e-01,1.570709626764875966e-01,1.576092927323515525e-01,1.582193532762140031e-01,1.588960690349918992e-01
6.242424242424242653e-01,1.571125198754761421e-01,1.572926011951789604e-01,1.575152112293401740e-01,1.577841291095567755e-01,1.581032069892322200e-01,1.584763524389086742e-01,1.589075107001262921e-01,1.594006475375797649e-01,1.599597341467911549e-01,1.605887371101340222e-01,1.612916198491013975e-01,1.620723705457133568e-01,1.629350957802799538e-01,1.638843053344870848e-01,1.649259618568605645e-01,1.660769638315010843e-01,1.668992872953467821e-01,1.679957719661517579e-01,1.692096778869503493e-01,1.705205736932084992e-01,1.719209123898682301e-01,1.734064784413597016e-01,1.749741517750997843e-01,1.766211989207805699e-01,1.783451167375069424e-01,1.801438248352303373e-01,1.820162562078063984e-01,1.839636462504332104e-01,1.859924453453994098e-01,1.881221809093356345e-01,1.904161065204307557e-01,1.935466126259360320e-01,1.949622420874373152e-01,1.966229758875031042e-01,1.983535225575385474e-01,2.001243005286405807e-01,2.019189302340986258e-01,2.037251849770221890e-01,2.055325569498613336e-01,2.073313383141247024e-01,2.091122103997198611e-01,2.108660453623655007e-01,2.125838115970950792e-01,2.142565364555774066e-01,2.158753040728227102e-01,2.174312766725388091e-01,2.189157326948591997e-01,2.203201175521981581e-01,2.216361040624331424e-01,2.228556602254437857e-01,2.239711222921522416e-01,2.249752711800823424e-01,2.258614103048479371e-01,2.266234428776203180e-01,2.272559466997555455e-01,2.277542444915826858e-01,2.281144678390453207e-01,2.283336129398186864e-01,2.284095864851910518e-01,2.283412402262561536e-01,2.281283930399572724e-01,2.277718396254125865e-01,2.272733453140629023e-01,2.266356268561501852e-01,2.258623194366956022e-01,2.249579305614297087e-01,2.239277818216973970e-01,2.227779398826726931e-01,2.215151383282556175e-01,2.201466922279941563e-01,2.186804074583913182e-01,2.171244869083282514e-01,2.154874357250513850e-01,2.137779677156632363e-01,2.120049149154971946e-01,2.101771421784879301e-01,2.083034684485520760e-01,2.063925961506578033e-01,2.044530499152417136e-01,2.024931256436144356e-01,2.005208507658494399e-01,1.985439564795241363e-01,1.965698628541454052e-01,1.946056780552348764e-01,1.926582137944680417e-01,1.907340208719535135e-01,1.888394522674253784e-01,1.869807688503700160e-01,1.851643201660366778e-01,1.833968770796556014e-01,1.816863252584048627e-01,1.800434275607716295e-01,1.784882088798267763e-01,1.771407018135527645e-01,1.742317111568532084e-01,1.721500612755026138e-01,1.702365463313340599e-01,1.684292548650239418e-01,1.667079479068781789e-01,1.650650050212114639e-01,1.634980037249298690e-01,1.620069494763678175e-01,1.605929990022980924e-01,1.592577908306924972e-01,1.580030694446251105e-01,1.568304750660879376e-01,1.557414473704522573e-01,1.547372490290237212e-01,1.538193003569825190e-01,1.529808613980548071e-01,1.522026197113276191e-01,1.515221028392066405e-01,1.509277306473931213e-01,1.504162982573807317e-01,1.499854621985758085e-01,1.496330106081658617e-01,1.493566756582148380e-01,1.491540728276203320e-01,1.490226817209857890e-01,1.489598429295894977e-01,1.489627615535922267e-01,1.490285135078868450e-01,1.491540529371150059e-01,1.493362200495921555e-01,1.495717491494084617e-01
6.280303030303030498e-01,1.356560759536026561e-01,1.362561154516659656e-01,1.368905525149571589e-01,1.375613162082890140e-01,1.382705557406244679e-01,1.390206414666541879e-01,1.398141599154124337e-01,1.406539027046412038e-01,1.415428498239805488e-01,1.424841489095546310e-01,1.434810943777347914e-01,1.445371151911064855e-01,1.456557922638089253e-01,1.468409629106038616e-01,1.480971100621329972e-01,1.494310938785984033e-01,1.507356583253461890e-01,1.519515716559863283e-01,1.533284844862806418e-01,1.547940962117512753e-01,1.563342028655042293e-01,1.579417442101385960e-01,1.596114975830310312e-01,1.613387664216613115e-01,1.631191440175424057e-01,1.649488780931879783e-01,1.668259454587930624e-01,1.687525235912540333e-01,1.707412987490784517e-01,1.728371419568522083e-01,1.752847759897604440e-01,1.771868594069962721e-01,1.785260973523964401e-01,1.798946739882482382e-01,1.812519826409723089e-01,1.825773482490051780e-01,1.838562284936550439e-01,1.850770850417882141e-01,1.862303452364064416e-01,1.873080019892023329e-01,1.883034522834901303e-01,1.892114312849528523e-01,1.900279812285080305e-01,1.907504260619239667e-01,1.913773371974750170e-01,1.919084831678168068e-01,1.923447603239947790e-01,1.926881044753944172e-01,1.929413852039073562e-01,1.931082857852222112e-01,1.931931723714293558e-01,1.932009564252526457e-01,1.931369544208899891e-01,1.930067486073748229e-01,1.928160522333009219e-01,1.925705821199277801e-01,1.922759409009408560e-01,1.919375106718485546e-01,1.915603592503946351e-01,1.911491597709889523e-01,1.907081239393647043e-01,1.902409489668842046e-01,1.897507779862119270e-01,1.892401736137888923e-01,1.887111042560790097e-01,1.881649427387424300e-01,1.876024768513877838e-01,1.870239314250963236e-01,1.864290015759738628e-01,1.858168967376018499e-01,1.851863950536368486e-01,1.845359075979582653e-01,1.838635517281299037e-01,1.831672326591315125e-01,1.824447320759809699e-01,1.816938023013901782e-01,1.809122642210327925e-01,1.800981068746076164e-01,1.792495863823062030e-01,1.783653217346829467e-01,1.774443849746007162e-01,1.764863834916767238e-01,1.754915325886673705e-01,1.744607172399375017e-01,1.733955431644752798e-01,1.722983792081351218e-01,1.711723960578927783e-01,1.700216116122945931e-01,1.688509636770629541e-01,1.676664535976297721e-01,1.664754634538275768e-01,1.652875323248958750e-01,1.641166200646220208e-01,1.629908529878361934e-01,1.612745320330278009e-01,1.591267557837928726e-01,1.573332724619571910e-01,1.556510584709659140e-01,1.540334686516770246e-01,1.524654967333426980e-01,1.509426698706120284e-01,1.494649264566101365e-01,1.480341792586173655e-01,1.466531673208000819e-01,1.453248827242243635e-01,1.440523312849386894e-01,1.428386126003518553e-01,1.416877694450002223e-01,1.406132513901314496e-01,1.395285722261104533e-01,1.385171575001938327e-01,1.375734721300353736e-01,1.366927744391743249e-01,1.358726223149306078e-01,1.351111229292821236e-01,1.344065377720560506e-01,1.337571638159782694e-01,1.331612987141407023e-01,1.326172362264757265e-01,1.321232726669818724e-01,1.316777164295388214e-01,1.312788970336162542e-01,1.309251720742658776e-01,1.306149314103271786e-01,1.303465984220803231e-01
6.318181818181818343e-01,1.200155121287202475e-01,1.210217279521439288e-01,1.220714932625341503e-01,1.231650507208525425e-01,1.243027631297793228e-01,1.254851446222752243e-01,1.267128876690678529e-01,1.279868826929018988e-01,1.293082269088886294e-01,1.306782193243870016e-01,1.320983399882184051e-01,1.335702143206738135e-01,1.350955695566082582e-01,1.366762057311750322e-01,1.383140501237950792e-01,1.400115560504148760e-01,1.417741409957258558e-01,1.434307367528849519e-01,1.451173293225119232e-01,1.468927168577144060e-01,1.487201353751603783e-01,1.505845752827660311e-01,1.524742629410406336e-01,1.543779649832382750e-01,1.562846766635295759e-01,1.581843993331721321e-01,1.600702245652520506e-01,1.619433474361133274e-01,1.638282346986997262e-01,1.658555899787755861e-01,1.679005587265698374e-01,1.688454709462873238e-01,1.697159312796579778e-01,1.704746009716719690e-01,1.711052165508994971e-01,1.715985655477641203e-01,1.719498217530380235e-01,1.721576462075841973e-01,1.722237321329553872e-01,1.721524653826262963e-01,1.719505985238663492e-01,1.716269080352980925e-01,1.711918315568075333e-01,1.706570936433608188e-01,1.700353328475006920e-01,1.693397435728430933e-01,1.685837446326793054e-01,1.677806837876513468e-01,1.669435843922411900e-01,1.660849371275200659e-01,1.652165369607725975e-01,1.643493631443546932e-01,1.634934983315165236e-01,1.626580817466521112e-01,1.618512907452175631e-01,1.610803449438396040e-01,1.603515272900863375e-01,1.596702168718214521e-01,1.590409288473598470e-01,1.584673575355505237e-01,1.579524193838197643e-01,1.574982931946354858e-01,1.571064556143966506e-01,1.567777104644315633e-01,1.565122110220336371e-01,1.563094748476822338e-01,1.561683912143629060e-01,1.560872216395872980e-01,1.560635944631321992e-01,1.560944948639209906e-01,1.561762521734170461e-01,1.563045268187826520e-01,1.564742997064312025e-01,1.566798673136614306e-01,1.569148461584851939e-01,1.571721906179491812e-01,1.574442282033770291e-01,1.577227163092890794e-01,1.579989240605318701e-01,1.582637421272003186e-01,1.585078222186208641e-01,1.587217464034126890e-01,1.588962244855950667e-01,1.590223155230539587e-01,1.590916674186040325e-01,1.590967666625237309e-01,1.590311892041091635e-01,1.588898437222716620e-01,1.586692013097302234e-01,1.583675129281596206e-01,1.579850333825267295e-01,1.575243149992343050e-01,1.569907718709452615e-01,1.563943018257465123e-01,1.557574435129818746e-01,1.540135333001146078e-01,1.523872061114358578e-01,1.509271537608826985e-01,1.494962485953101883e-01,1.480640777889252468e-01,1.466236489720139369e-01,1.451763792099669548e-01,1.437271919091018813e-01,1.422824449891011422e-01,1.408490083048607178e-01,1.394340764437585478e-01,1.380461170889787925e-01,1.367022937812880923e-01,1.353433349431831245e-01,1.339712380105495260e-01,1.326436931600221969e-01,1.313553438055929945e-01,1.301050401200415096e-01,1.288925282832875940e-01,1.277178347936088754e-01,1.265810998893879269e-01,1.254825305558065762e-01,1.244223888682646217e-01,1.234009882536479391e-01,1.224186881231805329e-01,1.214758841154662261e-01,1.205729940216025975e-01,1.197104406187854270e-01,1.188886329825148136e-01,1.181079477742840306e-01
6.356060606060606188e-01,1.197599786961540680e-01,1.211665297998281293e-01,1.226289961011619856e-01,1.241470575656022507e-01,1.257202946197736315e-01,1.273481729877178337e-01,1.290300231109114126e-01,1.307650118348127333e-01,1.325521035012759974e-01,1.343900072514078448e-01,1.362771075191079595e-01,1.382113759247736162e-01,1.401902661485007751e-01,1.422106014893128600e-01,1.442684856892613998e-01,1.463593334063954254e-01,1.484784176100186759e-01,1.506254161920553836e-01,1.526304458274593823e-01,1.546555570241551214e-01,1.566759743989039888e-01,1.586620829263090948e-01,1.605918515544743075e-01,1.624449690923548406e-01,1.642027762472305641e-01,1.658500023224409592e-01,1.673787603376148958e-01,1.687989336025133291e-01,1.701822160755423474e-01,1.719734526599772939e-01,1.723483004050944678e-01,1.725103935678909683e-01,1.724686449477036143e-01,1.722299165453460568e-01,1.718040531194008624e-01,1.712039200556824681e-01,1.704449546217081390e-01,1.695445845899877513e-01,1.685216082931617343e-01,1.673955859484089204e-01,1.661862765996987845e-01,1.649131443898517735e-01,1.635949484323176162e-01,1.622494221512105761e-01,1.608930409841458631e-01,1.595408720744437570e-01,1.582064960670244713e-01,1.569019892169727926e-01,1.556379534447504542e-01,1.544235823961569720e-01,1.532667526595196950e-01,1.521741307680060384e-01,1.511512882406438607e-01,1.502028185233161561e-01,1.493324511702788515e-01,1.485431598951025556e-01,1.478372621912222296e-01,1.472165090756932804e-01,1.466821641610945859e-01,1.462350717341404649e-01,1.458757138430578360e-01,1.456042565984032311e-01,1.454205860000573614e-01,1.453243336409148767e-01,1.453148926265180607e-01,1.453914240084139275e-01,1.455528539739965044e-01,1.457978619825553157e-01,1.461248600010650045e-01,1.465319629889922093e-01,1.470169508248994616e-01,1.475772219757018056e-01,1.482097393992386491e-01,1.489109694614413337e-01,1.496768150573609124e-01,1.505025446641555242e-01,1.513827197311502504e-01,1.523111236225787868e-01,1.532806962503003578e-01,1.542834795196534048e-01,1.553105796830335228e-01,1.563521535366179660e-01,1.573974259501603190e-01,1.584347462972220399e-01,1.594516907412594497e-01,1.604352158237489501e-01,1.613718662268485704e-01,1.622480358602854389e-01,1.630502765747753602e-01,1.637656429269941094e-01,1.643820544179728504e-01,1.648886471470990545e-01,1.652760676315482846e-01,1.655365939679851739e-01,1.656635711438108893e-01,1.656436194913812332e-01,1.642024383824500777e-01,1.632484948791408375e-01,1.623042579683793285e-01,1.612869672921645736e-01,1.601767454861278417e-01,1.589714821539967848e-01,1.576766186256704505e-01,1.563015077836823474e-01,1.548580651833768584e-01,1.533612869891239350e-01,1.518361511279388842e-01,1.503131763067729332e-01,1.485944693780577586e-01,1.468635247061451099e-01,1.451214738332634036e-01,1.433739078854125437e-01,1.416269241350284758e-01,1.398864985540436423e-01,1.381583002476631239e-01,1.364476223776923125e-01,1.347593531786384635e-01,1.330979636890982643e-01,1.314675044719559038e-01,1.298716089065789503e-01,1.283135023595180779e-01,1.267960168792491571e-01,1.253216108892789005e-01,1.238923930609946295e-01,1.225101493054970014e-01
6.393939393939394034e-01,1.336111524261449079e-01,1.358938790443301736e-01,1.382278151801740740e-01,1.406082746445943277e-01,1.430303248380852821e-01,1.454887412545348979e-01,1.479779468889319827e-01,1.504919347340406832e-01,1.530241719579713833e-01,1.555674852201672231e-01,1.581139282021873371e-01,1.606546352828763236e-01,1.631796702383255526e-01,1.656778877329916355e-01,1.681368430852999696e-01,1.705428290233530209e-01,1.728812623565600670e-01,1.751384146764008165e-01,1.773209784438158909e-01,1.791470767890398774e-01,1.809084918110541174e-01,1.825132700440849076e-01,1.839304641637348470e-01,1.851382427281786924e-01,1.861216422909229007e-01,1.868749393565437844e-01,1.874086292720543723e-01,1.877747934705549238e-01,1.884287080351609300e-01,1.882478850337698517e-01,1.873902791149967828e-01,1.862764960663519931e-01,1.849456020117324628e-01,1.834282455578353788e-01,1.817531055716198052e-01,1.799479263418522490e-01,1.780394959041085579e-01,1.760533813148856264e-01,1.740136494793700361e-01,1.719426481345669722e-01,1.698608678215003387e-01,1.677868834213372684e-01,1.657373641715637336e-01,1.637271374632561505e-01,1.617692913096518970e-01,1.598753016784769110e-01,1.580551730091097340e-01,1.563175826393261580e-01,1.546700222095669375e-01,1.531189312076292053e-01,1.516698195761431722e-01,1.503273777083021512e-01,1.490955732228467501e-01,1.479777346779499736e-01,1.469766229042005767e-01,1.460944909595017493e-01,1.453331338788184102e-01,1.446939294489437422e-01,1.441778712152588793e-01,1.437855948492086644e-01,1.435173988916063903e-01,1.433732607515854074e-01,1.433528486948110192e-01,1.434555304033999779e-01,1.436803785377512854e-01,1.440261735801414700e-01,1.444914040925350529e-01,1.450742643773803575e-01,1.457726493902587184e-01,1.465841466193934517e-01,1.475060245218424715e-01,1.485352169922049825e-01,1.496683032439183048e-01,1.509014824140209321e-01,1.522305421712332463e-01,1.536508206294499024e-01,1.551571609629917581e-01,1.567438583084872217e-01,1.584045988459224785e-01,1.601323914039032570e-01,1.619194925549123087e-01,1.637573269709980406e-01,1.656364057993861272e-01,1.675462469651547714e-01,1.694753025478023534e-01,1.714108995837646532e-01,1.733392016052137663e-01,1.752451985979851523e-01,1.771127323049444258e-01,1.789245609757953159e-01,1.806624608851675196e-01,1.823073466076659821e-01,1.838393543878255876e-01,1.852377220387752266e-01,1.864798672930982337e-01,1.875364150866827839e-01,1.880209049003569999e-01,1.875869512806024042e-01,1.875087231774338892e-01,1.873090101592662371e-01,1.869271807320111167e-01,1.863438819890589626e-01,1.855555678104757744e-01,1.845682423118089888e-01,1.833964553793847874e-01,1.820695527307157335e-01,1.807699421009189011e-01,1.789520905432696318e-01,1.770005536887307995e-01,1.749319646701129327e-01,1.727618457914664174e-01,1.705053644184131301e-01,1.681770623579735835e-01,1.657906751989257077e-01,1.633590336700608270e-01,1.608940270092710512e-01,1.584066117953546182e-01,1.559068527910290602e-01,1.534039848052518029e-01,1.509064866720541132e-01,1.484221602896365899e-01,1.459582093081030207e-01,1.435213135023588327e-01,1.411176961145300945e-01,1.387531824961586724e-01
6.431818181818181879e-01,1.461457105893112507e-01,1.501884717444119943e-01,1.543233413770745410e-01,1.585337295200797691e-01,1.628018259833192705e-01,1.671085301501492593e-01,1.714333601381764216e-01,1.757543440880743324e-01,1.800479003797302024e-01,1.842887187463674858e-01,1.884496605270709613e-01,1.925017034979700226e-01,1.964139645761464603e-01,2.001538420262883033e-01,2.036873283743221574e-01,2.069795607555172112e-01,2.099957184636938867e-01,2.127025603216092797e-01,2.150721528227735602e-01,2.169129867185550786e-01,2.182327454813936252e-01,2.192218073075912765e-01,2.198006217106740767e-01,2.199524689581903447e-01,2.196812539496350303e-01,2.190104411610170332e-01,2.179960891316835014e-01,2.168319944402087585e-01,2.156436842776923157e-01,2.132263104769653861e-01,2.104720955194564758e-01,2.074582674331940380e-01,2.042372881103412252e-01,2.008536596500999361e-01,1.973470780766925503e-01,1.937533412682905798e-01,1.901047239587030924e-01,1.864302301901187287e-01,1.827558350783042573e-01,1.791047402827546098e-01,1.754976398582135111e-01,1.719529856917581812e-01,1.684872416965705610e-01,1.651151184941322680e-01,1.618497834589701090e-01,1.587030438744666538e-01,1.556855032338685663e-01,1.528066923489976581e-01,1.500751779502158267e-01,1.474986519747650271e-01,1.450840048600114118e-01,1.428373859922148770e-01,1.407642541063681418e-01,1.388694199686108799e-01,1.371570831639977450e-01,1.356308643087189847e-01,1.342938335434446517e-01,1.331485357686064408e-01,1.321970127681977025e-01,1.314408221436610125e-01,1.308810528437302778e-01,1.305183370249578534e-01,1.303528580015397287e-01,1.303843541294334996e-01,1.306121186028412484e-01,1.310349953038772719e-01,1.316513710225670208e-01,1.324591645337003798e-01,1.334558131624840605e-01,1.346382575760113609e-01,1.360029255866855302e-01,1.375457157339988468e-01,1.392619813127233541e-01,1.411465153325617838e-01,1.431935366251349540e-01,1.453966769624804589e-01,1.477489686264907287e-01,1.502428313866860377e-01,1.528700573269150820e-01,1.556217914395898461e-01,1.584885054156949524e-01,1.614599616440711427e-01,1.645251641448268742e-01,1.676722930546822310e-01,1.708886194124247804e-01,1.741603974078481665e-01,1.774727319763562683e-01,1.808094205927140430e-01,1.841527691294783664e-01,1.874833821213279794e-01,1.907799262667150830e-01,1.940188587984639501e-01,1.971740892011497326e-01,2.002164710929142111e-01,2.031127749534490934e-01,2.058227110687616268e-01,2.082845193433275899e-01,2.096360065676063922e-01,2.109455943358157504e-01,2.121732488405553008e-01,2.131288190220941570e-01,2.137534044615739537e-01,2.140172963397112271e-01,2.139080017922844190e-01,2.134325906734255984e-01,2.126664909037985218e-01,2.114339481696846101e-01,2.096162717996057634e-01,2.074562498689614121e-01,2.049763534865114423e-01,2.022025485294912384e-01,1.991631694302428424e-01,1.958879327734211195e-01,1.924071253729746356e-01,1.887509660067320516e-01,1.849491293687274551e-01,1.810304123060522408e-01,1.770225172387546175e-01,1.729519260355477095e-01,1.688438388748202956e-01,1.647221558083264148e-01,1.606094829472148877e-01,1.565271496714303323e-01,1.524952275087038955e-01,1.485325450258826729e-01
6.469696969696969724e-01,1.461370358720409379e-01,1.516331004968953233e-01,1.573653378174141027e-01,1.633057738481487886e-01,1.694226865948208760e-01,1.756805278735358022e-01,1.820398682395243384e-01,1.884573752253591583e-01,1.948858413637787335e-01,2.012742855875748194e-01,2.075681585883923375e-01,2.137096881124994074e-01,2.196384020330583720e-01,2.252918630135638256e-01,2.306066358379540160e-01,2.355194827475995401e-01,2.399687323742613343e-01,2.438956484305533912e-01,2.472451610103365283e-01,2.499613007945882537e-01,2.515829141251242906e-01,2.527242847728569664e-01,2.532638199541269453e-01,2.531553907994092967e-01,2.524089893235783033e-01,2.510704040276341420e-01,2.492633698717319490e-01,2.474947439915240188e-01,2.442003023627430380e-01,2.403652932379957141e-01,2.361098824170289601e-01,2.315118785159802350e-01,2.266392170033612874e-01,2.215543955920675767e-01,2.163152953144049651e-01,2.109752233696123025e-01,2.055828256955443689e-01,2.001820528764674534e-01,1.948122243529348263e-01,1.895081865861315273e-01,1.843005434093211437e-01,1.792159330433939490e-01,1.742773287831772544e-01,1.695043455171149627e-01,1.649135399930135859e-01,1.605186979568274663e-01,1.563311054153048718e-01,1.523598041332011876e-01,1.486118331374571000e-01,1.450924586629477320e-01,1.418053948920870999e-01,1.387530172711282650e-01,1.359365693586293833e-01,1.333563632599728543e-01,1.310119728594200117e-01,1.289024183638169396e-01,1.270263401642941770e-01,1.253821597169841318e-01,1.239682250307780897e-01,1.227829384059508644e-01,1.218248642616838462e-01,1.210928151915882101e-01,1.205859147670190062e-01,1.203036360448414693e-01,1.202458152111481604e-01,1.204126402933973078e-01,1.208046153906853215e-01,1.214225013968312505e-01,1.222672347136817411e-01,1.233398259585873069e-01,1.246412411411701032e-01,1.261722681937434976e-01,1.279333720540805908e-01,1.299245416805634157e-01,1.321451323873466255e-01,1.345937066830409368e-01,1.372678763510760958e-01,1.401641478104680705e-01,1.432777718538141565e-01,1.466025977199303942e-01,1.501309302062287521e-01,1.538533872896896970e-01,1.577587546768882965e-01,1.618338330492125055e-01,1.660632737299947426e-01,1.704293992764075449e-01,1.749120072167851536e-01,1.794881577842745435e-01,1.841319497378880454e-01,1.888142914523138483e-01,1.935026758434567895e-01,1.981609642557397577e-01,2.027491693083562641e-01,2.072231820891037579e-01,2.115342581793704102e-01,2.156276268059004186e-01,2.194374500825257424e-01,2.228543842934929686e-01,2.249969509227719433e-01,2.272389295111724161e-01,2.291246275763611506e-01,2.305376854537683762e-01,2.314242426764595573e-01,2.317568738116455584e-01,2.315469609630204373e-01,2.308406724084123562e-01,2.292332764102461284e-01,2.270330766520672894e-01,2.242704423322891827e-01,2.209800558553720318e-01,2.172032563512905079e-01,2.129872132605438173e-01,2.083836019710456899e-01,2.034471967939152359e-01,1.982345283229375588e-01,1.928026760443400101e-01,1.872082288341037348e-01,1.815064212682371558e-01,1.757504374781609924e-01,1.699908649251937465e-01,1.642752765694218964e-01,1.586479199682239161e-01,1.531494943614038207e-01,1.478170004753229239e-01,1.426836516079221240e-01
6.507575757575757569e-01,1.393620735802599819e-01,1.450444619585206651e-01,1.511629955747154641e-01,1.576869074894978462e-01,1.645779798672183658e-01,1.717903702692119838e-01,1.792706047232948685e-01,1.869577674331669159e-01,1.947839158603770215e-01,2.026747460712644278e-01,2.105505253941437616e-01,2.183272962761015346e-01,2.259183357221662414e-01,2.332358281782560550e-01,2.401926753579843310e-01,2.467043206817073897e-01,2.526903925486461144e-01,2.580758020871997682e-01,2.627903496500180736e-01,2.667627831904045843e-01,2.698608987206844723e-01,2.715969579722371519e-01,2.730496415956786271e-01,2.737832216785973660e-01,2.737867577929459229e-01,2.731233199033366033e-01,2.724273977080630127e-01,2.700619910912221977e-01,2.668878046730924769e-01,2.630801961267918987e-01,2.587232567698145025e-01,2.538930138505287593e-01,2.486645569954683832e-01,2.431129101692374450e-01,2.373123840672959062e-01,2.313354572012211174e-01,2.252515592838700564e-01,2.191259357175417699e-01,2.130186898741889823e-01,2.069840523973073554e-01,2.010698942600468997e-01,1.953174774006607162e-01,1.897614215514103753e-01,1.844298570948166849e-01,1.793447300543365708e-01,1.745222252270217100e-01,1.699732756750173823e-01,1.657041302416221162e-01,1.617169546806825342e-01,1.580104459068450151e-01,1.545804425361580747e-01,1.514205181915172505e-01,1.485225469805968312e-01,1.458772331355496499e-01,1.434745990604988364e-01,1.413044279819677673e-01,1.393566590467029132e-01,1.376217340600286165e-01,1.360908961060820488e-01,1.347564410424629266e-01,1.336119233282710705e-01,1.326523178480416842e-01,1.318741393684273733e-01,1.312755210503361025e-01,1.308562530861202833e-01,1.306177820928211553e-01,1.305631714251279385e-01,1.306970221326424764e-01,1.310253539305383241e-01,1.315554453315611882e-01,1.322956320446882494e-01,1.332550629155830890e-01,1.344434130878698064e-01,1.358705547089310017e-01,1.375461863812060537e-01,1.394794236467100934e-01,1.416783540559485022e-01,1.441495617768583370e-01,1.468976282159269453e-01,1.499246167404530428e-01,1.532295513214078364e-01,1.568079007991625418e-01,1.606510825598285452e-01,1.647460017289572864e-01,1.690746444986437058e-01,1.736137467160782932e-01,1.783345609655905273e-01,1.832027463752475271e-01,1.881784042645895660e-01,1.932162782290892944e-01,1.982661277974578362e-01,2.032732685367185377e-01,2.081792454971413131e-01,2.129225642987080114e-01,2.174393233644277557e-01,2.216633913342004047e-01,2.255250847218403520e-01,2.289435883628121449e-01,2.317438510290430187e-01,2.333485404309217914e-01,2.348979499845537944e-01,2.358989099144319368e-01,2.362863359092938764e-01,2.360381127009642810e-01,2.353389108257258888e-01,2.337048376188388121e-01,2.313150921204400190e-01,2.282399530620771722e-01,2.245203113418853536e-01,2.202015684785328942e-01,2.153370979168597599e-01,2.099883378714535176e-01,2.042238215771750021e-01,1.981177043468525245e-01,1.917480293824029569e-01,1.851948879366072942e-01,1.785385923702563771e-01,1.718579543395492015e-01,1.652287363849211099e-01,1.587223227848282014e-01,1.524046355808817976e-01,1.463353049817491813e-01,1.405670901935617279e-01,1.351455369100696691e-01,1.301088507565806296e-01
6.545454545454545414e-01,1.337512827821814299e-01,1.382033826489228179e-01,1.433018439177980163e-01,1.490262602866394004e-01,1.553448973339087713e-01,1.622141016836113336e-01,1.695780685521258158e-01,1.773690388133642160e-01,1.855079787135885117e-01,1.939057682488965761e-01,2.024648887398840524e-01,2.110815584070632744e-01,2.196482201430161318e-01,2.280562422203853135e-01,2.361986535390989128e-01,2.439726992077403955e-01,2.512819563755652186e-01,2.580376421790067099e-01,2.641583744173492398e-01,2.695660290395552883e-01,2.741646776557119525e-01,2.772596772156019074e-01,2.799796052118251333e-01,2.821647915972040899e-01,2.836663297214429003e-01,2.846501655540365494e-01,2.849989043931588917e-01,2.838819844420816807e-01,2.820024715289733974e-01,2.794377438115511203e-01,2.762534570043835846e-01,2.725170252074867183e-01,2.682999977274695969e-01,2.636779376191955016e-01,2.587293174291329101e-01,2.535339153387251576e-01,2.481709621430556734e-01,2.427172218973071838e-01,2.372451582428516115e-01,2.318213114873683978e-01,2.265049806262314780e-01,2.213472700210183663e-01,2.163905254989432481e-01,2.116681527122327433e-01,2.072047844862720811e-01,2.030167451926528366e-01,1.991127492915679142e-01,1.954947674824589476e-01,1.921589961078359055e-01,1.890968719807521736e-01,1.862960840310057542e-01,1.837415436367428878e-01,1.814162860579540404e-01,1.793022851673277129e-01,1.773811721425438415e-01,1.756348556676925743e-01,1.740460464208953006e-01,1.725986922773370680e-01,1.712783328994562926e-01,1.700723834332993623e-01,1.689703571067175947e-01,1.679640358464801198e-01,1.670475967874464340e-01,1.662177008985310511e-01,1.654735480279459214e-01,1.648169005805533438e-01,1.642520758708395923e-01,1.637859050253801518e-01,1.634276542184368852e-01,1.631889021023880393e-01,1.630833656481401606e-01,1.631266653702000968e-01,1.633360202340372047e-01,1.637298626126046652e-01,1.643273646754170036e-01,1.651478697615715585e-01,1.662102257925002213e-01,1.675320227543469764e-01,1.691287427648533737e-01,1.710128391361616096e-01,1.731927698640413349e-01,1.756720205906904253e-01,1.784481615101849161e-01,1.815119908514183922e-01,1.848468231956315877e-01,1.884279825562333033e-01,1.922225565161449490e-01,1.961894577324775069e-01,2.002798223104348130e-01,2.044377512777372230e-01,2.086013729486188850e-01,2.127041723761040615e-01,2.166765013456188604e-01,2.204471485347377635e-01,2.239448078430482381e-01,2.270992046339000148e-01,2.298414101545911692e-01,2.321019274793666154e-01,2.337988224115117308e-01,2.344704809117273137e-01,2.346858303435878645e-01,2.343914841517815151e-01,2.334805588919503516e-01,2.319790559904535421e-01,2.301221322354909948e-01,2.272232739460521567e-01,2.236157945936149138e-01,2.193590531431672541e-01,2.145056522141845223e-01,2.091144470580616199e-01,2.032531977559043357e-01,1.969986949360069683e-01,1.904357614907070118e-01,1.836555665902049606e-01,1.767534804996659381e-01,1.698266519534327446e-01,1.629714789861206881e-01,1.562811348483506835e-01,1.498432931083029940e-01,1.437381691360135882e-01,1.380369614158722114e-01,1.328007394416765019e-01,1.280797893002211252e-01,1.239133967275422715e-01,1.203300226317799149e-01
6.583333333333333259e-01,1.365119097615283272e-01,1.383612585076294810e-01,1.410405170756539872e-01,1.445581834505663688e-01,1.489089321045224401e-01,1.540719451984794430e-01,1.600096863039027761e-01,1.666672731126069840e-01,1.739725802435193036e-01,1.818371581438366358e-01,1.901579915954385858e-01,1.988200472274835873e-01,2.076994821832265081e-01,2.166673153068039703e-01,2.255933061362591918e-01,2.343497489305450543e-01,2.428148614986941345e-01,2.508753992600706861e-01,2.584279449377349103e-01,2.653775860910669304e-01,2.716290496903265850e-01,2.770342349006927885e-01,2.806947269734700878e-01,2.845624622056395214e-01,2.879516509147644343e-01,2.911055847864337243e-01,2.926630834330099518e-01,2.934149340428424124e-01,2.934423848082705066e-01,2.928030270539979663e-01,2.915557518895134925e-01,2.897643572020405234e-01,2.874977629557334269e-01,2.848291125262415457e-01,2.818343243265847287e-01,2.785903204457744753e-01,2.751730826100465266e-01,2.716556713809808454e-01,2.681063407712908075e-01,2.645868709287820253e-01,2.611512214401403575e-01,2.578445778372486785e-01,2.547028277128424723e-01,2.517524654365461689e-01,2.490108907149859441e-01,2.464870399852582272e-01,2.441822730290272858e-01,2.420914306350122613e-01,2.402039815182721305e-01,2.385051859393440554e-01,2.369772170511981468e-01,2.356001965037064494e-01,2.343531162298313486e-01,2.332146321704976211e-01,2.321637271096834709e-01,2.311802484465132201e-01,2.302453326749968332e-01,2.293417318739085775e-01,2.284540590541018767e-01,2.275689692267900965e-01,2.266752919685262047e-01,2.257641294249963515e-01,2.248289313892467001e-01,2.238655565026899941e-01,2.228723258785570704e-01,2.218500725987963829e-01,2.208021876096669389e-01,2.197346595405450520e-01,2.186561028963463216e-01,2.175777659473558390e-01,2.165135065231870992e-01,2.154797209331807961e-01,2.144952085878599479e-01,2.135809528849672567e-01,2.127597979491146485e-01,2.120560013672790067e-01,2.114946456878085135e-01,2.111008966840287604e-01,2.108991046464156471e-01,2.109117564352485930e-01,2.111583004717850764e-01,2.116538834968067773e-01,2.124080553635426527e-01,2.134235143052118366e-01,2.146949774966736835e-01,2.162082676425814420e-01,2.179397034470960948e-01,2.198558687438060544e-01,2.219138118027842721e-01,2.240616945986824982e-01,2.262398749284820765e-01,2.283823665405037839e-01,2.304185881760764110e-01,2.322752843535017542e-01,2.338784775643153457e-01,2.351552826572882449e-01,2.360353414853156861e-01,2.364513703016784263e-01,2.363370409466344080e-01,2.356092664115689850e-01,2.339202119430688342e-01,2.318588399126044475e-01,2.292536788613455945e-01,2.265585463391535659e-01,2.227921900050528203e-01,2.183226461909576477e-01,2.132491076657549445e-01,2.076422105588452693e-01,2.015764935068239394e-01,1.951357851424230239e-01,1.884137736154906650e-01,1.815128081943237770e-01,1.745417307218429526e-01,1.676130846483177284e-01,1.608399494658761808e-01,1.543326311646685545e-01,1.481954345130843398e-01,1.425237278400308116e-01,1.374014791225194598e-01,1.328993948227507604e-01,1.290737355730753322e-01,1.259658228806132818e-01,1.236021959110601420e-01,1.219953330262424640e-01,1.211448226536657735e-01
6.621212121212121104e-01,1.543323312372391343e-01,1.524573511093888778e-01,1.514986568207373208e-01,1.515127958089961258e-01,1.525443109512215623e-01,1.546223865847161649e-01,1.577576451586245321e-01,1.619393658145889259e-01,1.671334120352351016e-01,1.732811393351549878e-01,1.802995008584166448e-01,1.880824794507617304e-01,1.965038568469501257e-01,2.054211978654680304e-01,2.146807975273737346e-01,2.241232288314554955e-01,2.335890487685702288e-01,2.429241638006772175e-01,2.519842774512692229e-01,2.606375680868269207e-01,2.687635094246451084e-01,2.762385378570925143e-01,2.828012961548019288e-01,2.877636650995220591e-01,2.937554921195140167e-01,2.983306765220449241e-01,3.020923064714968187e-01,3.051398343419071679e-01,3.075238693226844955e-01,3.092993294988128916e-01,3.105280461741525833e-01,3.112774687756673098e-01,3.116185704514137234e-01,3.116235629078570324e-01,3.113636361430923150e-01,3.109068498076969500e-01,3.103162741712419126e-01,3.096484599050116082e-01,3.089522945619094796e-01,3.082682776025773563e-01,3.076282168408764339e-01,3.070553205592670976e-01,3.065646347678078754e-01,3.061637569263567782e-01,3.058537474518084331e-01,3.056301586405661963e-01,3.054841061973930239e-01,3.054033195179778337e-01,3.053731210237655147e-01,3.053773000749723798e-01,3.053988615414844343e-01,3.054206417735014223e-01,3.054257948082998997e-01,3.053981589775727201e-01,3.053225187939460072e-01,3.051847794722566953e-01,3.049720721583524252e-01,3.046728073864248820e-01,3.042766929093894679e-01,3.037747302063156796e-01,3.031592019391437520e-01,3.024236605878144468e-01,3.015629265421942984e-01,3.005731021072420295e-01,2.994516061726749667e-01,2.981972326565196507e-01,2.968102341760028295e-01,2.952924306314924641e-01,2.936473404069658844e-01,2.918803295921958973e-01,2.899987719342477788e-01,2.880122090805427026e-01,2.859324970914878805e-01,2.837739212740613137e-01,2.815532573329156962e-01,2.792897530173625853e-01,2.770050013990262849e-01,2.747226753620950479e-01,2.724680936915788720e-01,2.702675932411899296e-01,2.681476899237894562e-01,2.661340242992530358e-01,2.642501054326332754e-01,2.625158887916121397e-01,2.609462486240870516e-01,2.595494298798761701e-01,2.583255858657423354e-01,2.572655216239959630e-01,2.563497659893601011e-01,2.555480850219232214e-01,2.548195255096825651e-01,2.541130412115014670e-01,2.533687103026686094e-01,2.525195052066301349e-01,2.514935305173892077e-01,2.502166031627396370e-01,2.486150054843164758e-01,2.466181650890264254e-01,2.441607572351101874e-01,2.411822843023349872e-01,2.375998352045670114e-01,2.332930912181477578e-01,2.291631081459632735e-01,2.241266062554605476e-01,2.183871896038916682e-01,2.121223221805750292e-01,2.054296686408114136e-01,1.984100387267762611e-01,1.911758785991901355e-01,1.838511981289150388e-01,1.765688253654121298e-01,1.694663850083973633e-01,1.626816184742813087e-01,1.563474895379321494e-01,1.505874672640110656e-01,1.455113347589583606e-01,1.412118084870473966e-01,1.377621655299537395e-01,1.352149737094887061e-01,1.336019151343665057e-01,1.329346009224514069e-01,1.332062041094571325e-01,1.343936948738837234e-01,1.364604478707751589e-01,1.393590020605654789e-01
6.659090909090908950e-01,1.911298395700113395e-01,1.850909324042021575e-01,1.798670101153629075e-01,1.755670971549750381e-01,1.722973960191781506e-01,1.701569936145337358e-01,1.692328855378860963e-01,1.695945476066600954e-01,1.712884004080700018e-01,1.743326197977002612e-01,1.787128219723728151e-01,1.843791720675767021e-01,1.912454102422324054e-01,1.991901496587101528e-01,2.080605837856707441e-01,2.176784716512805973e-01,2.278479894052958254e-01,2.383647895292912711e-01,2.490254269886043037e-01,2.596361822624285165e-01,2.700200823597200261e-01,2.800197503397608978e-01,2.894842861576761850e-01,2.974630326257945434e-01,3.055382260862336552e-01,3.128230878215267352e-01,3.194816349652493948e-01,3.255065483293174133e-01,3.309281484074158008e-01,3.357966959827698439e-01,3.401738885558385772e-01,3.441267723559106040e-01,3.477228393073509283e-01,3.510260885185001456e-01,3.540940470567323084e-01,3.569757608493924761e-01,3.597107220902802660e-01,3.623286405628782791e-01,3.648499141998519657e-01,3.672866203173755784e-01,3.696438378186114870e-01,3.719211212643361297e-01,3.741139750978669243e-01,3.762152135131506814e-01,3.782161313984732653e-01,3.801074487322252948e-01,3.818800210451603894e-01,3.835253304780092409e-01,3.850357856280016144e-01,3.864048649691287363e-01,3.876271398432587501e-01,3.886982106208176635e-01,3.896145851745030364e-01,3.903735235042509188e-01,3.909728670384641225e-01,3.914108663272599098e-01,3.916860168001350395e-01,3.917969090637076768e-01,3.917420978362491923e-01,3.915199919608325918e-01,3.911287668941715312e-01,3.905663005099596075e-01,3.898301328743183913e-01,3.889174507464505659e-01,3.878250978443529284e-01,3.865496123165815257e-01,3.850872933037259305e-01,3.834342988822156961e-01,3.815867779734370968e-01,3.795410388718908901e-01,3.772937567718589458e-01,3.748422219013823886e-01,3.721846284228758073e-01,3.693204019245641678e-01,3.662505598894707504e-01,3.629780947878986641e-01,3.595083632600159507e-01,3.558494572377049470e-01,3.520125240320762239e-01,3.480119929681826929e-01,3.438656571388560845e-01,3.395945519013222613e-01,3.352225690702432259e-01,3.307757500442450871e-01,3.262812151330432564e-01,3.217657124272608193e-01,3.172538086287886583e-01,3.127657949996698328e-01,3.083154395865169151e-01,3.039077744437890249e-01,2.995371534432231808e-01,2.951858413758234323e-01,2.908233892956171851e-01,2.864070101066762408e-01,2.818830949877541014e-01,2.771899161051092908e-01,2.722614632844784222e-01,2.670322939809295359e-01,2.614433126359964055e-01,2.554488419669589394e-01,2.490282688284846668e-01,2.422281207985122475e-01,2.354801588236488386e-01,2.277698105269214679e-01,2.196807746184393506e-01,2.113460388834340897e-01,2.029036439306240169e-01,1.945080615928423962e-01,1.863276179210668626e-01,1.785381252294504228e-01,1.713149651752480518e-01,1.648247600654206002e-01,1.592175139276457707e-01,1.546199535863763408e-01,1.511306140034457124e-01,1.488169800235142060e-01,1.477147462196689021e-01,1.478290258388198219e-01,1.491371617390230275e-01,1.515926857241393644e-01,1.551299406043108176e-01,1.596689107387747886e-01,1.651198825853693875e-01,1.713876554293946586e-01,1.783751249903957059e-01
6.696969696969696795e-01,2.454009351435550434e-01,2.357906990583353013e-01,2.266771027298140062e-01,2.181961616090369593e-01,2.104953354993660541e-01,2.037312025439823038e-01,1.980657320246057007e-01,1.936609827214595680e-01,1.906721708340633481e-01,1.892392369794645424e-01,1.894772934076832116e-01,1.914666286471724266e-01,1.952432409709221606e-01,2.007910947583141925e-01,2.080373641047179312e-01,2.168517770771154485e-01,2.270507752350461317e-01,2.384065986802976489e-01,2.506607215306076997e-01,2.635405137394297714e-01,2.767780231973924754e-01,2.901321556651538791e-01,3.034411520210227864e-01,3.167166206030775366e-01,3.273569453112323280e-01,3.385314246559459339e-01,3.493141141546752815e-01,3.595234479475526990e-01,3.691312012185623548e-01,3.781532465043513924e-01,3.866251479442210925e-01,3.945899519955305412e-01,4.020904699558593420e-01,4.091644637200835266e-01,4.158421414630348312e-01,4.221454932633012525e-01,4.280889690760708577e-01,4.336809929506601491e-01,4.389258539248328539e-01,4.438256068168227597e-01,4.483817314686565636e-01,4.525964127383428903e-01,4.564733983923005556e-01,4.600184597038285972e-01,4.632395194866863464e-01,4.661465289745947982e-01,4.687511750225034635e-01,4.710664891727778247e-01,4.731064155940238880e-01,4.748853795333126682e-01,4.764178839649865771e-01,4.777181506315312243e-01,4.787998129170449868e-01,4.796756617774716736e-01,4.803574418658747014e-01,4.808556925694147943e-01,4.811796274823906261e-01,4.813370455096326328e-01,4.813342670397478540e-01,4.811760892356896080e-01,4.808657553130450957e-01,4.804049336155028493e-01,4.797937032962749093e-01,4.790305444434507232e-01,4.781123315412012520e-01,4.770343302446047873e-01,4.757901985819954493e-01,4.743719949071907860e-01,4.727701962264505009e-01,4.709737319359507124e-01,4.689700395250338549e-01,4.667451504025519893e-01,4.642838156241431702e-01,4.615696828154641773e-01,4.585855367979544961e-01,4.553136170245959957e-01,4.517360244824057403e-01,4.478352286264136173e-01,4.435946804280765376e-01,4.389995298841885552e-01,4.340374344533011741e-01,4.286994281661297146e-01,4.229807994192643084e-01,4.168818995563617902e-01,4.104087767606611203e-01,4.035735052805948797e-01,3.963940659700578295e-01,3.888936402599922348e-01,3.810992166167346262e-01,3.730394849481056263e-01,3.647421127934623031e-01,3.562306492940846003e-01,3.475214670756142099e-01,3.386212940216536960e-01,3.295259671193626061e-01,3.202210291440035217e-01,3.106846887590367645e-01,3.008935612407417359e-01,2.908318703147771966e-01,2.805074916756422065e-01,2.700089000526995076e-01,2.598379301298939237e-01,2.487501891674326893e-01,2.375820438883232688e-01,2.265128450389068127e-01,2.157344235798688281e-01,2.054640782808431487e-01,1.959321012994949818e-01,1.873675278566471203e-01,1.799831036531814588e-01,1.739613925862912303e-01,1.694436865596911923e-01,1.665228651634976242e-01,1.652406921087261893e-01,1.655893649290437197e-01,1.675165885932969612e-01,1.709331094485963265e-01,1.757215453748462441e-01,1.817454457458384798e-01,1.888577416788623786e-01,1.969080273616514998e-01,2.057483847138916189e-01,2.152376869044248520e-01,2.252444748514223494e-01,2.356485956586243935e-01
6.734848484848484640e-01,3.109527550037111676e-01,2.992672893962023961e-01,2.876365694688914343e-01,2.761768966161682881e-01,2.650251813942116064e-01,2.543409997400882250e-01,2.443078802120939585e-01,2.351333358917665206e-01,2.270470410564229269e-01,2.202964781674535411e-01,2.151393947335626389e-01,2.118325752292856967e-01,2.106168137810704444e-01,2.116986058460795794e-01,2.152299342416956474e-01,2.212884770825183645e-01,2.298613689607510446e-01,2.408359929142891709e-01,2.540009346269292978e-01,2.690593177179647633e-01,2.856566287443054186e-01,3.034357448333097618e-01,3.224702953720904319e-01,3.409698335313792183e-01,3.590059507217183143e-01,3.751917614309143167e-01,3.920768384562596798e-01,4.083663690010999603e-01,4.238457209224787414e-01,4.384185367851101689e-01,4.520405213522932786e-01,4.646973479524348916e-01,4.763930478993558260e-01,4.871433786390344522e-01,4.969722043168804393e-01,5.059096607846806926e-01,5.139912137480541210e-01,5.212570138196552794e-01,5.277512200206357917e-01,5.335211709743822306e-01,5.386164150041121701e-01,5.430876734346880008e-01,5.469858249170221898e-01,5.503609838385929987e-01,5.532617199660350149e-01,5.557344403421521362e-01,5.578229335887850970e-01,5.595680627693846443e-01,5.610075852968570143e-01,5.621760755735657478e-01,5.631049265088967637e-01,5.638224083919309848e-01,5.643537667726840068e-01,5.647213443446373882e-01,5.649447149268559398e-01,5.650408203221918280e-01,5.650241030204803394e-01,5.649066294402717014e-01,5.646981997190246849e-01,5.644064410432207968e-01,5.640368822299735019e-01,5.635930077993462906e-01,5.630762901693003863e-01,5.624861989144582797e-01,5.618201863002089125e-01,5.610736485752049196e-01,5.602398628191639363e-01,5.593098995403854579e-01,5.582725117459339526e-01,5.571140019216467287e-01,5.558180693231639102e-01,5.543656412712973935e-01,5.527346938561267242e-01,5.509000696904854388e-01,5.488333032327035177e-01,5.465024678360120847e-01,5.438720631773832359e-01,5.409029671089280455e-01,5.375524821778484563e-01,5.337745137767330172e-01,5.295199234624314855e-01,5.247371062453747292e-01,5.193728427236136147e-01,5.133734730986796446e-01,5.066864268279523964e-01,4.992621149739009390e-01,4.910561488042882727e-01,4.820317869386518406e-01,4.721624387178244286e-01,4.614339766741833992e-01,4.498465606515434367e-01,4.374156857886227212e-01,4.241722754772206949e-01,4.101618756881492134e-01,3.954433621518734232e-01,3.800879917468547586e-01,3.641800341025790977e-01,3.478206586347096785e-01,3.311382285471543008e-01,3.143206633285900442e-01,2.979953719649883759e-01,2.811909051744984622e-01,2.647318097141906912e-01,2.489038273301086568e-01,2.341849885981507617e-01,2.208688737341983621e-01,2.092674152372727414e-01,1.996560229247414942e-01,1.922470721391653925e-01,1.871725591304568836e-01,1.844765669946270281e-01,1.841175150286055162e-01,1.859785761878645083e-01,1.898835505827438930e-01,1.956151606295437329e-01,2.029330872229024585e-01,2.115898212043017812e-01,2.213432657931778125e-01,2.319657775054630444e-01,2.432498688827073596e-01,2.550111016319927537e-01,2.670888140688746915e-01,2.793453126623193783e-01,2.916640715563915132e-01,3.039473699781715110e-01
6.772727272727272485e-01,3.797402008210657431e-01,3.677978807217095469e-01,3.555102929000295009e-01,3.429410356236188839e-01,3.301703762519195839e-01,3.172996206725965940e-01,3.044560946794758194e-01,2.917986216217005047e-01,2.795232223196761345e-01,2.678685269620561527e-01,2.571200633868461205e-01,2.476121799408690094e-01,2.397259218535036651e-01,2.338808219476195271e-01,2.305184937024276348e-01,2.300764201923402863e-01,2.329517389052230547e-01,2.394573403781950494e-01,2.497761553678509161e-01,2.639239135158609195e-01,2.817386042131119761e-01,3.029926034040628657e-01,3.269948969017258400e-01,3.523197938303076482e-01,3.785801289308804995e-01,4.040396454166115259e-01,4.293214278414292928e-01,4.542041021903835962e-01,4.778242559875769402e-01,4.997970407122973580e-01,5.199049514852248643e-01,5.380486615181017118e-01,5.542176560278119224e-01,5.684665682280909405e-01,5.808953795209889082e-01,5.916331800055976142e-01,6.008252828375998389e-01,6.086233868615417153e-01,6.151783947458191459e-01,6.206354499443534900e-01,6.251307533923468052e-01,6.287897505610398063e-01,6.317263298790191106e-01,6.340427336224597754e-01,6.358299434503679182e-01,6.371683589828169847e-01,6.381286360756074361e-01,6.387725907034285111e-01,6.391541049412965414e-01,6.393199944716563277e-01,6.393108136609680914e-01,6.391615858692012431e-01,6.389024544632311287e-01,6.385592549924531403e-01,6.381540119421269530e-01,6.377053650162889387e-01,6.372289304733564919e-01,6.367376029799554082e-01,6.362418029984684420e-01,6.357496740500876431e-01,6.352672334089376482e-01,6.347984789564038444e-01,6.343454541025973503e-01,6.339082718864343935e-01,6.334850986074630486e-01,6.330720966210798828e-01,6.326633252413668140e-01,6.322505980353468891e-01,6.318232941567604177e-01,6.313681207590394751e-01,6.308688229595795782e-01,6.303058373351895227e-01,6.296558845732911358e-01,6.288914967921254151e-01,6.279804753442093102e-01,6.268852758883594056e-01,6.255623195332565833e-01,6.239612324563676982e-01,6.220240223257457179e-01,6.196842090875176456e-01,6.168659415011884528e-01,6.134831507686582253e-01,6.094388204869105596e-01,6.046244897481793945e-01,5.989201548640576966e-01,5.921947949957212520e-01,5.843078154163591220e-01,5.751117721324000565e-01,5.644567990386964995e-01,5.521971802119134409e-01,5.382004617839150074e-01,5.223593398157477807e-01,5.046062565940988565e-01,4.849301764241572554e-01,4.633944354353075057e-01,4.401539951994260513e-01,4.154701363913178569e-01,3.897212571821054294e-01,3.634135287134597214e-01,3.372808320750827482e-01,3.115062679213636554e-01,2.868869169950483689e-01,2.643183278868224129e-01,2.443602464614273717e-01,2.276701566283824973e-01,2.146078132021671803e-01,2.053314606151085686e-01,1.998368668083391753e-01,1.979586495982396666e-01,1.994008956228812413e-01,2.037780457199835638e-01,2.106568823602176788e-01,2.195933023367823422e-01,2.301604961324650034e-01,2.419677204905874845e-01,2.546705968211606663e-01,2.679747389265441648e-01,2.816347065938283878e-01,2.954500678500701083e-01,3.092599636621312653e-01,3.229371571626505899e-01,3.363821940507530917e-01,3.495180291551540641e-01,3.622852847138411381e-01,3.746381844269910943e-01
6.810606060606060330e-01,4.449222262685513241e-01,4.342101369938863864e-01,4.229094028937781524e-01,4.110360556700047852e-01,3.986114439656447406e-01,3.856647947872739457e-01,3.722364807467565262e-01,3.583821392036052877e-01,3.441777866783607975e-01,3.297260436765530045e-01,3.151635159725925672e-01,3.006692500984454730e-01,2.864739754931899807e-01,2.728695532883190777e-01,2.602176785128592074e-01,2.489564572996140757e-01,2.396030469947141028e-01,2.327501485025708916e-01,2.290538981689743681e-01,2.292116039107924552e-01,2.339401616209342005e-01,2.440390750653944896e-01,2.593319329018659580e-01,2.800979850629752854e-01,3.060258189751556279e-01,3.363307286073035640e-01,3.689933410490151555e-01,4.044656162429841051e-01,4.407170743768136778e-01,4.762523831615999570e-01,5.099079304386212597e-01,5.408567682641854946e-01,5.686057277588059122e-01,5.929526100367407127e-01,6.139206812176174477e-01,6.316889475291608269e-01,6.465303619796920476e-01,6.587633971201644068e-01,6.687176566685174572e-01,6.767116510393322848e-01,6.830399567121709925e-01,6.879670227308458674e-01,6.917253505199150165e-01,6.945163383394398204e-01,6.965125949786199477e-01,6.978609343694344158e-01,6.986855601816853722e-01,6.990911543736587630e-01,6.991657183226642758e-01,6.989830997910145838e-01,6.986051896348166590e-01,6.980838005861554896e-01,6.974622548120612553e-01,6.967767127590432930e-01,6.960572765962766972e-01,6.953288996302748881e-01,6.946121297689739071e-01,6.939237112885886516e-01,6.932770652736520711e-01,6.926826654049549337e-01,6.921483223741420332e-01,6.916793871348675404e-01,6.912788804413213528e-01,6.909475536256923789e-01,6.906838832650744608e-01,6.904840002102821117e-01,6.903415513164633532e-01,6.902474900460371376e-01,6.901897898264034437e-01,6.901530715590233900e-01,6.901181339218150912e-01,6.900613720310522226e-01,6.899540666131455113e-01,6.897615221222614945e-01,6.894420283702900054e-01,6.889456165223417639e-01,6.882125773367121502e-01,6.871717083055821629e-01,6.857382585630502625e-01,6.838115487749023558e-01,6.812722619420232828e-01,6.779794365858509142e-01,6.737672556800401447e-01,6.684418265325841046e-01,6.617783069571263610e-01,6.535189743122978845e-01,6.433731806441969070e-01,6.310206064138408344e-01,6.161198079377991910e-01,5.983246778973285718e-01,5.773119112640002770e-01,5.528225020097764508e-01,5.247190484883937911e-01,4.930573825228995455e-01,4.581650673265969531e-01,4.207108713721912086e-01,3.817407498808094712e-01,3.426524376031519492e-01,3.050914880191709089e-01,2.705339482978673660e-01,2.407153087679153591e-01,2.168555481278609254e-01,1.995177627692265310e-01,1.887034503769004501e-01,1.839271019485710923e-01,1.847738864521298319e-01,1.901243310892836158e-01,1.990467223547745246e-01,2.106830406851206983e-01,2.242872238303738053e-01,2.392376363185488020e-01,2.550324214741919171e-01,2.712763066754423358e-01,2.876644000740828933e-01,3.039660034095925112e-01,3.200098688734496211e-01,3.356714405664549261e-01,3.508621670508958457e-01,3.655207541070438770e-01,3.796061329520151739e-01,3.930918896828478060e-01,4.059619060046710803e-01,4.182069828937785005e-01,4.298222482477835338e-01,4.408051811754369886e-01
6.848484848484848175e-01,5.017579042184882043e-01,4.930729758150240727e-01,4.837059424956102749e-01,4.736527928580880342e-01,4.629075103897484222e-01,4.514624376079245938e-01,4.393087561855809620e-01,4.264370763829871680e-01,4.128381094819258412e-01,3.985033782418700432e-01,3.834259252333218626e-01,3.676010575548193660e-01,3.510274073228996650e-01,3.337091061132855807e-01,3.156607436391208332e-01,2.969178883724413742e-01,2.775567915889441961e-01,2.577265875177936483e-01,2.376949933644066926e-01,2.179039943545918734e-01,1.990408014015575267e-01,1.822285113684099789e-01,1.685520260798470671e-01,1.595290325776106133e-01,1.568026090288869301e-01,1.619358918750201104e-01,1.759287323519587720e-01,1.994756300943379690e-01,2.333863358326099258e-01,2.754511045211517906e-01,3.233250883722410540e-01,3.741978934471304474e-01,4.252622811316063012e-01,4.741299643672366448e-01,5.190740140142402481e-01,5.590786019865447987e-01,5.937476123604997769e-01,6.231461451208440971e-01,6.476352360697522625e-01,6.677336850231244680e-01,6.840181434189045451e-01,6.970590680935607741e-01,7.073846124016744952e-01,7.154638270980832049e-01,7.217019853855004552e-01,7.264428172278369900e-01,7.299742014898857878e-01,7.325351964263373539e-01,7.343232009155947759e-01,7.355006212487008588e-01,7.362007692146543825e-01,7.365329164905922710e-01,7.365865352856040271e-01,7.364348040590231737e-01,7.361374742066438825e-01,7.357431936780743920e-01,7.352913752525196411e-01,7.348136855735150075e-01,7.343352186646313617e-01,7.338754058221708121e-01,7.334487030548039188e-01,7.330650877436339918e-01,7.327303878391857594e-01,7.324464594951161089e-01,7.322112223123070640e-01,7.320185550613587111e-01,7.318580485887021814e-01,7.317146063130151035e-01,7.315678760073076603e-01,7.313914891701287502e-01,7.311520759741082509e-01,7.308080143575931276e-01,7.303078612354033661e-01,7.295884022321698081e-01,7.285722444237318074e-01,7.271648657598521748e-01,7.252510279992204767e-01,7.226904623702876673e-01,7.193127579746113609e-01,7.149114376719558628e-01,7.092373200474135775e-01,7.019914785025818116e-01,6.928184781413198046e-01,6.813011786410504422e-01,6.669593340626763789e-01,6.492555847686157788e-01,6.276142214053757051e-01,6.014600558011361509e-01,5.702860762765433744e-01,5.337576168208917338e-01,4.918547703731416254e-01,4.450405582605216903e-01,3.944189337462756240e-01,3.418200341255353547e-01,2.897372741954652442e-01,2.410655547053935366e-01,1.986625392522760603e-01,1.648487312193422649e-01,1.412684887137762024e-01,1.281086832089164407e-01,1.243705106052425541e-01,1.288262644419786995e-01,1.398010166996305759e-01,1.555566753287637161e-01,1.744047092189593140e-01,1.951836096110924346e-01,2.171391585422966231e-01,2.393032877868322972e-01,2.611708274950326758e-01,2.824258699189278743e-01,3.028850590984377145e-01,3.224533721540762121e-01,3.410912505714998044e-01,3.587920762110538564e-01,3.755678162046165447e-01,3.914403372995056141e-01,4.064362703416565248e-01,4.205839426427936401e-01,4.339114746327668581e-01,4.464455415189427789e-01,4.582105396231319072e-01,4.692280220713642147e-01,4.795163284246269364e-01,4.890903604633533575e-01,4.979614698347241686e-01
6.886363636363636020e-01,5.482392726450551201e-01,5.416793724978333779e-01,5.344015550722978070e-01,5.263991911724243966e-01,5.176627590308606752e-01,5.081802749886263904e-01,4.979380397039286366e-01,4.869217159126270067e-01,4.751176466544421717e-01,4.625141320724863170e-01,4.491021300003684158e-01,4.348746500593654862e-01,4.198242229723624375e-01,4.039385322908120579e-01,3.871956173807569179e-01,3.695614289971731470e-01,3.509929433152749745e-01,3.314489626100320385e-01,3.109089034641339677e-01,2.894004024710833400e-01,2.670212248660889798e-01,2.439967575387204379e-01,2.207388824502183600e-01,1.978369231819648577e-01,1.761417523937392204e-01,1.568016327606735760e-01,1.412330468155331697e-01,1.302486471254029332e-01,1.281345774377989633e-01,1.358484965670506417e-01,1.545302377315349585e-01,1.845186739458353209e-01,2.249485928431503856e-01,2.737283103995340472e-01,3.278649124044052399e-01,3.840279056537504454e-01,4.391397650583028778e-01,4.907983658010840466e-01,5.374478882582390815e-01,5.783321309067104288e-01,6.133231023413441285e-01,6.427151397821305734e-01,6.670418723029168939e-01,6.869392893838726089e-01,7.030558878657039434e-01,7.160007722733917612e-01,7.263183948489747577e-01,7.344801453485689802e-01,7.408855969087808635e-01,7.458686390229379848e-01,7.497055786443015402e-01,7.526235544721843196e-01,7.548084106865493581e-01,7.564116540114960152e-01,7.575563857359505215e-01,7.583422392031219372e-01,7.588494166495526327e-01,7.591419404543906513e-01,7.592702328169897985e-01,7.592731261219649586e-01,7.591793901198244932e-01,7.590088448335495785e-01,7.587731113187365928e-01,7.584760365887640576e-01,7.581138141589397472e-01,7.576748074784573905e-01,7.571390695905038104e-01,7.564775382392655567e-01,7.556508709241386290e-01,7.546078688246032895e-01,7.532834221198299041e-01,7.515958926059019829e-01,7.494438342954808929e-01,7.467019423084315655e-01,7.432161213852659376e-01,7.387975895746257127e-01,7.332160003947825189e-01,7.261917117847811465e-01,7.173876061453969832e-01,7.064013537467390691e-01,6.927598245869541760e-01,6.759186277409795496e-01,6.552716085857012152e-01,6.301775382797578651e-01,6.000137602379631563e-01,5.642679390599409928e-01,5.226766193121701320e-01,4.754088558817284871e-01,4.232705558147536462e-01,3.678710742350241314e-01,3.116613434436042995e-01,2.577517963632697251e-01,2.094793471723225831e-01,1.698111461143690659e-01,1.407830678538114499e-01,1.231835279102269642e-01,1.165855212818236453e-01,1.197272033143407105e-01,1.314844838438052332e-01,1.480215801293012501e-01,1.682416443147248253e-01,1.906965029277194468e-01,2.142270946551380895e-01,2.379783463814365285e-01,2.613506394318464987e-01,2.836804235040237265e-01,3.052649393831144975e-01,3.258907733099685178e-01,3.454953935410464139e-01,3.641057116237996771e-01,3.817759829661830362e-01,3.985619663175022920e-01,4.145069027913804716e-01,4.296371626395897869e-01,4.439650193422116087e-01,4.574947718445440126e-01,4.702287286838208180e-01,4.821710997659541809e-01,4.933294678532896826e-01,5.037144717141910366e-01,5.133385684520447301e-01,5.222145628048093791e-01,5.303543019268950331e-01,5.377676971957939811e-01,5.444620910095261390e-01
6.924242424242423866e-01,5.837484902481960836e-01,5.789662621063927928e-01,5.734096961747036092e-01,5.670736355473300350e-01,5.599549155994406613e-01,5.520554326947725299e-01,5.433858998601340806e-01,5.339694960909032728e-01,5.238438815649346658e-01,5.130595036745020376e-01,5.016724313418972070e-01,4.897317145296252172e-01,4.772641527773437420e-01,4.642616897298370016e-01,4.506764024549468894e-01,4.364249245319582471e-01,4.214003214905748251e-01,4.054879628006462511e-01,3.885872103695502955e-01,3.706537955688387065e-01,3.513022065378536007e-01,3.307524729342408154e-01,3.090311573272866985e-01,2.862451725124220414e-01,2.626126854491607765e-01,2.385010463015386217e-01,2.144634309694194441e-01,1.912001421246778687e-01,1.689651936106265906e-01,1.517008505245223959e-01,1.402182637627198414e-01,1.364123596048144038e-01,1.421309475145098589e-01,1.587302919805228529e-01,1.866470216178634511e-01,2.251040261785648700e-01,2.720987349503429242e-01,3.247251313067115452e-01,3.797265155325307839e-01,4.340729166237894954e-01,4.853750430623304246e-01,5.320554303260144335e-01,5.733097436349291476e-01,6.089469189946830063e-01,6.391941896249186961e-01,6.645219503437057584e-01,6.855112542362643557e-01,7.027655606007412459e-01,7.168585895322803214e-01,7.283078381609661145e-01,7.375645753467269250e-01,7.450134775260345288e-01,7.509773103244657966e-01,7.557237967312138149e-01,7.594730146278491079e-01,7.624044386678682228e-01,7.646632088119575954e-01,7.663654746036833165e-01,7.676028060031518940e-01,7.684457286450896429e-01,7.689464655858633257e-01,7.691409682506593626e-01,7.690503076401415949e-01,7.686814791959919457e-01,7.680276543892500252e-01,7.670678907432294524e-01,7.657662904502507972e-01,7.640705765584120401e-01,7.619100357309996907e-01,7.591927595265504092e-01,7.558021054231853775e-01,7.515923008178788667e-01,7.463831393646900292e-01,7.399537887314182605e-01,7.320358741201112851e-01,7.223062730810595466e-01,7.103805294075443699e-01,6.958085705187530001e-01,6.780756160822051237e-01,6.566128949809568738e-01,6.308250056087481017e-01,6.001430453194568360e-01,5.641137941130051070e-01,5.225327778374120324e-01,4.756190774563709422e-01,4.242084348552916939e-01,3.699091472918900059e-01,3.151347184730575735e-01,2.629256987093936404e-01,2.165300789561661887e-01,1.788242801930949588e-01,1.517643011638201977e-01,1.360720789117585705e-01,1.312568630531257552e-01,1.359166924465532444e-01,1.481690265508741333e-01,1.660878262323670085e-01,1.887528351225627177e-01,2.125423165288197469e-01,2.370368444745545311e-01,2.615236322395594337e-01,2.854505900393513596e-01,3.084530870479918474e-01,3.303144338176558503e-01,3.509257206948265262e-01,3.702444607877625193e-01,3.879106142104637445e-01,4.046501204405453800e-01,4.203663732209623194e-01,4.351440331035490439e-01,4.490988053653536816e-01,4.623478240777229020e-01,4.749915619986533333e-01,4.870993640591191887e-01,4.987014094766000771e-01,5.097898669974585406e-01,5.203286361032416485e-01,5.302675301540854536e-01,5.395556573058735150e-01,5.481504192866671898e-01,5.560212828731722068e-01,5.631494917920701893e-01,5.695255617362505740e-01,5.751461178190188095e-01,5.800110161612918036e-01
6.962121212121211711e-01,6.089405304602765190e-01,6.054778539121634662e-01,6.011730404311192988e-01,5.960403978285364612e-01,5.901109018835252185e-01,5.834372842583108731e-01,5.760962080762497273e-01,5.681846336654288177e-01,5.598084038988251354e-01,5.510639694589386517e-01,5.420180333746839052e-01,5.326921507083216545e-01,5.230577844928041564e-01,5.130426089463117068e-01,5.025442112845592835e-01,4.914457220124942016e-01,4.796298777789237411e-01,4.669943587594140855e-01,4.535474198336913454e-01,4.388147726901908685e-01,4.227625272027873415e-01,4.054680439859217334e-01,3.868675507129912816e-01,3.669218901610032946e-01,3.456294426953810395e-01,3.230441030430432070e-01,2.992976885986545765e-01,2.746144955509627894e-01,2.489425988020578240e-01,2.230557198297792865e-01,1.994109716143184219e-01,1.785331247697810597e-01,1.620131266196926378e-01,1.517368826320998065e-01,1.496583509450081229e-01,1.574686399336558684e-01,1.761907587303323253e-01,2.058145801290806876e-01,2.451262727107469952e-01,2.918404966887258589e-01,3.430162436415059024e-01,3.956058268465961203e-01,4.469421814608812160e-01,4.950320983897454896e-01,5.386316782327750241e-01,5.771616882645133062e-01,6.105457153780451396e-01,6.390379632845683000e-01,6.630779017096666283e-01,6.831840875500597710e-01,6.998849458802546275e-01,7.136784492173018357e-01,7.250118904138342923e-01,7.342744116400801158e-01,7.417969497246048594e-01,7.478560389962461974e-01,7.526792556674729573e-01,7.564510079147293009e-01,7.593179653815897989e-01,7.613937789012938939e-01,7.627629451286713769e-01,7.634837783184994509e-01,7.635905006654827298e-01,7.630944777178499949e-01,7.619846215690682101e-01,7.602269714077753981e-01,7.577634451791604997e-01,7.545097432766842971e-01,7.503523819814318374e-01,7.451448504322919497e-01,7.387029354774323764e-01,7.307993681550998266e-01,7.211581517212820591e-01,7.094492906875291549e-01,6.952852319415415705e-01,6.782212493248810370e-01,6.577633415096987290e-01,6.333889800177422424e-01,6.045880113501130859e-01,5.709324276811807986e-01,5.321828885715980118e-01,4.884339130076956192e-01,4.402850324398673854e-01,3.890003242782504866e-01,3.365893728939671758e-01,2.857272668801698612e-01,2.394572479861987735e-01,2.007015118651980512e-01,1.717138926837590285e-01,1.536691819828042149e-01,1.465378271961927104e-01,1.492626675378272427e-01,1.601276006707878230e-01,1.771634508264365859e-01,1.984769207744646324e-01,2.224724143897937600e-01,2.485485610580701055e-01,2.744823187090785210e-01,2.994146470462455412e-01,3.233666299461814830e-01,3.461152881253676816e-01,3.675316646449172109e-01,3.875641261898439272e-01,4.062152732909299901e-01,4.235235105828227264e-01,4.395490196614406098e-01,4.541573166596769573e-01,4.674729606010808447e-01,4.799825773597950485e-01,4.916360213247064626e-01,5.025243678176869455e-01,5.127602184178469136e-01,5.224613505515738332e-01,5.317373260038505967e-01,5.406741369242248352e-01,5.493194489487691623e-01,5.576736514475871820e-01,5.656911379471886159e-01,5.732922220362696164e-01,5.803813470793521834e-01,5.868650381322555454e-01,5.926644908053516625e-01,5.977211078958882817e-01,6.019962230046013163e-01,6.054674808555039478e-01
6.999999999999999556e-01,6.252835279940088808e-01,6.228612043995672698e-01,6.196039370330999052e-01,6.155831276679424313e-01,6.109005173516034448e-01,6.056830595441470289e-01,6.000686773911864114e-01,5.941844647318903494e-01,5.881232589231354391e-01,5.819266946675102359e-01,5.755806152282210153e-01,5.690231528756992674e-01,5.621606621929862158e-01,5.548850292491184222e-01,5.470877315388978923e-01,5.386695579277637203e-01,5.295497839818400498e-01,5.197030764547628801e-01,5.090848856769817354e-01,4.969749791990510368e-01,4.837790589596798196e-01,4.694176814014945909e-01,4.538101743936049370e-01,4.368785102076492843e-01,4.185519296306228210e-01,3.987742302694584628e-01,3.775140419913060597e-01,3.547756592357284022e-01,3.305847662453302305e-01,3.039970411199359734e-01,2.775375171059591417e-01,2.512445825178339920e-01,2.258172880785904169e-01,2.024190534140651587e-01,1.825844064011498680e-01,1.681464606978738119e-01,1.610694004611128161e-01,1.631594633768893854e-01,1.756835735841063562e-01,1.989939531654982829e-01,2.323038681108231529e-01,2.737345377036808358e-01,3.206460706009835460e-01,3.701360334515536588e-01,4.195256723641007102e-01,4.666911411345811000e-01,5.101924548806071602e-01,5.492369406924847430e-01,5.835498262480016685e-01,6.132181965948029223e-01,6.385497773470156790e-01,6.599639397329195578e-01,6.779166528120845747e-01,6.928537266137498873e-01,7.051847272505841202e-01,7.152706463492473077e-01,7.234200022037953204e-01,7.298896576277902337e-01,7.348879327339974399e-01,7.385785183213857685e-01,7.410843131101919612e-01,7.424906965470690068e-01,7.428479810799728522e-01,7.421729195994450912e-01,7.404492153092039342e-01,7.376270212717948027e-01,7.336214471776728585e-01,7.283101312174906639e-01,7.215300071954589001e-01,7.130735298180453929e-01,7.026848544667567698e-01,6.900568573518344184e-01,6.748304998903199570e-01,6.565989670202878603e-01,6.349202966281709548e-01,6.093438112328648515e-01,5.794572317127256733e-01,5.449620097325047485e-01,5.057823892149201361e-01,4.622062545553445867e-01,4.150401126043482547e-01,3.657365552189133506e-01,3.164280290892297898e-01,2.697947900354886186e-01,2.287312938483478664e-01,1.958595006900674118e-01,1.730324200176844296e-01,1.610074489126943342e-01,1.594044380237510661e-01,1.669339298987343734e-01,1.817745179173182735e-01,2.019541416536606571e-01,2.256376208111280923e-01,2.512919439599695659e-01,2.777556847242964033e-01,3.043213842881044573e-01,3.309499657928406391e-01,3.552777034866148598e-01,3.781324857460299227e-01,3.994874508343870811e-01,4.193399935596133221e-01,4.377232382939442723e-01,4.546946201529789566e-01,4.703254161699854663e-01,4.846933641737093401e-01,4.978779413220881800e-01,5.099560051378498882e-01,5.205041879296541385e-01,5.302992884423280984e-01,5.393505427258394880e-01,5.476703979869689265e-01,5.553314325569782550e-01,5.624268159169497627e-01,5.690615659456114139e-01,5.753440156221336643e-01,5.813730210251737418e-01,5.872213429508698068e-01,5.929191961143188694e-01,5.984441700869700398e-01,6.037227275076053612e-01,6.086439527772573577e-01,6.130807500008976785e-01,6.169109586924899080e-01,6.200323232110778182e-01,6.223691511983256985e-01
7.037878787878788511e-01,6.337237399241991698e-01,6.323874723351695648e-01,6.303745809081642282e-01,6.278264689033008494e-01,6.248992108705978543e-01,6.217400054771023976e-01,6.184613462799801731e-01,6.151217566180903207e-01,6.117198428825545431e-01,6.082024747580913049e-01,6.044820864385184178e-01,6.004558943300656315e-01,5.960215112203303134e-01,5.910868485111583359e-01,5.855753184022856050e-01,5.794302904122677900e-01,5.726336616631706455e-01,5.655009706514639856e-01,5.567153302971973305e-01,5.469981128258745162e-01,5.362917381658606208e-01,5.245266486761411828e-01,5.116268983503632350e-01,4.975104720530656444e-01,4.820903245580047125e-01,4.652766860314064834e-01,4.469808986290182418e-01,4.271203372377299634e-01,4.056192238147569018e-01,3.823316348588086666e-01,3.562091259291148559e-01,3.298311213428593569e-01,3.026327422104752585e-01,2.750669974993388278e-01,2.479307041080679175e-01,2.223724903904296113e-01,1.999036242900814331e-01,1.823473289065501712e-01,1.716842625610679740e-01,1.697738296582620987e-01,1.779798090821094469e-01,1.967958791468781554e-01,2.256127853484060919e-01,2.627453946743871227e-01,3.057352798093226354e-01,3.518205211744669936e-01,3.984024847827519755e-01,4.433726207144206288e-01,4.852508378808398359e-01,5.231661929772470909e-01,5.567457901760309857e-01,5.859736107232565994e-01,6.110590723399560442e-01,6.323330611949666835e-01,6.501743850880894460e-01,6.649623016469033976e-01,6.770485371877460468e-01,6.867425618358465877e-01,6.943051859639887136e-01,6.999469448824389151e-01,7.038289066868262944e-01,7.060643995043153209e-01,7.067207461182717365e-01,7.058204849367980538e-01,7.033418147955272648e-01,6.992181858200581246e-01,6.933371198287180404e-01,6.855385287007585982e-01,6.756130579802143155e-01,6.633013741562583387e-01,6.482959053567322050e-01,6.302474045347703502e-01,6.087798671101771752e-01,5.835187263177726846e-01,5.541385297953259625e-01,5.204366202824400878e-01,4.824370635603289492e-01,4.405217290477182468e-01,3.955706173882431176e-01,3.490715297969042008e-01,3.031374400413286430e-01,2.603660691236606151e-01,2.235116464436384676e-01,1.950180991208129988e-01,1.765510235972232167e-01,1.686982982497560180e-01,1.709465737256238294e-01,1.819168127169352722e-01,1.997399669165932923e-01,2.224310977971739600e-01,2.481668827222017482e-01,2.754386001944556517e-01,3.031012642611158880e-01,3.303610411386614931e-01,3.567627969597276238e-01,3.828127902474121047e-01,4.061649308916617240e-01,4.277278152832637015e-01,4.476406856113247512e-01,4.659795239594009542e-01,4.828279009716739401e-01,4.982753634518038433e-01,5.124123026291463878e-01,5.253260519106666138e-01,5.370985699028639759e-01,5.478054437606320048e-01,5.575157842930571483e-01,5.662882979413568219e-01,5.734299930296979930e-01,5.802229221136457893e-01,5.863478165668062347e-01,5.918169795347690831e-01,5.966812947935480338e-01,6.010117760342530424e-01,6.048956591942886707e-01,6.084321621275514680e-01,6.117238330103722532e-01,6.148621660135447087e-01,6.179090920535692533e-01,6.208793370536679346e-01,6.237306145450157713e-01,6.263669804482318026e-01,6.286553707168712757e-01,6.304494796813215896e-01,6.316126352996244142e-01
7.075757575757575246e-01,6.371181367042889621e-01,6.371821401044436284e-01,6.368517622906424425e-01,6.362879811877752978e-01,6.356212388453431616e-01,6.349285755882873028e-01,6.342240079514506190e-01,6.334645694632041746e-01,6.325676979262744304e-01,6.314322513551184901e-01,6.299564815858476052e-01,6.280497665671901375e-01,6.256382286574584395e-01,6.226663976047629445e-01,6.190984933897295539e-01,6.149280583555444268e-01,6.102703797986637202e-01,6.048593981642487183e-01,5.980927578954174928e-01,5.904840826489686778e-01,5.819839362152783302e-01,5.725355126929293492e-01,5.620737875844570297e-01,5.505246539663591898e-01,5.378044551472388468e-01,5.238200446467451421e-01,5.084694977297103957e-01,4.916434181404770176e-01,4.732255579017667912e-01,4.530819055679547458e-01,4.301766068539675802e-01,4.057679755499853380e-01,3.800639185792349939e-01,3.529150313486478785e-01,3.245670250250286548e-01,2.955243079568495856e-01,2.665940742661501717e-01,2.389382608017163456e-01,2.140940503331830447e-01,1.939227675360427894e-01,1.804476978705839840e-01,1.755637191324553592e-01,1.806542333310342807e-01,1.962192621453266728e-01,2.216590176963188497e-01,2.553227793165369075e-01,2.948235302211399955e-01,3.375002148863869844e-01,3.808610194299342222e-01,4.228838053631286398e-01,4.621371474876607710e-01,4.977567836930328893e-01,5.293404502128726818e-01,5.568173104183119504e-01,5.803271907470777258e-01,6.001249139111651809e-01,6.165120210275824020e-01,6.297918796799211183e-01,6.402422865030359400e-01,6.481000110312411522e-01,6.535528789181158649e-01,6.567362357125728911e-01,6.577316850528281966e-01,6.565668024658460888e-01,6.532151307668154772e-01,6.475962415614712198e-01,6.395760834421169161e-01,6.289683156800962571e-01,6.155379301824941418e-01,5.990092698659464920e-01,5.790816002791586703e-01,5.554566269041867344e-01,5.278834892070853879e-01,4.962270812704523415e-01,4.605636351967383746e-01,4.213011844558099406e-01,3.793095197778897920e-01,3.360243692623988143e-01,2.934696636335742959e-01,2.541351880267599395e-01,2.206752963395795242e-01,1.954657647092520323e-01,1.801429071832352791e-01,1.752912662626215923e-01,1.803972495507625562e-01,1.940674145590781385e-01,2.144011037146981158e-01,2.393731828159607888e-01,2.671234316051123159e-01,2.961175558846778633e-01,3.251972295871075613e-01,3.535587083075144021e-01,3.806999470910930605e-01,4.063743612799932126e-01,4.307091688225320181e-01,4.535491677840706171e-01,4.737172378521898319e-01,4.921584176301967428e-01,5.090050348489363330e-01,5.243734023023313151e-01,5.383733041282923182e-01,5.511070574348126971e-01,5.626681093048938598e-01,5.731402978307812424e-01,5.825977988411273900e-01,5.911056452256170379e-01,5.987207782865372474e-01,6.054937778866177345e-01,6.109505892240366665e-01,6.156523288563254814e-01,6.198517572502537654e-01,6.234358798000955160e-01,6.264084491602455174e-01,6.288014109027894039e-01,6.306657614546660184e-01,6.320706485187992385e-01,6.331023183666285581e-01,6.338594139708598751e-01,6.344423923899612516e-01,6.349366692254353461e-01,6.353922487789058771e-01,6.358060573394160864e-01,6.361145154487730657e-01,6.362009729955026005e-01,6.359163073869659177e-01
7.113636363636364202e-01,6.371640605938548862e-01,6.390143120044895486e-01,6.407527345047608902e-01,6.424786882689182965e-01,6.442274175081811327e-01,6.459711611640216455e-01,6.476346042466829545e-01,6.491170208393201024e-01,6.503130975187797480e-01,6.511276460740657024e-01,6.514832583842263825e-01,6.513224766753709094e-01,6.506070397952634643e-01,6.493171928898077150e-01,6.474564691850114295e-01,6.450893592493024409e-01,6.425180951325112355e-01,6.382959825050282809e-01,6.333466475337664603e-01,6.276366370126769123e-01,6.211281142465887584e-01,6.137764584853961924e-01,6.055287556486829148e-01,5.963225926732497184e-01,5.860850201807529247e-01,5.747316701650679871e-01,5.621660585947209077e-01,5.482790642529210556e-01,5.329482198151481720e-01,5.160342553281356270e-01,4.973484658901324851e-01,4.755421094249239200e-01,4.526629624901608029e-01,4.280543112962313934e-01,4.015950428890488477e-01,3.733664413002334981e-01,3.436409396001728345e-01,3.129374100495362354e-01,2.820908246886290605e-01,2.523127793919106576e-01,2.252110409937762014e-01,2.027261036387081883e-01,1.869449517381417403e-01,1.797816012288250831e-01,1.825751365333885268e-01,1.957259669097981269e-01,2.185189265878597353e-01,2.492257321511319179e-01,2.854574362833748880e-01,3.246286991639821262e-01,3.643708641212932697e-01,4.027903734704402772e-01,4.385560607437009040e-01,4.708590817423698449e-01,4.993067250836423221e-01,5.237998157246429587e-01,5.444227168517224991e-01,5.613573613593941802e-01,5.748220225273891204e-01,5.850306840049818158e-01,5.921676493793867069e-01,5.963725638249558481e-01,5.977321624043150372e-01,5.962762634547628116e-01,5.919766045579342162e-01,5.847480707034764524e-01,5.744527665854761711e-01,5.609083358384518991e-01,5.439030062496236217e-01,5.232210387683143837e-01,4.986833920812531185e-01,4.702089351094753122e-01,4.379003058525356984e-01,4.021536536127652828e-01,3.637807813096901044e-01,3.241146631118261290e-01,2.850486873745899929e-01,2.489485794178720179e-01,2.183935659070782020e-01,1.957635858593921030e-01,1.827761567356743777e-01,1.801356749919660050e-01,1.874327569977815855e-01,2.033223660534389798e-01,2.258878933194000405e-01,2.530426622129196557e-01,2.828484879699211252e-01,3.137009483546577826e-01,3.443920283283003481e-01,3.740900080725668153e-01,4.022785420113408339e-01,4.286865656145484871e-01,4.532318923507300812e-01,4.760263628936792779e-01,4.976835842216295602e-01,5.163654053281859779e-01,5.332820431300160369e-01,5.486171606124438105e-01,5.625091129017101288e-01,5.750802216140085132e-01,5.864396807356331287e-01,5.966841067447810065e-01,6.058980061071999046e-01,6.141544583405220692e-01,6.215160078496633211e-01,6.280357436303171115e-01,6.337586318147473419e-01,6.387234741986647091e-01,6.429683181102939793e-01,6.456436683502281282e-01,6.480729461321576013e-01,6.499841059311154412e-01,6.513154353207207814e-01,6.520624435792027329e-01,6.522425845591123261e-01,6.518908923133908129e-01,6.510608728375822940e-01,6.498255631727707371e-01,6.482759072864240357e-01,6.465139410280237309e-01,6.446391403931974740e-01,6.427286288444346019e-01,6.408156273286818028e-01,6.388737594519462437e-01,6.368147327040043493e-01
7.151515151515150936e-01,6.351418890769469083e-01,6.390028911691612024e-01,6.429139620928141508e-01,6.468711408822584996e-01,6.508128132694969148e-01,6.546412521769144899e-01,6.582461730112912912e-01,6.615233882424773615e-01,6.643858771235964245e-01,6.667680130406737904e-01,6.686252790880945485e-01,6.699320106076610548e-01,6.706795544396052522e-01,6.708782978193704727e-01,6.705762886545065804e-01,6.700726079323560125e-01,6.685130930035466656e-01,6.658792509735468323e-01,6.625841345935781224e-01,6.586034889547218718e-01,6.539095224040837318e-01,6.484683617377392517e-01,6.422386047687189681e-01,6.351701038987908055e-01,6.272027896172485129e-01,6.182654740759776502e-01,6.082746153644307263e-01,5.971330195490175408e-01,5.847283459913344972e-01,5.709306672281758699e-01,5.555841591524226519e-01,5.380492971425757665e-01,5.180611867872206844e-01,4.968127844990616326e-01,4.736240917041650289e-01,4.483288088746967270e-01,4.208793703827459765e-01,3.913637347564103419e-01,3.600606590496530646e-01,3.275138655576972369e-01,2.946124465596645647e-01,2.626552102342719075e-01,2.333622863347664944e-01,2.087869365372522767e-01,1.910886621333046931e-01,1.821702152926725493e-01,1.832539232359368386e-01,1.945407129295151638e-01,2.151000214130941723e-01,2.430518476319645793e-01,2.759691884821723895e-01,3.113405379409809881e-01,3.469401117544183566e-01,3.810311490956498348e-01,4.124102821092294202e-01,4.403460438589761328e-01,4.644696900704701203e-01,4.846602266976719475e-01,5.009456270894881991e-01,5.134274334112236549e-01,5.222277641846494456e-01,5.274545297158577117e-01,5.291802763755762973e-01,5.274310083783305680e-01,5.221827287309356302e-01,5.133649414094161312e-01,5.008718659428111897e-01,4.845836136638970726e-01,4.644009632912903807e-01,4.402982945935404180e-01,4.123988509732868235e-01,3.810732780218983873e-01,3.470542198848490245e-01,3.115449968001789971e-01,2.762805431710182447e-01,2.434825949895965125e-01,2.156563008065392473e-01,1.952204977249612783e-01,1.840463562642886963e-01,1.830564778018294592e-01,1.920442540901782236e-01,2.097847403327775251e-01,2.343755769353942642e-01,2.636599443704490953e-01,2.955885461544485726e-01,3.284455669492937768e-01,3.609361918489097931e-01,3.921746202250426250e-01,4.216195540687760479e-01,4.489937227851930612e-01,4.742095766057322082e-01,4.973134290364371601e-01,5.184658601254584775e-01,5.382922317179418270e-01,5.557541527844139795e-01,5.710873501989643941e-01,5.848769757272579417e-01,5.972766387985054548e-01,6.084155566986840791e-01,6.184058055343517601e-01,6.273444938086638611e-01,6.353151655910002082e-01,6.423890643290991465e-01,6.486263596838327539e-01,6.540773525903704755e-01,6.587836839232275032e-01,6.627796356321650206e-01,6.660938258637005838e-01,6.687527752800420666e-01,6.703992809102179429e-01,6.710066688769650289e-01,6.713809535903749737e-01,6.712459972599758018e-01,6.705566378938103700e-01,6.693026353073233681e-01,6.674915387932908173e-01,6.651469425015881232e-01,6.623103870926664305e-01,6.590436974315144747e-01,6.554295011850038710e-01,6.515674948400786981e-01,6.475641764128667877e-01,6.435152286706429248e-01,6.394829816800159383e-01,6.354754663689008432e-01
7.189393939393939892e-01,6.317963991472411722e-01,6.376161776987575580e-01,6.434967605948139768e-01,6.493512943206221077e-01,6.550676254599137049e-01,6.605312947439252458e-01,6.656413715347987425e-01,6.703182725364448258e-01,6.745054120667198783e-01,6.781673115322023326e-01,6.812864899683863662e-01,6.838610037379220241e-01,6.859048813412212953e-01,6.874580250741014753e-01,6.886520600287142635e-01,6.896075777795593886e-01,6.890046419158609714e-01,6.878200826012050850e-01,6.860340879000544900e-01,6.836303384771920122e-01,6.805892829748396711e-01,6.768861867980004998e-01,6.724898936341398015e-01,6.673617277839178907e-01,6.614543744657279678e-01,6.547106694330002696e-01,6.470622580477921604e-01,6.384280864216150819e-01,6.287126483345312211e-01,6.178037172068786553e-01,6.055682632453930347e-01,5.918360551121308877e-01,5.753357277603706743e-01,5.575442805522459189e-01,5.380653221355600202e-01,5.165501986057223771e-01,4.927851369230652478e-01,4.666231469454208969e-01,4.380062693047876987e-01,4.070153730029532624e-01,3.739411195922162645e-01,3.393710684692319290e-01,3.042795255539758048e-01,2.700920462010448775e-01,2.386796729114316618e-01,2.122301862902741254e-01,1.929628578390093219e-01,1.827124323667569661e-01,1.824925648471244222e-01,1.922048769430945436e-01,2.106272291778417960e-01,2.356927053914358305e-01,2.649379900927733567e-01,2.959469032258958410e-01,3.266607224190278269e-01,3.555168597061145741e-01,3.814480755341235763e-01,4.038010745380734012e-01,4.222267078142569185e-01,4.365747322212631953e-01,4.468082103059060062e-01,4.529411596097748238e-01,4.549976128355459615e-01,4.529887985839153863e-01,4.469058452113715552e-01,4.367270499362367886e-01,4.224406502780156392e-01,4.040856725757419055e-01,3.818141228710111856e-01,3.559763347407947642e-01,3.272258527127515082e-01,2.966287864171122668e-01,2.657447633860961500e-01,2.366274169090043789e-01,2.116857943848585999e-01,1.933747136765014141e-01,1.837525306635774125e-01,1.840344010165056166e-01,1.943147123239263308e-01,2.135794556045620685e-01,2.399968333888467531e-01,2.713527523110710882e-01,3.054655289689588438e-01,3.404700239447970289e-01,3.749456875353412988e-01,4.079220221877226660e-01,4.388140616470767030e-01,4.673326427113091430e-01,4.933974344652646282e-01,5.170660029270496283e-01,5.384837165713683982e-01,5.578600230923068670e-01,5.755267101684039543e-01,5.918561815638710977e-01,6.055616078107615152e-01,6.177797315515225485e-01,6.286762336063559387e-01,6.383827742962641105e-01,6.470109758028436131e-01,6.546560409346994236e-01,6.613988729323867499e-01,6.673077704842752533e-01,6.724399130580374084e-01,6.768426956904772807e-01,6.805549464071832810e-01,6.836080699663691362e-01,6.860272032518246466e-01,6.878326005451504965e-01,6.890420532196372960e-01,6.896802527206142841e-01,6.888710285500228014e-01,6.877701047730753192e-01,6.862935266016055857e-01,6.843204216552493113e-01,6.818137645629648302e-01,6.787604006029516190e-01,6.751620849133515012e-01,6.710352216286035176e-01,6.664132921751820815e-01,6.613498945143461150e-01,6.559206346880951388e-01,6.502216629117477664e-01,6.443623391237872644e-01,6.384502374371663347e-01,6.325692598068598516e-01
7.227272727272727737e-01,6.280801086373056785e-01,6.355841860595180526e-01,6.430620809189308007e-01,6.503925834094709257e-01,6.574596586618781657e-01,6.641655918929764146e-01,6.704362393981232460e-01,6.762208876320000561e-01,6.814893880815037219e-01,6.862286180944084935e-01,6.904397193373578157e-01,6.941375973764749574e-01,6.973563026945873711e-01,7.001787262313473592e-01,7.033130197785962823e-01,7.044673635390515942e-01,7.051367372799958178e-01,7.052687649076092580e-01,7.048524372899920287e-01,7.038775664407032062e-01,7.023311916317188652e-01,7.001961219296126693e-01,6.974499190244247693e-01,6.940639594977383586e-01,6.900024515194042030e-01,6.852213428492919256e-01,6.796670756916110001e-01,6.732751457279025908e-01,6.659684063250799202e-01,6.576549899428741908e-01,6.482254198039230086e-01,6.375467064276878482e-01,6.254195500819538234e-01,6.103680732710053958e-01,5.944980992773197803e-01,5.768748427399676970e-01,5.571959393609736688e-01,5.352094974468923905e-01,5.106937827082396186e-01,4.834773233964554939e-01,4.534806829775496761e-01,4.207798232086906176e-01,3.856913401093869376e-01,3.488737081623168312e-01,3.114257994969839016e-01,2.749450566944934837e-01,2.414896159620917304e-01,2.133879016067681267e-01,1.928770490248043201e-01,1.816334697658086306e-01,1.803486239798489654e-01,1.885285816684278692e-01,2.046114758699122682e-01,2.263462172865052247e-01,2.512654985128241480e-01,2.770839118792119971e-01,3.019322028608739106e-01,3.244283877118044335e-01,3.436369240794742708e-01,3.589747940977364160e-01,3.701080450611934913e-01,3.768628863618245783e-01,3.791610622727761282e-01,3.769815270118571093e-01,3.703477823538562919e-01,3.593403633908947570e-01,3.441349487256357698e-01,3.250667008025534543e-01,3.027187889762683604e-01,2.780253859810059014e-01,2.523651087345232247e-01,2.276015156676755857e-01,2.060120454589584316e-01,1.900544656339955840e-01,1.819702029826927303e-01,1.833132854198356865e-01,1.945734419500639023e-01,2.150595955694472317e-01,2.430999862619092067e-01,2.764650283556288057e-01,3.128349589565261324e-01,3.501598606903741362e-01,3.868490949207682439e-01,4.218088050688301172e-01,4.543837953749151337e-01,4.842592777432779272e-01,5.113599431253634808e-01,5.357649844993570554e-01,5.576448583119764102e-01,5.772193761696732262e-01,5.947367628240919357e-01,6.104898206875115640e-01,6.253219002803613868e-01,6.374051393297432977e-01,6.480589312663561641e-01,6.574703711837749376e-01,6.657701440819159266e-01,6.730667518843865826e-01,6.794515460762393655e-01,6.850013764777856951e-01,6.897805797920499860e-01,6.938426363446978939e-01,6.972315941659207317e-01,6.999833096709715541e-01,7.021265451685342329e-01,7.036839701016063264e-01,7.046731390173011089e-01,7.051076008994928701e-01,7.049986044161999921e-01,7.043596271764203109e-01,7.032602523573018294e-01,7.003021214402317396e-01,6.975675240534983113e-01,6.944258397373505032e-01,6.908013326040760571e-01,6.866627629094095298e-01,6.819965694494100061e-01,6.768020953924061001e-01,6.710921852422535583e-01,6.648958590944428204e-01,6.582616890564335632e-01,6.512605047896318222e-01,6.439854788410732667e-01,6.365470581373221526e-01,6.290603768392607487e-01
7.265151515151515582e-01,6.234567303044760145e-01,6.322695647592255774e-01,6.409441909258800640e-01,6.493638816957807425e-01,6.574331044388475043e-01,6.650808884250569708e-01,6.722595073489794348e-01,6.789410661717433237e-01,6.851137848039272615e-01,6.907791142743834323e-01,6.959506788386556897e-01,7.006571212908065949e-01,7.049574065891510699e-01,7.090411716283424592e-01,7.127369605436821853e-01,7.150353952461049323e-01,7.168523604143259842e-01,7.181732902014705822e-01,7.189926501752365029e-01,7.193048874336505083e-01,7.191022226429646391e-01,7.183735582785107932e-01,7.171036604615956822e-01,7.152723844588098068e-01,7.128538512563995511e-01,7.098155222978580481e-01,7.061171311304794695e-01,7.017094310850633399e-01,6.965327093573911998e-01,6.905149898659986851e-01,6.835697507025239039e-01,6.755925457292928371e-01,6.664525823778920666e-01,6.550838349613655742e-01,6.424151871855334761e-01,6.284393325230051008e-01,6.127354525534921548e-01,5.950148100405204810e-01,5.749991623199848245e-01,5.524132082149892931e-01,5.269997719924437440e-01,4.985524916840500254e-01,4.669691098865343393e-01,4.323292187827167399e-01,3.949965928540587479e-01,3.557362469462385657e-01,3.158183677276608647e-01,2.770578773488840962e-01,2.417220413094910425e-01,2.122529027053232098e-01,1.908174545435953051e-01,1.788031959905529156e-01,1.764534007961362783e-01,1.828060129659704047e-01,1.959584757070216288e-01,2.135259271186930041e-01,2.331011708844899222e-01,2.525788750145757655e-01,2.703057135282397883e-01,2.850920276806013232e-01,2.961462091992429491e-01,3.029850509547403759e-01,3.053540987274258600e-01,3.031752698214096875e-01,2.965286810146152696e-01,2.856703788412674472e-01,2.710842336503693772e-01,2.535610330237814125e-01,2.342875413777064653e-01,2.149116164139719676e-01,1.975303766476779188e-01,1.845405356781322503e-01,1.783155730075118295e-01,1.807479519485312991e-01,1.927933535063544035e-01,2.142075771976202081e-01,2.436078918285315698e-01,2.788364381372253620e-01,3.174624241196327135e-01,3.572297183838064605e-01,3.963328587862843810e-01,4.335087427110983493e-01,4.679970383379199461e-01,4.994366068443493178e-01,5.277489221693263399e-01,5.530361818579870858e-01,5.755038927104900726e-01,5.954077562661744816e-01,6.130209374681715451e-01,6.286183830981449949e-01,6.424822685516649035e-01,6.550082088046284001e-01,6.662078849369661437e-01,6.753157765580056759e-01,6.832703404814075565e-01,6.901983486040227378e-01,6.962028086268874372e-01,7.013695074580358346e-01,7.057699881730945535e-01,7.094636957867928029e-01,7.124997164169196706e-01,7.149182360010798432e-01,7.167517802508327485e-01,7.180262796776285539e-01,7.187619990859452912e-01,7.189743743708034707e-01,7.186748155542467265e-01,7.178715853230729360e-01,7.165710341117615956e-01,7.147802384801119624e-01,7.125182077756408994e-01,7.089807282664960519e-01,7.050048738794894021e-01,7.007867631843216483e-01,6.961551172110954644e-01,6.910563533438935924e-01,6.854645336447776627e-01,6.793676681149646290e-01,6.727652689932296370e-01,6.656694554720553603e-01,6.581077221226644403e-01,6.501264418655445798e-01,6.417940170414334622e-01,6.332019638132320161e-01,6.244614706124135273e-01
7.303030303030303427e-01,6.174986166618767758e-01,6.272543518269421137e-01,6.367814501538593408e-01,6.459850754840468223e-01,6.547952547359088271e-01,6.631648284393159010e-01,6.710657548321593557e-01,6.784853489605864318e-01,6.854233631928413617e-01,6.918905852441118443e-01,6.979101762118987695e-01,7.035260888338338292e-01,7.088436405467414270e-01,7.144258969124852587e-01,7.181255871927970658e-01,7.214183981616580921e-01,7.242584646477427945e-01,7.266398635387306681e-01,7.285606863992276638e-01,7.300188016127654445e-01,7.310103989530525315e-01,7.315291664537107996e-01,7.315656410030100254e-01,7.311065835274045410e-01,7.301343112820093406e-01,7.286259451445902258e-01,7.265525370349822376e-01,7.238780421238827367e-01,7.205580948214341808e-01,7.165385342662698998e-01,7.117535910061867366e-01,7.061235301827119004e-01,6.995509474580509091e-01,6.919072114186468614e-01,6.817639711386295209e-01,6.709955805075916713e-01,6.588873408919662111e-01,6.451269073671296317e-01,6.294340678776708664e-01,6.115159573756334677e-01,5.910622691949017904e-01,5.677547164549865411e-01,5.412905054546812700e-01,5.114244221624177911e-01,4.780356045522446418e-01,4.412236119527958578e-01,4.014316386611446186e-01,3.595794546854231277e-01,3.171639308252097722e-01,2.762581499516958417e-01,2.393327491286074971e-01,2.088657813226610094e-01,1.868101286237953129e-01,1.741019511789011209e-01,1.704234880882561087e-01,1.743244828857251350e-01,1.836259391015955811e-01,1.959131671366043381e-01,2.089394516097177745e-01,2.208593643857456879e-01,2.303051548201816012e-01,2.363654369814091605e-01,2.385275741744745104e-01,2.366273850766078546e-01,2.308297110316529233e-01,2.216470039938627790e-01,2.099887697186713642e-01,1.972183847723055494e-01,1.851738428388614022e-01,1.760913513141934006e-01,1.723729385731493091e-01,1.761848398683000527e-01,1.889673308441064958e-01,2.110337382828784969e-01,2.414504594868553400e-01,2.782735726702833534e-01,3.190380718379181579e-01,3.612875008279802236e-01,4.029616258406029661e-01,4.425736890668955925e-01,4.792109237674013200e-01,5.124343336372559898e-01,5.421463528889398642e-01,5.684682630970604444e-01,5.916446473191850908e-01,6.119769857407373337e-01,6.297817703335161221e-01,6.453670413919280202e-01,6.590226209084132369e-01,6.710237167058261676e-01,6.816699695892876054e-01,6.915908864841395776e-01,6.991928628445969185e-01,7.057390632707452038e-01,7.113492703174106868e-01,7.161187545041647340e-01,7.201262637865413208e-01,7.234370021278599960e-01,7.261047746720643570e-01,7.281737174382416633e-01,7.296797329871693716e-01,7.306516950669343924e-01,7.311124672560745941e-01,7.310797730415897755e-01,7.305669517403674540e-01,7.295836361765688505e-01,7.281363979878858750e-01,7.262294378249096738e-01,7.238654966447967132e-01,7.210475377563070332e-01,7.177837909015495343e-01,7.141310937287104199e-01,7.087415622339163779e-01,7.035152253327109362e-01,6.979750710486976040e-01,6.920261660372017953e-01,6.856288708286666367e-01,6.787625943931437922e-01,6.714183439464537217e-01,6.635976563963369435e-01,6.553140178552326889e-01,6.465956582432980104e-01,6.374890774397226068e-01,6.280624203347697776e-01,6.184071710615938189e-01
7.340909090909091272e-01,6.099090404030056423e-01,6.203072073357598359e-01,6.304224554546375980e-01,6.401838617783747187e-01,6.495429036443871595e-01,6.584696197194195300e-01,6.669488503186876693e-01,6.749773055321938164e-01,6.825619314083231082e-01,6.897203024549815042e-01,6.964853673266684364e-01,7.029252580173073195e-01,7.092829795966663076e-01,7.150482944330818214e-01,7.196185027286956526e-01,7.237791619159033019e-01,7.275162977647094964e-01,7.308282008799968921e-01,7.337153532469371520e-01,7.361780586640226387e-01,7.382154401765274043e-01,7.398248160509970361e-01,7.410011892821477542e-01,7.417367522794865442e-01,7.420203580136786048e-01,7.418369252730067087e-01,7.411667502301240162e-01,7.399846957963586158e-01,7.382592262790146354e-01,7.359512476543365045e-01,7.330127007819210450e-01,7.293848251030732310e-01,7.249959077487614367e-01,7.197576911996925730e-01,7.128464681549762094e-01,7.046720270054487312e-01,6.956552211773150418e-01,6.853608508561108703e-01,6.735227011328511759e-01,6.598709924586112496e-01,6.441089304732233733e-01,6.259073374396573186e-01,6.049085212389880839e-01,5.807410167822377733e-01,5.530503238125754617e-01,5.215528975485828056e-01,4.861210951584097328e-01,4.469031697803447223e-01,4.044708133476527800e-01,3.599635595802182508e-01,3.151667738639347682e-01,2.724347698536757623e-01,2.343869427001830374e-01,2.033925251748980589e-01,1.809959574646945180e-01,1.675224938132553187e-01,1.620440117880386222e-01,1.626992934987996908e-01,1.671943899431425351e-01,1.732744858685274503e-01,1.790439933114437165e-01,1.831216384828338317e-01,1.846829477326119295e-01,1.834548538834753217e-01,1.797081508977309006e-01,1.742636909510509868e-01,1.684965851356165778e-01,1.642929444987892007e-01,1.638948524972370924e-01,1.695815989005696467e-01,1.832005332766010464e-01,2.056702236515188242e-01,2.366631678689895268e-01,2.746410078655341924e-01,3.172474263902517744e-01,3.618795246955808231e-01,4.061995530719783032e-01,4.484362292156601204e-01,4.874604574361962595e-01,5.227073082032690499e-01,5.540322177048677688e-01,5.815642464158490288e-01,6.055868259753207639e-01,6.264533853246343487e-01,6.445337450889663256e-01,6.601835905487408729e-01,6.737297701668552019e-01,6.854662356401547418e-01,6.956586973553473552e-01,7.045653365258122136e-01,7.125866119311343727e-01,7.193441495577655997e-01,7.245522797615324695e-01,7.289194280711570606e-01,7.325304163106280964e-01,7.354556330378199114e-01,7.377531300711873685e-01,7.394705297727280913e-01,7.406466396450888112e-01,7.413128054621377361e-01,7.414940442437464307e-01,7.412099956187332417e-01,7.404757256703832224e-01,7.393024134843286799e-01,7.376979483244162639e-01,7.356674659212842915e-01,7.332138586353186271e-01,7.303383141515517041e-01,7.270409961961066259e-01,7.233221771268243394e-01,7.191849836183620281e-01,7.146472106204631025e-01,7.090343785401633792e-01,7.027920569710242038e-01,6.964313741513319389e-01,6.897351139828621358e-01,6.826421053350992807e-01,6.751229848699568103e-01,6.671625955713796907e-01,6.587558568909402945e-01,6.499075593201040224e-01,6.406340003307122721e-01,6.309657935533135031e-01,6.209513909765105311e-01,6.106605725020165520e-01
7.378787878787879118e-01,6.011447496062566342e-01,6.119686228708545173e-01,6.224869645404104146e-01,6.326483395767946716e-01,6.424195856021867046e-01,6.517820331628246810e-01,6.607285380147489562e-01,6.692616622154105022e-01,6.773934362230469297e-01,6.851479904561289525e-01,6.925721843675353151e-01,6.997858731076249672e-01,7.071838159759035181e-01,7.128302992670642046e-01,7.181308732788974636e-01,7.230405221031310781e-01,7.275538682717836991e-01,7.316714839083671151e-01,7.353953531825774270e-01,7.387274157145272691e-01,7.416688544802328975e-01,7.442196204574298424e-01,7.463780339945249587e-01,7.481403971050684110e-01,7.495005817468490816e-01,7.504495698700595074e-01,7.509749239934476739e-01,7.510601664205801553e-01,7.506840424627180264e-01,7.498196388197951867e-01,7.484333230453062979e-01,7.464834649397255051e-01,7.439189013193518996e-01,7.406771515292852603e-01,7.366831614722327837e-01,7.306316745106892219e-01,7.241438268439873704e-01,7.167511043357074341e-01,7.081789265176527959e-01,6.981913459893790419e-01,6.865324982311872271e-01,6.729106383106009392e-01,6.569911558852056244e-01,6.383954212700601039e-01,6.167076448122534860e-01,5.914948052827991853e-01,5.623473239318612649e-01,5.289501217764668306e-01,4.911929291116980956e-01,4.493211350910241153e-01,4.041086655779376757e-01,3.569999808917009854e-01,3.101298257060923769e-01,2.661199514518901021e-01,2.276162565419002914e-01,1.966734765268106644e-01,1.742325561012036672e-01,1.599352266815008417e-01,1.523474932991619180e-01,1.494520923608209650e-01,1.491825824847131388e-01,1.498352337499831710e-01,1.503134104061145115e-01,1.502392484532048267e-01,1.499830458367563402e-01,1.506320997851543775e-01,1.538777970071272261e-01,1.617711461259112304e-01,1.763124868133252865e-01,1.989207218323616189e-01,2.299449917963952150e-01,2.684443465999385436e-01,3.123736780108157252e-01,3.591038750339256569e-01,4.060329508893050776e-01,4.510448963691120472e-01,4.927104006675215864e-01,5.302662170308394263e-01,5.634734776735385031e-01,5.924456941058336978e-01,6.174988822760842933e-01,6.390420822373983345e-01,6.575069079433703001e-01,6.733072663658774548e-01,6.868196424850566695e-01,6.983762969612430371e-01,7.082662992829192872e-01,7.167420607915763187e-01,7.240338154396284143e-01,7.304008362249808650e-01,7.362377724574492577e-01,7.401959512388505136e-01,7.434143555186569774e-01,7.459611726255158670e-01,7.478970230871699876e-01,7.492721820186122317e-01,7.501277589518654532e-01,7.504970497093903514e-01,7.504067405688784609e-01,7.498779331081932842e-01,7.489270070141775815e-01,7.475663466627775477e-01,7.458049568298046328e-01,7.436489906946723849e-01,7.411022116316838826e-01,7.381664104894054557e-01,7.348418041492931208e-01,7.311274540159151680e-01,7.270217790864123009e-01,7.225233473462877587e-01,7.176325310797327939e-01,7.123567235089256489e-01,7.067492139697199027e-01,6.995432003240620311e-01,6.924187409674382732e-01,6.850636171691599774e-01,6.773707737023701991e-01,6.692984496735625566e-01,6.608255680965580137e-01,6.519423601457161599e-01,6.426481439541347207e-01,6.329516974756347336e-01,6.228730731389175990e-01,6.124464515074700133e-01,6.017236910925775062e-01
7.416666666666666963e-01,5.913794295461041184e-01,6.024747943782369219e-01,6.132635366881163952e-01,6.237083664327277566e-01,6.337864627025471265e-01,6.434864097597017274e-01,6.528061934424491675e-01,6.617525049128496484e-01,6.703420696653532573e-01,6.786076351725249811e-01,6.866212276688443694e-01,6.946762071500770519e-01,7.019307341519307464e-01,7.081995733492998379e-01,7.141140639250859179e-01,7.196587235520671699e-01,7.248318439906084043e-01,7.296352030822199630e-01,7.340716344500549662e-01,7.381440763416318163e-01,7.418550545833081378e-01,7.452063190740608745e-01,7.481985339440663241e-01,7.508309768699786835e-01,7.531012226472011406e-01,7.550047932875201262e-01,7.565347589633930614e-01,7.576812736959143146e-01,7.584310278854682341e-01,7.587665973179883450e-01,7.586656662781862126e-01,7.581001042875977758e-01,7.570348951975776064e-01,7.554270229204514964e-01,7.532251894219997856e-01,7.498443031110679780e-01,7.452012534728645887e-01,7.401476797536826746e-01,7.342413040883724040e-01,7.272696630241481941e-01,7.190221383855475157e-01,7.092602856794014698e-01,6.977047454662189674e-01,6.840265236789463410e-01,6.678415788847305024e-01,6.487108383011752633e-01,6.261502767067891329e-01,5.996586176849248995e-01,5.687733262645630061e-01,5.331672492847013833e-01,4.927946712586704914e-01,4.480802346643070200e-01,4.001108956034657438e-01,3.507435878936740470e-01,3.025082885303448932e-01,2.582222186648480133e-01,2.203704582976304949e-01,1.904880742997083765e-01,1.688414799010287959e-01,1.545592762934283326e-01,1.461152254080443913e-01,1.419215683711558262e-01,1.408228199425889116e-01,1.423960510940993629e-01,1.470479822935590319e-01,1.559162273098963214e-01,1.705685400240145311e-01,1.925106447202212245e-01,2.225967180624392472e-01,2.605511316573225211e-01,3.048409083486083304e-01,3.529942608649500602e-01,4.022148688047190723e-01,4.499960336434176700e-01,4.945019301783720178e-01,5.346619782110775265e-01,5.700625904004238409e-01,6.007558834994473074e-01,6.270719147768887280e-01,6.494737732044844059e-01,6.684618551674308407e-01,6.845185128209515524e-01,6.980807539839742892e-01,7.095303777545501900e-01,7.191940258012965437e-01,7.273485185847052836e-01,7.342292760984833189e-01,7.400425338493766825e-01,7.449917371947614164e-01,7.494735563513845733e-01,7.527240690256954414e-01,7.549007474827224007e-01,7.564903745380680000e-01,7.575413614585518873e-01,7.580955762292224120e-01,7.581874139344252361e-01,7.578446185381818578e-01,7.570892477129994580e-01,7.559385484153406942e-01,7.544057093590955665e-01,7.525004985652896661e-01,7.502298033300877078e-01,7.475980907399593089e-01,7.446078056584892746e-01,7.412597220234334872e-01,7.375532634454927683e-01,7.334868118892726718e-01,7.290580317176708069e-01,7.242642589787785523e-01,7.191030690956202731e-01,7.135733421094371254e-01,7.076780152131139090e-01,7.014357824272265951e-01,6.943185329032152131e-01,6.863831264098236851e-01,6.784429009501724561e-01,6.702374368966605989e-01,6.617026395850769127e-01,6.528097107578341163e-01,6.435445736351546042e-01,6.339026517195774924e-01,6.238878257317221898e-01,6.135132323600586135e-01,6.028032630698141325e-01,5.917965257243739119e-01
7.454545454545454808e-01,5.808515241980632959e-01,5.921095571370308397e-01,6.030721656414356202e-01,6.137119906282895165e-01,6.240131990397281836e-01,6.339692588137919582e-01,6.435818681484110071e-01,6.528614229472342601e-01,6.618304277226813026e-01,6.705356197072284141e-01,6.791062479887481906e-01,6.877831217230923055e-01,6.948455484030129359e-01,7.016107304346076434e-01,7.080336002741837165e-01,7.141072442997549174e-01,7.198316557677638672e-01,7.252091501621866776e-01,7.302429281645823611e-01,7.349364278395361660e-01,7.392929429318264578e-01,7.433153438825600423e-01,7.470058376103387854e-01,7.503657357066437772e-01,7.533952134238339760e-01,7.560930467356267171e-01,7.584563162577144801e-01,7.604800666421491773e-01,7.621569089990161139e-01,7.634765525762635674e-01,7.644252514664803266e-01,7.649851557289777393e-01,7.651335753225799730e-01,7.648422485714361230e-01,7.640771525616162352e-01,7.628040971872983578e-01,7.598409685379045042e-01,7.565823590839995116e-01,7.527815809461614327e-01,7.482100668027630297e-01,7.426932503108696348e-01,7.360442507579303406e-01,7.280449704689527790e-01,7.184341986899769328e-01,7.068974107155092668e-01,6.930579110114776231e-01,6.764710936031149702e-01,6.566258263488389257e-01,6.329600395270567059e-01,6.049015616040535059e-01,5.719490426884766832e-01,5.338080920853978117e-01,4.905876019127314858e-01,4.430312076746908967e-01,3.927056567085692729e-01,3.420134276105131765e-01,2.939018472529614789e-01,2.512682444083517708e-01,2.162762310732661841e-01,1.899261677627231970e-01,1.721054727978259813e-01,1.620581285315275122e-01,1.590009094823132685e-01,1.626040427950814216e-01,1.731678743050841240e-01,1.914460776599489489e-01,2.181667304811226449e-01,2.534203191138731381e-01,2.961955457369462308e-01,3.443324313190739838e-01,3.949509197537590666e-01,4.451294933216045080e-01,4.924933601648902037e-01,5.355000137547987205e-01,5.734239699338068430e-01,6.061681278422291763e-01,6.340333822815056308e-01,6.575237835487274252e-01,6.772117538978565943e-01,6.936581890852885346e-01,7.073723105012477141e-01,7.187964925803838057e-01,7.283050964097266267e-01,7.362102834665705808e-01,7.427708241595922800e-01,7.482020926417289886e-01,7.526874151716579364e-01,7.563952696092643979e-01,7.595368508497176707e-01,7.622980894648885286e-01,7.635424603359538542e-01,7.642889155878201946e-01,7.645661372229012320e-01,7.644065665756717420e-01,7.638377062535075535e-01,7.628818018939598211e-01,7.615564156786877037e-01,7.598750972778299806e-01,7.578480010559349722e-01,7.554824222843864456e-01,7.527832557210105691e-01,7.497533876282669318e-01,7.463940335271567195e-01,7.427050334722943292e-01,7.386851160534678717e-01,7.343321425519849788e-01,7.296433446831722680e-01,7.246155751117505650e-01,7.192456044582884456e-01,7.135305365430322233e-01,7.074685258064915550e-01,7.010603861842169549e-01,6.943147471603396959e-01,6.872832137809997688e-01,6.787900541591548320e-01,6.703048254230635772e-01,6.616611051938144916e-01,6.527441858807150332e-01,6.435128131301444121e-01,6.339476664751522161e-01,6.240406868747887525e-01,6.137921639492989190e-01,6.032104778732593209e-01,5.923132536393584946e-01,5.811295850444141431e-01
7.492424242424242653e-01,5.698983749736500348e-01,5.812430564175000702e-01,5.923091969053818628e-01,6.030765922044178939e-01,6.135344380295498778e-01,6.236799086330035990e-01,6.335180040955104008e-01,6.430634159723082055e-01,6.523472783297806776e-01,6.614428865177738315e-01,6.706900717180028781e-01,6.789609108776352153e-01,6.864336221961506723e-01,6.935972816071861446e-01,7.004343384105428116e-01,7.069414000558300604e-01,7.131191819698605716e-01,7.189701033794668739e-01,7.244973800319404189e-01,7.297045690763623860e-01,7.345952835058778829e-01,7.391729771380833869e-01,7.434407583498576777e-01,7.474012117563818558e-01,7.510562154614008890e-01,7.544067449398221825e-01,7.574526557875832511e-01,7.601924376185806853e-01,7.626229308823704311e-01,7.647389978336527339e-01,7.665331392523991871e-01,7.679950523433279885e-01,7.691111407023139002e-01,7.698640453743932355e-01,7.702325197322484884e-01,7.701936231715488246e-01,7.693805259884037850e-01,7.672359990731735246e-01,7.650361480874338094e-01,7.623148475965849657e-01,7.589129128091289811e-01,7.546844423040884875e-01,7.494656709398445082e-01,7.430609812703090622e-01,7.352316264753476771e-01,7.256844505782785726e-01,7.140603899568940260e-01,6.999240435469579191e-01,6.827575700093521105e-01,6.619652695889878258e-01,6.368998062518214098e-01,6.069266999131560647e-01,5.715478722523823496e-01,5.306007372746848194e-01,4.845244134413976278e-01,4.346282327429392689e-01,3.832223259079304833e-01,3.334392947024260589e-01,2.886836166684684235e-01,2.518945018863664731e-01,2.250047672449528857e-01,2.088861770797652284e-01,2.037281965378353321e-01,2.095089013215702678e-01,2.262012054593871557e-01,2.535710655992066687e-01,2.907125485538901155e-01,3.356756302943463277e-01,3.855244887728107028e-01,4.368763454988436878e-01,4.866310141713093285e-01,5.325124329191415207e-01,5.732402887807404035e-01,6.083965165709187550e-01,6.381568946282556443e-01,6.630264509167911324e-01,6.836423109596765357e-01,7.006518027316118724e-01,7.146491524343698831e-01,7.261500264612388289e-01,7.355873944946724752e-01,7.433178585408453110e-01,7.496321619054474583e-01,7.547666565111449399e-01,7.589144332740180854e-01,7.622362346478592787e-01,7.648734662827254560e-01,7.669756619549156218e-01,7.689512772768057891e-01,7.696607671378699056e-01,7.696802780676786915e-01,7.692979895855809325e-01,7.685344144541148559e-01,7.674098266853031092e-01,7.659410634937359186e-01,7.641413997008282832e-01,7.620209244183389075e-01,7.595869892188812367e-01,7.568446285744082624e-01,7.537969309575059951e-01,7.504453607301974083e-01,7.467900371754300215e-01,7.428299784496681379e-01,7.385633182268427355e-01,7.339875026277655756e-01,7.290994753515948057e-01,7.238958604392849994e-01,7.183731560942343553e-01,7.125279625450618992e-01,7.063572904914344752e-01,6.998590607501014027e-01,6.930331109234002529e-01,6.858838760604738516e-01,6.784316059693911161e-01,6.702797522082459825e-01,6.611547700802625771e-01,6.521264438109487527e-01,6.428944504557650985e-01,6.333939951857465722e-01,6.235980091284964999e-01,6.134944535778307229e-01,6.030804294420116785e-01,5.923606548361146640e-01,5.813477807593464552e-01,5.700638874089577479e-01
7.530303030303030498e-01,5.589608022226927320e-01,5.703430444454109516e-01,5.814650107118336519e-01,5.923120749853350020e-01,6.028775068197881337e-01,6.131618275845263089e-01,6.231736808883741041e-01,6.329337045960363728e-01,6.424876237317406202e-01,6.519705634820496254e-01,6.615078998061492133e-01,6.695479082487884037e-01,6.773314383770633329e-01,6.848133514213025075e-01,6.919846066465564771e-01,6.988433690263148312e-01,7.053905359289193155e-01,7.116283468674646784e-01,7.175597831216329325e-01,7.231882402359091078e-01,7.285173118953722771e-01,7.335506232472650545e-01,7.382916859291543954e-01,7.427437604865042564e-01,7.469097175688054202e-01,7.507918917574418760e-01,7.543919228339803773e-01,7.577105795062299975e-01,7.607475604986152495e-01,7.635012678983394974e-01,7.659685484916982645e-01,7.681444024541830284e-01,7.700216708694761492e-01,7.715907536338413308e-01,7.728395593349016712e-01,7.737546309861612626e-01,7.743315507148809118e-01,7.734817757320877618e-01,7.724177910733781571e-01,7.710726957940379211e-01,7.692557026749167193e-01,7.668460220727594256e-01,7.637217868053705061e-01,7.597417764510399074e-01,7.547341155839599747e-01,7.484855161806323043e-01,7.407293882040038024e-01,7.311324854214602542e-01,7.192808223689346470e-01,7.046672911109055359e-01,6.866864259623645106e-01,6.646468392188151775e-01,6.378193060902029865e-01,6.055467851487458253e-01,5.674454477033298305e-01,5.237084019507154409e-01,4.754662436822736926e-01,4.250591215403037304e-01,3.759960182439275878e-01,3.324497674145848181e-01,2.984184885868437775e-01,2.769633925596607371e-01,2.698690239333734198e-01,2.776778701099407720e-01,2.997691560352532814e-01,3.342950027764108878e-01,3.781583153551275611e-01,4.273582240813658673e-01,4.777478325806979731e-01,5.258602872930092653e-01,5.693998251746098527e-01,6.072729114903343550e-01,6.393125345352846933e-01,6.659182851120093449e-01,6.877551208331631472e-01,7.055550141582687118e-01,7.200090671268717379e-01,7.317208833947360658e-01,7.411950255905794815e-01,7.488427471649413691e-01,7.549946169342767188e-01,7.599146843836939169e-01,7.638138103824374525e-01,7.668614392880745978e-01,7.691960972918153727e-01,7.709360871793737857e-01,7.721959152215057687e-01,7.731475347130563058e-01,7.738090810413057463e-01,7.732104947952681551e-01,7.722818686109680364e-01,7.710230587146021941e-01,7.694461802130307948e-01,7.675626878345296333e-01,7.653818155063872863e-01,7.629104889569475745e-01,7.601535506914151030e-01,7.571140445455171175e-01,7.537934918142121798e-01,7.501921410918539479e-01,7.463091896355585897e-01,7.421429791559401856e-01,7.376911704624915522e-01,7.329509017367250578e-01,7.279189353263557649e-01,7.225917983599589034e-01,7.169659236742350616e-01,7.110378003880545306e-01,7.048041498844235253e-01,6.982621579508356824e-01,6.914098318821250144e-01,6.842466619803768690e-01,6.767751614818162675e-01,6.690058287465502351e-01,6.609891722534471104e-01,6.516254881760914497e-01,6.422238948533940395e-01,6.327247339812509530e-01,6.230086036604770561e-01,6.130354319564635945e-01,6.027877570766413395e-01,5.922592156095662919e-01,5.814512205435393710e-01,5.703723434959531158e-01,5.590390963284687098e-01
7.568181818181818343e-01,5.480406800396250278e-01,5.594231286505207956e-01,5.705623980173253340e-01,5.814487938986080406e-01,5.920794342118430587e-01,6.024584431227103520e-01,6.125991608903461616e-01,6.225313851863454317e-01,6.323287430157028544e-01,6.423702085195786005e-01,6.513139821582615285e-01,6.596030550121614322e-01,6.676215856782210523e-01,6.753501933099084198e-01,6.827833920632987441e-01,6.899199824516141222e-01,6.967607317941146849e-01,7.033075157993410320e-01,7.095629074162933536e-01,7.155299367805134647e-01,7.212119259350161515e-01,7.266123586295596404e-01,7.317347665621684039e-01,7.365826222027851422e-01,7.411592322664638521e-01,7.454676277061434986e-01,7.495104468906291784e-01,7.532898089452684243e-01,7.568071743820722341e-01,7.600631904679581163e-01,7.630575198809700366e-01,7.657886545312437843e-01,7.682537259529768070e-01,7.704483518481014537e-01,7.723666514111291459e-01,7.740019424386374025e-01,7.753509913437796053e-01,7.762376340422282306e-01,7.756445656392783050e-01,7.752664921654484065e-01,7.745881889298116274e-01,7.734905689533069229e-01,7.718789806223533834e-01,7.696523611911737506e-01,7.666909628736169324e-01,7.628468621646468106e-01,7.579338695279457250e-01,7.517155814604501440e-01,7.438910289309763613e-01,7.340780908002395577e-01,7.217962182826065387e-01,7.064528422116240769e-01,6.873432348682388948e-01,6.636828260325636775e-01,6.347040937388567228e-01,5.998622648320487416e-01,5.591884120425949511e-01,5.137724556225173878e-01,4.662245488614720768e-01,4.208000370122431111e-01,3.828663384411861714e-01,3.577119669963552129e-01,3.491575529615587592e-01,3.585476350326009531e-01,3.844137959499669410e-01,4.228490526064181965e-01,4.685365552720233140e-01,5.161342104059425395e-01,5.614431438571252375e-01,6.019154917583330322e-01,6.365129101770929942e-01,6.652395910792889833e-01,6.886607456230318114e-01,7.075536022625620314e-01,7.227057346989713693e-01,7.348211708591261271e-01,7.444900014992743564e-01,7.521896300327652884e-01,7.582989462334257524e-01,7.631158643390383300e-01,7.668739894422060832e-01,7.697569414852171166e-01,7.719101974135760269e-01,7.734509791198336259e-01,7.744773351964372443e-01,7.750793726867389877e-01,7.753661610582514019e-01,7.757825350804681275e-01,7.748188684989181230e-01,7.734562042701452755e-01,7.718117181780005387e-01,7.698865692882328471e-01,7.676866176575533052e-01,7.652173136368302098e-01,7.624827813538334054e-01,7.594857220130609710e-01,7.562275303216040578e-01,7.527084649043112030e-01,7.489278236372819419e-01,7.448841085227415615e-01,7.405751763756464046e-01,7.359983758430090894e-01,7.311506728289318691e-01,7.260287669695609791e-01,7.206292021162135075e-01,7.149484742393140690e-01,7.089831411303996189e-01,7.027299403423773461e-01,6.961859262122699343e-01,6.893486465720420897e-01,6.822164030963402404e-01,6.747887018852323227e-01,6.670671996476141841e-01,6.590582653577099492e-01,6.507835874689361644e-01,6.419419910837204091e-01,6.320245511626209067e-01,6.222892753833464408e-01,6.124022468612930759e-01,6.022986622204490326e-01,5.919528038541299608e-01,5.813539236894239570e-01,5.704999217840373005e-01,5.593955153706631211e-01,5.480522471751501090e-01
7.606060606060606188e-01,5.371324722702457422e-01,5.484876170500279091e-01,5.596137068078693710e-01,5.705060947114785064e-01,5.811661157537436617e-01,5.916023234503889894e-01,6.018347328946000996e-01,6.119085719770678278e-01,6.219625712291625419e-01,6.320563132778422855e-01,6.407330862032046825e-01,6.491883905270157129e-01,6.573773379763132585e-01,6.652889851719118175e-01,6.729194795643035354e-01,6.802677836495040209e-01,6.873343549978202516e-01,6.941205913843435660e-01,7.006285421541916802e-01,7.068607297471780626e-01,7.128200220082366867e-01,7.185095293564237595e-01,7.239325141871394420e-01,7.290923057196804224e-01,7.339922162392998883e-01,7.386354560140694359e-01,7.430250448263187035e-01,7.471637184123289810e-01,7.510538283973310358e-01,7.546972348168994316e-01,7.580951915144591435e-01,7.612482276907707179e-01,7.641560364738464450e-01,7.668174017389589592e-01,7.692302549205846107e-01,7.713921674376695847e-01,7.733026044484719863e-01,7.749776416215919950e-01,7.753781858230601731e-01,7.755872906559677649e-01,7.756712582395419719e-01,7.754627534666153066e-01,7.748772272306835296e-01,7.738387075128240200e-01,7.722631236679161626e-01,7.700493866934201570e-01,7.670713675747518057e-01,7.631687263274377075e-01,7.581355241472970130e-01,7.517058841345251041e-01,7.435363864649363608e-01,7.331859325826157736e-01,7.200963584123400985e-01,7.035826648897089974e-01,6.828527665072191555e-01,6.570955458065155241e-01,6.257008302709996528e-01,5.886874046559514850e-01,5.473619147353881997e-01,5.050299670873386049e-01,4.672332489859183924e-01,4.408058735833561559e-01,4.315826411067445467e-01,4.418151712324805414e-01,4.690531375284761606e-01,5.073483103119563742e-01,5.498640607911731149e-01,5.911315973470531171e-01,6.279398464175602879e-01,6.590620463094023496e-01,6.845326893336838303e-01,7.049914085148661913e-01,7.212623812426778303e-01,7.341411429157393975e-01,7.443112290529252384e-01,7.523272247631322962e-01,7.586260304635257246e-01,7.635469648967675438e-01,7.673521871445407871e-01,7.702443638438354334e-01,7.723809566732956489e-01,7.738854922232314415e-01,7.748565504726853126e-01,7.753754805237603742e-01,7.755146708924003374e-01,7.753522925160274415e-01,7.750360263108470038e-01,7.744595409915345785e-01,7.727695868772975762e-01,7.708508291345956831e-01,7.686832649273983575e-01,7.662662783515826748e-01,7.636017681770082000e-01,7.606915097746981269e-01,7.575365400740616817e-01,7.541370497481670876e-01,7.504924315128249646e-01,7.466013780709076508e-01,7.424619927170929001e-01,7.380718991723570488e-01,7.334283461208659372e-01,7.285283055105709060e-01,7.233685651840682240e-01,7.179458170863879385e-01,7.122567427091200942e-01,7.062980978885790018e-01,7.000667998576198814e-01,6.935600209651274772e-01,6.867752965377087460e-01,6.797106608363016056e-01,6.723648397688427591e-01,6.647375659313999874e-01,6.568301881323949099e-01,6.486471249812402196e-01,6.402005730587143617e-01,6.315400316008504822e-01,6.216116952461605560e-01,6.116355190288659260e-01,6.016110961994340922e-01,5.914161865094786918e-01,5.810112848062558566e-01,5.703795052378520802e-01,5.595144977577964918e-01,5.484167909094579407e-01,5.370928404156422031e-01
7.643939393939394034e-01,5.259867270362152958e-01,5.372915676166039045e-01,5.483769321120750551e-01,5.592440948741715934e-01,5.698995823607539979e-01,5.803578949980775503e-01,5.906492440255840526e-01,6.008479895081573208e-01,6.113579720165672748e-01,6.207221974939144404e-01,6.295160114826122699e-01,6.380728531975060625e-01,6.463722038089494415e-01,6.544068007074639315e-01,6.621735480287329612e-01,6.696713226093458093e-01,6.769001759667645501e-01,6.838609645710553853e-01,6.905551439624749710e-01,6.969846347186168245e-01,7.031517227665192715e-01,7.090589768884000277e-01,7.147091748285012702e-01,7.201052333301863895e-01,7.252501393420107689e-01,7.301468806035363857e-01,7.347983743450107186e-01,7.392073931688929456e-01,7.433764875132941041e-01,7.473079046467966391e-01,7.510035052961320234e-01,7.544646815972788634e-01,7.576922861216792704e-01,7.606865967755089830e-01,7.634473833774283458e-01,7.659742709192868260e-01,7.682681074900219453e-01,7.703371468039816872e-01,7.721512980024989314e-01,7.722848484521076529e-01,7.728030254333846383e-01,7.731274569173194333e-01,7.731595144831177047e-01,7.728324383903316663e-01,7.720809241575623538e-01,7.708307077867186941e-01,7.689916266784697640e-01,7.664506985990829913e-01,7.630638618178861021e-01,7.586454833131630604e-01,7.529549025076291979e-01,7.456795843828851744e-01,7.364154149953141548e-01,7.246472770099852134e-01,7.097393118489552233e-01,6.909578758564473011e-01,6.675761130357561468e-01,6.391480047318716107e-01,6.060663579024945236e-01,5.704343523980217601e-01,5.368963097279040309e-01,5.123915486762254945e-01,5.037096812868036011e-01,5.136451722725554614e-01,5.390858473239699133e-01,5.731017399185130978e-01,6.088066713206802261e-01,6.416997127008772228e-01,6.698149369595962632e-01,6.928521332096119201e-01,7.113067914473067965e-01,7.259263189418488915e-01,7.374489970728591581e-01,7.465078799623339201e-01,7.536124994559023627e-01,7.591608719082314494e-01,7.634598852505356525e-01,7.667453151698289116e-01,7.691986843333745716e-01,7.709606043958198152e-01,7.721411013839230009e-01,7.728276744063230508e-01,7.730919497092960668e-01,7.729961652903841740e-01,7.726025008655232895e-01,7.719994298460391979e-01,7.716844251477718020e-01,7.698156127465435317e-01,7.677389838067546490e-01,7.654409595537570166e-01,7.629114701087676975e-01,7.601489728201277218e-01,7.571534973034654836e-01,7.539250787916716989e-01,7.504633211667161019e-01,7.467672970258759646e-01,7.428355656505033489e-01,7.386662343935911368e-01,7.342570350442082505e-01,7.296054037086576738e-01,7.247085596509046379e-01,7.195635815285766901e-01,7.141674808265764396e-01,7.085172729660537128e-01,7.026100469860991904e-01,6.964430351067858460e-01,6.900136840951021089e-01,6.833197314588672633e-01,6.763592916281815359e-01,6.691309616348223299e-01,6.616339652589484643e-01,6.538683770554725161e-01,6.458355276683703794e-01,6.375388814834743734e-01,6.289864502381530276e-01,6.202007787158091423e-01,6.109262713118039922e-01,6.005411414356017774e-01,5.904003595664504278e-01,5.801490130400478451e-01,5.697217522382753696e-01,5.590924253153158885e-01,5.482490550691870856e-01,5.371870663878016705e-01,5.259069746972295789e-01
7.681818181818181879e-01,5.151258109431343657e-01,5.263796349231493199e-01,5.374167925634485421e-01,5.482463004427078346e-01,5.588816405680466781e-01,5.693458500366719299e-01,5.796860348816986752e-01,5.900437422594695391e-01,6.004655729235678363e-01,6.095056583858798893e-01,6.183543784034305490e-01,6.269676880083848713e-01,6.353334599310052067e-01,6.434462599871237920e-01,6.513033173573141710e-01,6.589032984685614380e-01,6.662458059308046243e-01,6.733311281216091126e-01,6.801600913021822459e-01,6.867339583122711311e-01,6.930543497600125669e-01,6.991231762874348110e-01,7.049425760557708198e-01,7.105148542218964192e-01,7.158424224821577919e-01,7.209277374325568921e-01,7.257732368630427366e-01,7.303812733509168487e-01,7.347540447858694757e-01,7.388935219195599258e-01,7.428013739887114886e-01,7.464788955507141166e-01,7.499269423850589700e-01,7.531458954793984750e-01,7.561357007113969075e-01,7.588961143522107156e-01,7.614275706222299878e-01,7.637344323442937233e-01,7.658445102705900842e-01,7.667132941530602208e-01,7.673479084389136506e-01,7.678980403866546567e-01,7.681985793134433749e-01,7.681731630056528592e-01,7.677572464868310798e-01,7.668817425578230429e-01,7.654649891373572768e-01,7.634060088880377792e-01,7.605770478904545495e-01,7.568144027759046155e-01,7.519068786721048170e-01,7.455816094557029539e-01,7.374879796149944600e-01,7.271829938855797204e-01,7.141275877563170171e-01,6.977164441315589771e-01,6.773877665854868280e-01,6.528909692293639599e-01,6.247939118016381244e-01,5.951803965425223053e-01,5.681031832305732943e-01,5.489676024144694022e-01,5.425031544220680901e-01,5.504431015900992374e-01,5.706295091161684985e-01,5.981661243571719799e-01,6.277505507383969174e-01,6.555389117121479536e-01,6.796244979261315544e-01,6.995434658931586336e-01,7.155918984304862063e-01,7.283436893687598168e-01,7.384010141769394853e-01,7.462944594499159034e-01,7.524577464648339875e-01,7.572331627103253693e-01,7.608866536108994660e-01,7.636238423194021685e-01,7.656039747994637379e-01,7.669511885021572661e-01,7.677634126899350875e-01,7.681195432675871348e-01,7.680858085462232143e-01,7.677231066546174043e-01,7.671013931777775907e-01,7.663659474896148405e-01,7.653313151241099010e-01,7.632134304837011607e-01,7.609041049322239347e-01,7.583719871167001747e-01,7.556117183014258165e-01,7.526224356005100091e-01,7.494041653294546412e-01,7.459568420916622422e-01,7.422800165591528776e-01,7.383727933507294727e-01,7.342338551232140409e-01,7.298615198810970428e-01,7.252538100889136530e-01,7.204085245611092647e-01,7.153233093777052742e-01,7.099957264430665216e-01,7.044233194130132825e-01,6.986036772675354722e-01,6.925344961385158093e-01,6.862136403064655887e-01,6.796392037150730259e-01,6.728095741205748492e-01,6.657235034572206445e-01,6.583801909228760296e-01,6.507793914485855424e-01,6.429215761977776777e-01,6.348082068558530411e-01,6.264422868725874061e-01,6.178297113580103472e-01,6.089836979022908992e-01,5.999524594562067881e-01,5.896919545948410279e-01,5.794094132895718507e-01,5.691145706164761897e-01,5.586828866473423361e-01,5.480730131186382081e-01,5.372649883753367606e-01,5.262474612461880419e-01,5.150132231562316587e-01
7.719696969696969724e-01,5.044022953351172678e-01,5.156159754526857819e-01,5.266059813816884594e-01,5.373923123770218968e-01,5.479983711769808030e-01,5.584601971567766387e-01,5.688561427438288964e-01,5.795967991261027352e-01,5.892227766191393545e-01,5.982919326710186558e-01,6.071523203856052930e-01,6.157833034285490337e-01,6.241766411767389888e-01,6.323279060991782163e-01,6.402344474512476902e-01,6.478946733251282897e-01,6.553077322579963226e-01,6.624733444687531669e-01,6.693916965573146749e-01,6.760633650442379183e-01,6.824892532451073413e-01,6.886705339264013181e-01,6.946085937753645467e-01,7.003049774193395027e-01,7.057613295551925514e-01,7.109793341419177182e-01,7.159606497849880791e-01,7.207068405237248010e-01,7.252193013216781114e-01,7.294991777810898581e-01,7.335472801818678779e-01,7.373639933577410543e-01,7.409491872553671810e-01,7.443021409716338299e-01,7.474215129618696496e-01,7.503054445282560936e-01,7.529520551987273214e-01,7.553612680756137676e-01,7.575429941838059955e-01,7.595058774876066732e-01,7.596247645272263815e-01,7.601177978642572608e-01,7.603754051355603449e-01,7.602838403765386222e-01,7.597582483191966940e-01,7.587095954456818392e-01,7.570316083221215742e-01,7.545903289316830964e-01,7.512123572403944793e-01,7.466700195038780130e-01,7.406624377956190219e-01,7.327926824603699929e-01,7.225446382875264639e-01,7.092724296931550709e-01,6.922370519278654433e-01,6.707679762235410070e-01,6.446833950096643173e-01,6.150721405842268785e-01,5.851304917806877670e-01,5.598285145358349313e-01,5.432406017780386787e-01,5.355711786218755321e-01,5.340173101539336109e-01,5.368173730825702705e-01,5.454701108237316465e-01,5.625932852161528164e-01,5.879606044066409964e-01,6.176353299779857586e-01,6.468323771533509570e-01,6.724895229270551056e-01,6.935818123772271582e-01,7.103082745724477176e-01,7.233351081159319351e-01,7.333901008991721149e-01,7.411074546845046740e-01,7.469933099632823925e-01,7.514366812497570436e-01,7.547323284952091038e-01,7.571031923975841682e-01,7.587189212859615228e-01,7.597103331207644139e-01,7.601807928941988202e-01,7.602161303438170759e-01,7.598965746771415564e-01,7.593257513060612807e-01,7.590324234178469354e-01,7.570241101425576602e-01,7.548418114431598713e-01,7.524344044413675547e-01,7.497903473869206303e-01,7.469091454440777156e-01,7.437924279944744255e-01,7.404419343834042211e-01,7.368589494653532412e-01,7.330441695783279643e-01,7.289977171464682160e-01,7.247192084705328385e-01,7.202078385290899831e-01,7.154624683714921884e-01,7.104817094380949660e-01,7.052640028581977916e-01,6.998076933845140957e-01,6.941110983109156640e-01,6.881725720077814801e-01,6.819905668450207958e-01,6.755636913973811497e-01,6.688907670503366765e-01,6.619708845863003788e-01,6.548034632703458868e-01,6.473883168647298625e-01,6.397257349940350668e-01,6.318165970977736023e-01,6.236625573374385834e-01,6.152663956771935450e-01,6.066328106843328349e-01,5.977706650587500947e-01,5.887024265037836823e-01,5.791601599447970816e-01,5.685445927650070175e-01,5.582037794454804969e-01,5.477780161379574020e-01,5.371981341505080998e-01,5.264321328069457850e-01,5.154590603817896799e-01,5.042607958096434473e-01
7.757575757575757569e-01,4.938418314626765171e-01,5.050467574952390848e-01,5.160060170374319855e-01,5.267561551932464781e-01,5.373354729034365285e-01,5.478012202716104895e-01,5.583016315212607772e-01,5.689237868111921559e-01,5.781415486521193081e-01,5.871914303143669356e-01,5.960311008987839720e-01,6.046484644570465639e-01,6.130374569342345037e-01,6.211942912344248224e-01,6.291163616170992734e-01,6.368018221815419100e-01,6.442493907897097749e-01,6.514582404813075156e-01,6.584279274487222500e-01,6.651583343111466817e-01,6.716496189652686466e-01,6.779021641922462482e-01,6.839165253934975652e-01,6.896933748121170105e-01,6.952334409967263484e-01,7.005374423588038857e-01,7.056060135951487400e-01,7.104396235654789615e-01,7.150384829854309343e-01,7.194024400896169569e-01,7.235308623802078065e-01,7.274225030221567190e-01,7.310753521295814128e-01,7.344864779761828277e-01,7.376518760106719474e-01,7.405663789553316168e-01,7.432237878788430230e-01,7.456177624868989273e-01,7.477458074179683667e-01,7.496350510298235292e-01,7.501566782298293434e-01,7.502912225482057940e-01,7.502077931797593857e-01,7.496959960889008068e-01,7.486224203578057956e-01,7.468457622810698027e-01,7.441913742090039419e-01,7.404305812263441977e-01,7.352560277520074905e-01,7.282495720594895916e-01,7.188419283910463253e-01,7.062700675381957671e-01,6.895585675270131665e-01,6.676035905197991172e-01,6.395483946780203821e-01,6.057711329481209050e-01,5.695941582925418967e-01,5.383698075799439042e-01,5.205615187016041645e-01,5.187952041408417925e-01,5.271558005352346976e-01,5.365744942013311869e-01,5.406268670013427702e-01,5.371874668830278754e-01,5.283517452892395605e-01,5.204786722430094770e-01,5.225367914035820016e-01,5.403723453287413436e-01,5.713952622750868571e-01,6.072560425939474982e-01,6.407065116061134713e-01,6.684773723719578120e-01,6.902036072547884649e-01,7.067366998250873555e-01,7.191700891451127120e-01,7.284691200446137271e-01,7.353886012282496720e-01,7.404914935415936039e-01,7.441911133917328280e-01,7.467910304634292062e-01,7.485167297565601396e-01,7.495397800850785996e-01,7.499977542547162646e-01,7.500176874129329541e-01,7.497904814367202242e-01,7.491104210019007281e-01,7.472220191505614117e-01,7.450989438408943677e-01,7.427107028601952488e-01,7.400589458839156309e-01,7.371497078718498575e-01,7.339890718200390296e-01,7.305821690552055658e-01,7.269330045809538898e-01,7.230445270410232883e-01,7.189187697689322087e-01,7.145570043543986172e-01,7.099598865213619936e-01,7.051275881687670832e-01,7.000599147577255543e-01,6.947564091771011308e-01,6.892164438032800655e-01,6.834393025073179917e-01,6.774242542037390846e-01,6.711706193381086205e-01,6.646778305576960255e-01,6.579454887636431160e-01,6.509734158857389819e-01,6.437617062016784963e-01,6.363107791527691237e-01,6.286214390829106824e-01,6.206949528119969361e-01,6.125331687958982529e-01,6.041387345293902644e-01,5.955155650892365315e-01,5.866700586651760752e-01,5.776152481327556654e-01,5.683974620607953332e-01,5.579396057486374350e-01,5.475132287909622031e-01,5.370899705323558537e-01,5.265391468908114936e-01,5.158093242797758826e-01,5.048652094463698115e-01,4.936722834372819779e-01
7.795454545454545414e-01,4.835743796722288268e-01,4.948350490882724162e-01,5.058040886785897250e-01,5.165441599120513816e-01,5.271170517777565845e-01,5.376180941984024519e-01,5.484550682729115723e-01,5.582682810017102204e-01,5.674616652937961581e-01,5.764661506670740732e-01,5.852628025531649847e-01,5.938439382255712440e-01,6.022049889163083591e-01,6.103426868759628254e-01,6.182544843588596573e-01,6.259383271130223303e-01,6.333925499264488890e-01,6.406158172519218486e-01,6.476070796909881855e-01,6.543655341706505757e-01,6.608905823396203916e-01,6.671817844630039129e-01,6.732388071987007727e-01,6.790613639906410981e-01,6.846491467829494137e-01,6.900017474994292188e-01,6.951185673045151558e-01,6.999987110813437052e-01,7.046408638286043580e-01,7.090431447921021757e-01,7.132029341453042237e-01,7.171166660574757046e-01,7.207795814593681571e-01,7.241854348980121259e-01,7.273261557783394782e-01,7.301914843617648421e-01,7.327686670431019511e-01,7.350425155249843412e-01,7.369970467938040670e-01,7.386255536785178988e-01,7.398468825108041047e-01,7.390241785417366316e-01,7.382837946339433355e-01,7.369784946223817412e-01,7.348820692451781822e-01,7.317553520833215419e-01,7.272930440939873176e-01,7.210827026379620364e-01,7.125560138772887298e-01,7.009297844029116487e-01,6.851501283013112786e-01,6.638964787297411130e-01,6.358123405652845728e-01,6.003415810540794206e-01,5.596694246971206654e-01,5.212507911070182187e-01,4.970461642681182068e-01,4.952537670742019893e-01,5.122232216055799814e-01,5.365411059554275885e-01,5.583434106309379530e-01,5.725901633924872502e-01,5.775298827414515612e-01,5.728082930848313881e-01,5.587881666791935098e-01,5.372210065792061284e-01,5.131265766246646542e-01,4.963199018625815140e-01,4.981551991371803156e-01,5.222656495346309491e-01,5.605009641585767532e-01,6.009689773890807274e-01,6.362575789845393848e-01,6.641946663211559798e-01,6.853339469037804665e-01,7.010248022435211501e-01,7.125806865221037123e-01,7.210496694690722297e-01,7.272104306037115995e-01,7.316277033457631029e-01,7.347108159277317974e-01,7.367618128618921292e-01,7.380152960803368911e-01,7.386875874233740369e-01,7.393551186098172856e-01,7.380857348892687630e-01,7.364662459325783672e-01,7.345217691702838891e-01,7.322575469034255935e-01,7.296891593217461613e-01,7.268316889971402350e-01,7.236978912652546336e-01,7.202980689923662583e-01,7.166403501482617733e-01,7.127310396331510978e-01,7.085749523658105842e-01,7.041757038003725322e-01,6.995359560126115372e-01,6.946576242093920328e-01,6.895420499683097004e-01,6.841901471680001956e-01,6.786025256877513678e-01,6.727795970042776963e-01,6.667216649569621678e-01,6.604290042384320936e-01,6.539019286035562262e-01,6.471408503817156488e-01,6.401463326482409455e-01,6.329191354333927322e-01,6.254602577986262402e-01,6.177709789081196057e-01,6.098529043730255284e-01,6.017080317073274509e-01,5.933388678502647950e-01,5.847486849697075550e-01,5.759421735077560056e-01,5.669274661902522494e-01,5.577251689092332931e-01,5.479972814753433230e-01,5.372866491352227269e-01,5.268393562981691369e-01,5.162993862334886996e-01,5.055808723578071318e-01,4.946260300847759583e-01,4.833745041852679503e-01
7.833333333333333259e-01,4.740250515903617901e-01,4.854654945529285892e-01,4.965284293629191326e-01,5.073192807892966671e-01,5.179388569508779350e-01,5.285630138978657522e-01,5.393799202599698361e-01,5.486859449782668374e-01,5.578343621989416690e-01,5.667868381195502181e-01,5.755339732586437496e-01,5.840711298451045641e-01,5.923950554336243624e-01,6.005030443738020862e-01,6.083926912165710243e-01,6.160618154775959754e-01,6.235084373963240001e-01,6.307307649646026748e-01,6.377271781944228168e-01,6.444962055671696888e-01,6.510364907982545413e-01,6.573467490562069360e-01,6.634257118865465319e-01,6.692720597930702509e-01,6.748843408985079062e-01,6.802608733896846616e-01,6.853996285341864558e-01,6.902980898853429137e-01,6.949530827922278942e-01,6.993605664009346912e-01,7.035153778595111262e-01,7.074109153273518968e-01,7.110387426643309805e-01,7.143880947643056478e-01,7.174452600801455304e-01,7.201928215005641842e-01,7.226087666266528542e-01,7.246655991658104146e-01,7.263300745859939678e-01,7.275666848681300314e-01,7.283719127695355011e-01,7.273952241316740119e-01,7.256076911786223382e-01,7.230711763500117240e-01,7.193800016059531677e-01,7.141283836857353906e-01,7.067888394932377860e-01,6.966386790333780610e-01,6.826853717417856737e-01,6.636140319478770477e-01,6.378630811037703241e-01,6.041227794723993405e-01,5.628423017589153643e-01,5.191376727295380356e-01,4.849106049153206754e-01,4.737205088680327969e-01,4.885913731328551113e-01,5.191083715457820436e-01,5.521328022133543678e-01,5.798499840720660048e-01,5.996039136174771134e-01,6.111903666531888213e-01,6.150062481412844617e-01,6.112523648750486371e-01,5.997309988037469175e-01,5.800474357809476400e-01,5.524053245608395724e-01,5.194536418185179416e-01,4.889893747703203952e-01,4.741259534591120151e-01,4.852646119748987852e-01,5.193974369969399651e-01,5.629973461004230684e-01,6.041853168340041158e-01,6.378520032882302182e-01,6.635460161425671410e-01,6.825724254197208518e-01,6.964883927070745218e-01,7.066052198184614719e-01,7.139124870990469773e-01,7.191300977578981568e-01,7.227821258603807086e-01,7.252683446275023371e-01,7.269757797199593030e-01,7.277996665169748081e-01,7.270081523476337182e-01,7.257877001676263928e-01,7.241384822228329465e-01,7.220953972698407330e-01,7.196916073791144175e-01,7.169546812021111437e-01,7.139067499550734164e-01,7.105653572930392681e-01,7.069443341034695738e-01,7.030545520273637772e-01,6.989045392456707528e-01,6.945009751172654955e-01,6.898490861179842337e-01,6.849529636512771136e-01,6.798158206364690592e-01,6.744402001715226191e-01,6.688281465114970237e-01,6.629813461565400301e-01,6.569012449250816177e-01,6.505891453935261914e-01,6.440462879175410382e-01,6.372739175380056631e-01,6.302733383710095172e-01,6.230459565789967513e-01,6.155933127821611173e-01,6.079171050048369773e-01,6.000192045205074987e-01,5.919016707301546498e-01,5.835667815355571886e-01,5.750171248212817554e-01,5.662558873389741398e-01,5.572878130165210830e-01,5.481230023852138311e-01,5.388038552947208570e-01,5.281657674874802311e-01,5.176168679932531269e-01,5.070378703539106802e-01,4.962714127958110510e-01,4.852226074598259831e-01,4.737888735438428034e-01
7.871212121212121104e-01,4.645397520717023387e-01,4.763511117146962404e-01,4.876327391133351563e-01,4.985611163211082220e-01,5.093055439326821254e-01,5.202995788504540808e-01,5.303591986778689593e-01,5.396420969204267504e-01,5.487358319039775667e-01,5.576283375401329678e-01,5.663165058946181274e-01,5.747985475481167672e-01,5.830727019264693167e-01,5.911370283280134030e-01,5.989894348538876701e-01,6.066277488731777190e-01,6.140497776655027273e-01,6.212533471268073537e-01,6.282363175879016604e-01,6.349965785396840534e-01,6.415320241506251575e-01,6.478405107283311537e-01,6.539197962960946464e-01,6.597674613798291121e-01,6.653808089266871617e-01,6.707567399351338500e-01,6.758915997599850289e-01,6.807809880205601960e-01,6.854195223950306781e-01,6.898005430737803589e-01,6.939157399297479767e-01,6.977546781016749078e-01,7.013041891434550479e-01,7.045475836569562444e-01,7.074636273578546186e-01,7.100252078217188512e-01,7.121976131788015918e-01,7.139363840966281849e-01,7.151849413234074859e-01,7.158734159262488683e-01,7.159284168865995834e-01,7.150517776252418578e-01,7.115092888760981005e-01,7.071819629058979650e-01,7.011548241580438656e-01,6.927500721896306946e-01,6.810919353525124453e-01,6.650009794012683439e-01,6.429593761100180771e-01,6.133044833430254528e-01,5.750898446683094800e-01,5.303360927408661274e-01,4.874941671440340407e-01,4.616088151438013654e-01,4.643031380623000026e-01,4.919218073085694365e-01,5.300943984439531187e-01,5.666828178292698803e-01,5.963029452606350977e-01,6.180067603012269206e-01,6.325120558828495332e-01,6.407716715963063248e-01,6.434500073860323077e-01,6.407769255770996430e-01,6.325218716420042409e-01,6.180194367881288731e-01,5.963150446705691721e-01,5.666878987184584826e-01,5.300813542003620649e-01,4.918741227193070831e-01,4.642024675555720403e-01,4.614449820955504600e-01,4.872734675197310517e-01,5.300763860282170503e-01,5.748085837894464367e-01,6.130124462677932762e-01,6.426608951887895493e-01,6.646960803788333205e-01,6.807779756784064773e-01,6.924224569161917531e-01,7.008068355191681142e-01,7.068033201082565276e-01,7.110807818914860468e-01,7.144942529066513615e-01,7.153202081256380129e-01,7.152902409608851153e-01,7.146253518760483647e-01,7.133977718794310974e-01,7.116773311616012565e-01,7.095208175420771868e-01,7.069729487587309569e-01,7.040686862111741329e-01,7.008353650024840009e-01,6.972944112338606004e-01,6.934626762440931902e-01,6.893534631636305532e-01,6.849773172080421135e-01,6.803426372381552456e-01,6.754561524801608874e-01,6.703232972024717462e-01,6.649485076582017928e-01,6.593354592575362272e-01,6.534872572195478124e-01,6.474065904356426371e-01,6.410958556212192905e-01,6.345572567857010737e-01,6.277928834245037892e-01,6.208047694880796108e-01,6.135949340104067673e-01,6.061654032230742173e-01,5.985182130601746087e-01,5.906553903760668467e-01,5.825789116507105181e-01,5.742906415748553206e-01,5.657922672918248574e-01,5.570852895020731443e-01,5.481712966182650248e-01,5.390534766986740944e-01,5.297452859822865401e-01,5.197818355265408918e-01,5.089197259243487537e-01,4.982291807108072401e-01,4.873302858832812556e-01,4.760637581979519362e-01,4.642570526780355200e-01
7.909090909090908950e-01,4.545976643964609321e-01,4.670923375848739512e-01,4.787971120467782726e-01,4.900047525295518347e-01,5.010156665127153408e-01,5.122252556628719145e-01,5.216616846337245317e-01,5.309108152999331143e-01,5.399483553513096945e-01,5.487765717311234859e-01,5.573985456431642671e-01,5.658159232804501615e-01,5.740289572658283657e-01,5.820368612189094071e-01,5.898381370317115069e-01,5.974308200336295727e-01,6.048126468243449905e-01,6.119811608357070831e-01,6.189337693049840050e-01,6.256677617768379163e-01,6.321802968149576873e-01,6.384683607257815030e-01,6.445286996944694646e-01,6.503577246072670404e-01,6.559513857675229875e-01,6.613050124855940348e-01,6.664131098977496004e-01,6.712691020637332473e-01,6.758650060412829674e-01,6.801910157421378056e-01,6.842349662407398725e-01,6.879816378463347037e-01,6.914118432697993200e-01,6.945012187162220574e-01,6.972186083292106762e-01,6.995238888702554059e-01,7.013650286821574431e-01,7.026741280077105634e-01,7.033622283735404546e-01,7.033132137150978069e-01,7.023807024367028085e-01,7.004306888881500770e-01,6.955920919314335649e-01,6.886921506575999219e-01,6.793097647103240044e-01,6.663312688594225097e-01,6.483992904420041725e-01,6.238470234513298074e-01,5.910361337082733479e-01,5.496316281578353946e-01,5.035381764446003050e-01,4.643031752435960446e-01,4.482609094582852283e-01,4.629416354988890592e-01,4.989988708385307281e-01,5.407908646270424002e-01,5.781845317775201609e-01,6.077965078842408886e-01,6.297489043552302324e-01,6.452226622376955323e-01,6.554044748829663813e-01,6.611692638744673944e-01,6.630303018994716524e-01,6.611546111532055070e-01,6.553733734340562167e-01,6.451711939733242307e-01,6.296703335085499509e-01,6.076801815867163281e-01,5.780145561391312192e-01,5.405455516702216689e-01,4.986539131232954891e-01,4.624817550382928633e-01,4.476983739074943403e-01,4.636829539921022425e-01,5.029139162812980013e-01,5.490380183048043650e-01,5.904839517946689487e-01,6.233321799113228368e-01,6.479113225912339624e-01,6.658574262318209813e-01,6.788356690618901901e-01,6.881993419025593806e-01,6.950456290663148406e-01,6.997406096859288827e-01,7.017283259718820609e-01,7.026973606956091745e-01,7.027784388695003104e-01,7.021179529773844408e-01,7.008324965614233237e-01,6.990115545278456910e-01,6.967235044771281638e-01,6.940207867680066034e-01,6.909438658072500905e-01,6.875241788456493142e-01,6.837863199774840695e-01,6.797496635853426117e-01,6.754295798807697926e-01,6.708383530931213423e-01,6.659858815985193470e-01,6.608802168098714125e-01,6.555279816554653305e-01,6.499346980844515898e-01,6.441050448718025345e-01,6.380430610693663684e-01,6.317523060669603119e-01,6.252359838909096190e-01,6.184970367109087208e-01,6.115382102665282149e-01,6.043620918253684859e-01,5.969711191303646025e-01,5.893675563793782102e-01,5.815534304367427909e-01,5.735304172007632539e-01,5.652996649736157231e-01,5.568615416720075206e-01,5.482153068631078208e-01,5.393587812471479781e-01,5.302884159697185407e-01,5.210020237461444603e-01,5.115281273759936242e-01,5.005321034586376339e-01,4.896006819964507373e-01,4.784313982569164403e-01,4.667443291063375077e-01,4.542530897431929504e-01
7.946969696969696795e-01,4.435011399046385749e-01,4.571685180504270196e-01,4.696314569377381121e-01,4.813559439137781726e-01,4.929609818652058717e-01,5.035555885187864567e-01,5.130423111645882051e-01,5.222712665164862544e-01,5.312593872089884650e-01,5.400234217332323672e-01,5.485745065014311361e-01,5.569191585137756029e-01,5.650606275052488803e-01,5.729999438182783456e-01,5.807366504620604664e-01,5.882692952518607798e-01,5.955957525764262739e-01,6.027134254157667792e-01,6.096193617361895800e-01,6.163103075006216569e-01,6.227827100998630794e-01,6.290326800184096179e-01,6.350559140629301602e-01,6.408475798175701232e-01,6.464021576234550981e-01,6.517132328654061668e-01,6.567732272515132141e-01,6.615730525932335127e-01,6.661016636969829818e-01,6.703454774808200733e-01,6.742876120617204982e-01,6.779068804519777780e-01,6.811764458825232404e-01,6.840620055247836895e-01,6.865193104933584589e-01,6.884907443815740935e-01,6.899005599943550671e-01,6.906482098332599184e-01,6.905990298311431852e-01,6.895715567293934090e-01,6.873222178520917991e-01,6.835413643399605998e-01,6.774135462234621707e-01,6.666779880371510592e-01,6.525157383999908856e-01,6.330485942669276112e-01,6.064679638252539196e-01,5.712443199513554948e-01,5.278055568909255646e-01,4.820082163927799090e-01,4.478775942941940480e-01,4.413866697109570802e-01,4.652946065792166741e-01,5.063471237565152494e-01,5.492967191937138116e-01,5.861004498730754131e-01,6.148445566577874777e-01,6.362913952707038856e-01,6.518329550357822022e-01,6.627239809389764424e-01,6.698966590016437461e-01,6.739669312134241030e-01,6.752800717302350764e-01,6.739463602271092979e-01,6.698536710671733063e-01,6.626545993419837854e-01,6.517304543436709396e-01,6.361452660666843117e-01,6.146389988211882205e-01,5.858126201801068245e-01,5.488959840592712025e-01,5.057991227069472684e-01,4.645769399217695717e-01,4.405165980930771941e-01,4.469249892901974164e-01,4.810619772918014458e-01,5.269251095423869158e-01,5.704471433795440527e-01,6.057448938636669222e-01,6.323793613441509587e-01,6.518756988069431824e-01,6.660356805720258899e-01,6.766879508766838747e-01,6.827748405616208549e-01,6.866132315941784192e-01,6.889125703803187228e-01,6.899823555191109126e-01,6.900671669613442916e-01,6.893495266591137538e-01,6.879650183864338686e-01,6.860149481498483137e-01,6.835756774151464654e-01,6.807053167370631375e-01,6.774485114902094596e-01,6.738398820402963230e-01,6.699065186404747907e-01,6.656698093126149907e-01,6.611467934319273931e-01,6.563511747738833835e-01,6.512940874297824534e-01,6.459846802730523363e-01,6.404305664606134707e-01,6.346381710085834404e-01,6.286129999174763228e-01,6.223598473650068241e-01,6.158829522481574781e-01,6.091861111978446042e-01,6.022727516074796172e-01,5.951459647712269430e-01,5.878084954712465837e-01,5.802626797619285792e-01,5.725103166000916621e-01,5.645524504809034116e-01,5.563890304381668983e-01,5.480183949330652560e-01,5.394365155229586817e-01,5.306359332919623473e-01,5.216044356862000742e-01,5.123242858942460565e-01,5.027789753818935337e-01,4.923044053054065894e-01,4.808448173266993142e-01,4.691750479816409469e-01,4.567357435341466987e-01,4.430733610710047010e-01
7.984848484848485750e-01,4.308331588930913170e-01,4.463387147191889559e-01,4.600962582738784556e-01,4.727551453838237383e-01,4.851942599340831053e-01,4.951790967095450746e-01,5.047769105924873045e-01,5.140318970012078825e-01,5.229988050669632793e-01,5.317147085441930043e-01,5.402029570288623406e-01,5.484776184014583666e-01,5.565466493385349267e-01,5.644139950662730998e-01,5.720809529785931824e-01,5.795470519471601634e-01,5.868106143843101474e-01,5.938691077438318366e-01,6.007193526724657895e-01,6.073576297286901182e-01,6.137797099950765833e-01,6.199808240015365346e-01,6.259555755724862669e-01,6.316978011686411598e-01,6.372003699636478169e-01,6.424549144690904212e-01,6.474514752461003608e-01,6.521780352799342317e-01,6.566199088708305487e-01,6.607589349085709607e-01,6.645724029469959326e-01,6.680316092635742997e-01,6.710998939938396246e-01,6.737299419024682656e-01,6.758600261584861713e-01,6.774087195079999679e-01,6.782673654585852363e-01,6.782892637321018547e-01,6.772740663800208560e-01,6.749454078436130100e-01,6.709200324120894177e-01,6.646723835958951998e-01,6.555718776949709392e-01,6.405056456525631825e-01,6.196106818159076157e-01,5.913817469778993585e-01,5.543548148545810461e-01,5.097657958058361416e-01,4.653128384346915669e-01,4.367655062902489616e-01,4.386004131891047542e-01,4.690837423833773556e-01,5.127058258127833446e-01,5.554141460262139729e-01,5.909854146278702425e-01,6.185319671932268948e-01,6.391838745410167721e-01,6.544088648716450685e-01,6.654525078704588426e-01,6.732368352375267540e-01,6.783968885304058061e-01,6.813393484356923269e-01,6.822893132759796364e-01,6.813182541948187287e-01,6.783531095617455486e-01,6.731669720281721059e-01,6.653508742193544601e-01,6.542666676289761174e-01,6.389879314594714144e-01,6.182628679342279110e-01,5.906153040822557099e-01,5.549053684563691746e-01,5.120145175434264173e-01,4.681767526207870622e-01,4.374898503145221995e-01,4.355337863040594226e-01,4.640792133770537120e-01,5.086178360835561518e-01,5.533213234600492525e-01,5.904502064340476641e-01,6.187483183688586852e-01,6.396605952550254992e-01,6.546159659356577398e-01,6.638082131267767361e-01,6.701365040764550862e-01,6.742288621965121242e-01,6.766127928521693535e-01,6.776736768176986336e-01,6.776896835677346242e-01,6.768626062295465262e-01,6.753402825971002166e-01,6.732322606249201424e-01,6.706206666245068115e-01,6.675677767246491756e-01,6.641213384299036182e-01,6.603183515913542134e-01,6.561877862071474610e-01,6.517525591540553886e-01,6.470309883954014074e-01,6.420378743937169563e-01,6.367853121276789707e-01,6.312833057016148386e-01,6.255402359424833136e-01,6.195632162767750195e-01,6.133583613544291158e-01,6.069309848268578111e-01,6.002857363074772801e-01,5.934266819975723140e-01,5.863573279839928709e-01,5.790805789867270459e-01,5.715986172988778424e-01,5.639126754287401289e-01,5.560226590213548370e-01,5.479265510074136092e-01,5.396194883349078042e-01,5.310923432823702051e-01,5.223295612368986651e-01,5.133059414017273614e-01,5.039822483536923192e-01,4.943018535033211758e-01,4.842246392436299063e-01,4.720759508757331191e-01,4.595062161129124800e-01,4.457864856031316103e-01,4.302967082079847683e-01
8.022727272727272485e-01,4.160609915025978989e-01,4.338613395184847676e-01,4.496172364190367254e-01,4.639396879935802076e-01,4.764162816528810795e-01,4.868987328656137481e-01,4.967440332652626189e-01,5.061107726941916907e-01,5.151088791828034585e-01,5.238081769095902507e-01,5.322519666894026669e-01,5.404666170811581738e-01,5.484677226270827655e-01,5.562639724298444888e-01,5.638595745128227588e-01,5.712557787354374250e-01,5.784518330613834802e-01,5.854455774666053047e-01,5.922337999570990164e-01,5.988124302116878406e-01,6.051766160259702820e-01,6.113207082935121495e-01,6.172381668662343390e-01,6.229213898661389859e-01,6.283614606148067994e-01,6.335477980256418729e-01,6.384676867678141798e-01,6.431056513708273137e-01,6.474426219166251606e-01,6.514548155529206186e-01,6.551122239933828695e-01,6.583765469057643038e-01,6.611983354039630001e-01,6.635129954209114667e-01,6.652351262097286888e-01,6.662504021509011443e-01,6.664038012758973784e-01,6.654823862497587506e-01,6.631900227287539362e-01,6.591105157273280390e-01,6.526555326710691274e-01,6.429984237417180060e-01,6.290290606497366266e-01,6.086780747890869758e-01,5.786779759943909696e-01,5.402520729494774132e-01,4.951189911335669991e-01,4.525630763125755851e-01,4.293948108491013604e-01,4.379742274421892234e-01,4.728062261699132462e-01,5.173686431842671185e-01,5.590733681581255832e-01,5.931594135750518637e-01,6.194323139914119647e-01,6.392181279037859598e-01,6.539867398572632995e-01,6.649393355687619467e-01,6.729602819334775665e-01,6.786693842021217504e-01,6.824847755621012979e-01,6.846725078066794312e-01,6.853796728814897099e-01,6.846529136514852842e-01,6.824442965036051634e-01,6.786052804051264653e-01,6.728680185807907055e-01,6.648119860809081905e-01,6.538140333133559690e-01,6.389849949387882422e-01,6.191167944140881785e-01,5.927300291428589940e-01,5.584870739609156809e-01,5.165733971853072592e-01,4.717574654004937917e-01,4.366735087445901553e-01,4.279272423347055265e-01,4.510710582917651368e-01,4.937177432743418137e-01,5.389827799262004726e-01,5.775198167415488415e-01,6.075415985489077686e-01,6.279026302299280937e-01,6.420058804304579203e-01,6.517732694095328405e-01,6.583174602440730050e-01,6.624691249009121430e-01,6.648201342757189547e-01,6.657894999800577640e-01,6.656755314226406872e-01,6.646928313882248807e-01,6.629976973133272500e-01,6.607054351539872750e-01,6.579022024925404999e-01,6.546531797864737490e-01,6.510082708804041385e-01,6.470061282519107282e-01,6.426770304699136460e-01,6.380449640672264389e-01,6.331291470206534822e-01,6.279451549129797527e-01,6.225057602774040078e-01,6.168215613157915778e-01,6.109014525778326821e-01,6.047529735017709296e-01,5.983825584208125603e-01,5.917957019368704774e-01,5.849970450459659466e-01,5.779903787556138761e-01,5.707785518196729635e-01,5.633632553944917243e-01,5.557446374108132581e-01,5.479206682941174522e-01,5.398861298086113925e-01,5.316310180930736706e-01,5.231380214441160303e-01,5.143785289790702153e-01,5.053063393420194060e-01,4.958479987267049860e-01,4.858895152822803043e-01,4.752701709204009139e-01,4.629680784884879219e-01,4.488280555793771609e-01,4.331465928589381953e-01,4.153992058730695547e-01
8.060606060606061440e-01,4.000797591755303473e-01,4.192568431139543916e-01,4.374567200508861498e-01,4.543729388753611209e-01,4.670768678302499866e-01,4.784251782921704055e-01,4.887622595921107815e-01,4.983914890086250105e-01,5.075128079470840881e-01,5.162514881149354862e-01,5.246846769046759063e-01,5.328594305458054237e-01,5.408040564953587870e-01,5.485350883448121273e-01,5.560615624894036380e-01,5.633876504387452799e-01,5.705142843887494042e-01,5.774401569919195287e-01,5.841623225727334834e-01,5.906765352771987665e-01,5.969774042002908843e-01,6.030584108739996951e-01,6.089118119680814178e-01,6.145284338852472494e-01,6.198973525648432403e-01,6.250054391107584539e-01,6.298367373420864501e-01,6.343716208811989166e-01,6.385856519589214741e-01,6.424480277106672244e-01,6.459194458015592444e-01,6.489491403064371333e-01,6.514707159299574224e-01,6.533962197268030625e-01,6.546075989405099049e-01,6.549442484703705825e-01,6.541846842616364510e-01,6.520194347041580185e-01,6.480111012110504332e-01,6.415368539159098660e-01,6.317110572081148234e-01,6.173004339028013154e-01,5.967013943842504053e-01,5.683034826895925207e-01,5.288589850467240172e-01,4.834151302703471598e-01,4.429033833107439699e-01,4.245150237805630500e-01,4.382492489637171973e-01,4.756875841355388546e-01,5.201257682021342976e-01,5.604334908155124140e-01,5.929774084288902403e-01,6.180167845142594540e-01,6.369646249786953263e-01,6.512522347566723768e-01,6.620208416064276014e-01,6.701069257458579509e-01,6.761018207070773611e-01,6.804145793399908326e-01,6.833207831160880152e-01,6.849962955328162684e-01,6.855386677160971720e-01,6.849788475197223780e-01,6.832848619076645758e-01,6.803580224534572229e-01,6.760210844494645155e-01,6.699966661265287504e-01,6.618732448149138303e-01,6.510559792426260373e-01,6.367033099532957152e-01,6.176666509511178349e-01,5.925043754305278076e-01,5.597904520633778525e-01,5.192539542764781357e-01,4.745316257683413474e-01,4.367974597525744462e-01,4.228473545375254772e-01,4.411763005963703632e-01,4.817653211271561431e-01,5.273264571587186200e-01,5.667456738977540986e-01,5.953543681442213797e-01,6.161375208095808409e-01,6.306972724988765266e-01,6.406419147481299259e-01,6.472107967512334969e-01,6.512948662947876111e-01,6.535211513117500370e-01,6.543302510992313747e-01,6.540340498888362886e-01,6.528558488575443297e-01,6.509576269004393456e-01,6.484584808682622992e-01,6.454471610334365783e-01,6.419906732727211907e-01,6.381402506833726562e-01,6.339355506191878264e-01,6.294076412760071237e-01,6.245811520340910361e-01,6.194758382164023969e-01,6.141077294861094771e-01,6.084899767761824396e-01,6.026334759395938212e-01,5.965473206143722118e-01,5.902391180688875139e-01,5.837151870220166350e-01,5.769806434088008418e-01,5.700393662939116091e-01,5.628938194671699868e-01,5.555446809183708368e-01,5.479901967473574942e-01,5.402251192458777940e-01,5.322389954691434388e-01,5.240134173742319046e-01,5.155175880449269776e-01,5.067011490314183852e-01,4.974826267226360454e-01,4.877312954363679509e-01,4.772410537661425645e-01,4.657040736357565547e-01,4.527879614849884549e-01,4.363733769375284788e-01,4.183447725340228573e-01,3.993143682048356791e-01
8.098484848484848175e-01,3.863324227793576426e-01,4.036456227961444099e-01,4.232658219320190596e-01,4.416234653461885706e-01,4.565288228682655713e-01,4.693437530480009112e-01,4.805842787042011732e-01,4.907359513151146047e-01,5.001402983954039705e-01,5.090160340168254915e-01,5.174983935686280345e-01,5.256698641450494591e-01,5.335803205674259919e-01,5.412594733899975807e-01,5.487244293328027434e-01,5.559842754779513729e-01,5.630428671347349479e-01,5.699005227393194595e-01,5.765550406495496549e-01,5.830022818042726040e-01,5.892364606879980649e-01,5.952502254001678095e-01,6.010345685604905341e-01,6.065785836575394718e-01,6.118690604693797219e-01,6.168898933079463021e-01,6.216212536118922438e-01,6.260384503281323232e-01,6.301103623031227841e-01,6.337972697917808595e-01,6.370478271992030539e-01,6.397947891922936003e-01,6.419489027172157192e-01,6.433900688820275438e-01,6.439544040303456507e-01,6.434151147847636532e-01,6.414540868164502196e-01,6.376198586152506120e-01,6.312669242991203467e-01,6.214739849694294049e-01,6.069546150183300348e-01,5.860317948067403915e-01,5.569184672724939444e-01,5.189248790139388001e-01,4.746132272419886777e-01,4.357750837075658468e-01,4.212795179338794105e-01,4.386447760719164868e-01,4.773303809934148489e-01,5.209580155488390263e-01,5.597026996334633075e-01,5.907630767645380976e-01,6.146758531077045618e-01,6.328695570553002359e-01,6.467145685974389213e-01,6.572867340054930896e-01,6.653726206184160663e-01,6.715313236291655663e-01,6.761551456348764422e-01,6.795161482988834045e-01,6.817987649170385023e-01,6.831214680619296375e-01,6.835503001031429937e-01,6.831062352006904703e-01,6.817674888661854338e-01,6.794671294903643632e-01,6.760856245538232612e-01,6.714371897909910958e-01,6.652479511090624298e-01,6.571230800689484841e-01,6.464998644029392727e-01,6.325864716369211660e-01,6.142993810966158597e-01,5.902573162720911037e-01,5.590175839475368669e-01,5.200294704000241186e-01,4.760934356691821079e-01,4.370733463169000910e-01,4.194413143353532547e-01,4.338260870437538053e-01,4.726701241129346864e-01,5.170360575741361764e-01,5.552915676124783317e-01,5.846445400673658810e-01,6.057656032685797554e-01,6.204430717889400926e-01,6.303607943892581833e-01,6.368123348632670488e-01,6.407249504136411922e-01,6.427487559498280545e-01,6.433386794167988976e-01,6.428154209192249446e-01,6.414077039750204490e-01,6.392808591914238558e-01,6.365560756028939560e-01,6.333234305644668272e-01,6.296507929118069224e-01,6.255899773272327602e-01,6.211810511839193083e-01,6.164553849855195500e-01,6.114378367651721602e-01,6.061483299794248047e-01,6.006029988407799447e-01,5.948150174343169727e-01,5.887951893493791333e-01,5.825523460924534325e-01,5.760935798957860232e-01,5.694243162394723168e-01,5.625482097079100852e-01,5.554668188632116976e-01,5.481789755391875962e-01,5.406797006867195554e-01,5.329584152807614883e-01,5.249960216559289572e-01,5.167601411021153224e-01,5.081973218102352474e-01,4.992203242952797382e-01,4.896877857246815235e-01,4.793737066945674696e-01,4.679297724735123065e-01,4.548698813502844995e-01,4.396998641125505758e-01,4.217600564170030375e-01,4.025513003198465944e-01,3.855441465566195602e-01
8.136363636363637131e-01,3.780231511011102885e-01,3.903927923309409298e-01,4.083053430651554794e-01,4.265356494339238580e-01,4.438632973664902726e-01,4.588578520332064481e-01,4.716249018861078390e-01,4.827277488626407487e-01,4.926860150631783286e-01,5.018648605783133654e-01,5.104973783178029523e-01,5.187269817623647583e-01,5.266406165748493962e-01,5.342904605539338103e-01,5.417072671014937502e-01,5.489084142696694091e-01,5.559027434868615281e-01,5.626934674462122921e-01,5.692799043686093130e-01,5.756584808567061229e-01,5.818232592690766314e-01,5.877661343917303105e-01,5.934767754938379269e-01,5.989423442136714293e-01,6.041469843700941755e-01,6.090710484805116343e-01,6.136899920619384163e-01,6.179728229670591322e-01,6.218799326335116007e-01,6.253600465222129978e-01,6.283458955638951959e-01,6.307480018765330154e-01,6.324456489703215167e-01,6.332736082896230911e-01,6.330024417088462307e-01,6.313091304233118262e-01,6.277334961074758635e-01,6.216151826192207741e-01,6.120091082200569410e-01,5.975952382293044929e-01,5.766636379401207657e-01,5.474450876764066498e-01,5.094566646108662500e-01,4.667326904436491786e-01,4.313228082327598689e-01,4.190611162946236701e-01,4.386812227539239606e-01,4.775714882553743212e-01,5.199368765938037207e-01,5.570579404483619879e-01,5.867259676434652960e-01,6.096277801765668247e-01,6.271598428590076102e-01,6.406188162847836765e-01,6.510138604560363751e-01,6.590825328623516333e-01,6.653515122511846069e-01,6.701939174862784343e-01,6.738729853307748874e-01,6.765728707212862458e-01,6.784195556693136675e-01,6.794945996477432804e-01,6.798437138578153904e-01,6.794814327932183762e-01,6.783925801104788711e-01,6.765307471844692611e-01,6.738135576285330108e-01,6.701140106895423498e-01,6.652466161579791981e-01,6.589463177100960412e-01,6.508374405956074416e-01,6.403896320822628496e-01,6.268599736057238747e-01,6.092314616069847144e-01,5.861961993182750463e-01,5.563427755336005642e-01,5.189684580767393030e-01,4.762767958545341962e-01,4.370188350985906856e-01,4.170743223701903202e-01,4.290491157928475463e-01,4.645407597352892992e-01,5.075072151642078255e-01,5.457740966472607314e-01,5.752446210869770482e-01,5.963836702622938857e-01,6.109621902394388737e-01,6.206975695530556614e-01,6.269175423063096941e-01,6.305735721687137918e-01,6.323309209328048519e-01,6.326534339719324107e-01,6.318668488850841536e-01,6.302026203823520856e-01,6.278274781708096386e-01,6.248632602247543577e-01,6.214002831684185546e-01,6.175064407244275078e-01,6.132334663457500445e-01,6.086212954697826083e-01,6.037011380103254332e-01,5.984976618404321824e-01,5.930305516107777786e-01,5.873156168924102971e-01,5.813655626287563827e-01,5.751904905580201843e-01,5.687981658370951932e-01,5.621940510911257460e-01,5.553810747563081573e-01,5.483590535939232291e-01,5.411236187280128451e-01,5.336643810288824730e-01,5.259618827374296091e-01,5.179825657555114926e-01,5.096704693600923042e-01,5.009335911313650413e-01,4.916219563274524251e-01,4.814946151126461849e-01,4.701789913967761025e-01,4.571544337437012939e-01,4.418779442847812766e-01,4.243109438802722400e-01,4.060171771577864575e-01,3.892130162495079926e-01,3.773091874039948279e-01
8.174242424242423866e-01,3.747440724033444526e-01,3.826313436383702582e-01,3.948040275345837125e-01,4.107786852191616100e-01,4.289725336957622148e-01,4.463077511613542381e-01,4.613017979152949644e-01,4.739945333110032188e-01,4.849530646580520465e-01,4.947193597881196503e-01,5.036776102509208375e-01,5.120731938537962380e-01,5.200566406214629511e-01,5.277187481995924134e-01,5.351135906859846303e-01,5.422726325777588174e-01,5.492131970556102250e-01,5.559435132269993085e-01,5.624657056991565485e-01,5.687775285219294208e-01,5.748733064263787940e-01,5.807443447462742325e-01,5.863789472277313175e-01,5.917621022885941606e-01,5.968748414375092404e-01,6.016932236568547365e-01,6.061868470155892252e-01,6.103167208490880569e-01,6.140322375937136146e-01,6.172668418193778539e-01,6.199317778814623647e-01,6.219069626892319569e-01,6.230275121863450005e-01,6.230636663795831032e-01,6.216907420009087915e-01,6.184444064251778395e-01,6.126558864013895711e-01,6.033652541631000510e-01,5.892306693429772979e-01,5.685227465783803114e-01,5.394986390632160456e-01,5.018692219335645355e-01,4.602013662215497791e-01,4.273377684355272876e-01,4.192603779358931027e-01,4.385175478996514165e-01,4.765944541977735760e-01,5.173640051873868995e-01,5.528655102259433241e-01,5.812590196067893844e-01,6.032780941514204187e-01,6.202521618069496423e-01,6.333967313533908072e-01,6.436554287586789824e-01,6.517194157229411200e-01,6.580846869945103927e-01,6.631053398702977386e-01,6.670341491459812477e-01,6.700513480809454636e-01,6.722844181265797969e-01,6.738214405426347087e-01,6.747198935112401763e-01,6.750121629285882330e-01,6.747085576576642429e-01,6.737982570319297482e-01,6.722483240308042562e-01,6.700006453262558059e-01,6.669663639704299651e-01,6.630170051307263668e-01,6.579710136677386911e-01,6.515738000040848243e-01,6.434687105683594144e-01,6.331560748953850570e-01,6.199393699233268773e-01,6.028671208682816474e-01,5.807125249504806463e-01,5.521309020574649562e-01,5.163715790742856582e-01,4.752653976137209413e-01,4.367911632136938782e-01,4.171136448081874670e-01,4.250173000400597756e-01,4.579642159250199573e-01,4.998760324656425502e-01,5.377908201252482590e-01,5.670749036865646575e-01,5.879970633214853803e-01,6.023013723518125806e-01,6.117248700833151087e-01,6.176174389342892201e-01,6.209456897319483026e-01,6.223835251254156153e-01,6.223990996586519220e-01,6.213199179946792272e-01,6.193778214643071989e-01,6.167392326062032248e-01,6.135253728155334318e-01,6.098258370314276755e-01,6.057077918905446889e-01,6.012222771732598225e-01,5.964085699438098631e-01,5.912972339153599322e-01,5.859122589165721706e-01,5.802725527863568100e-01,5.743929527114932654e-01,5.682848542552321192e-01,5.619565028518886951e-01,5.554129414516353336e-01,5.486555496460756576e-01,5.416810289443801940e-01,5.344795640924201452e-01,5.270316859122806674e-01,5.193030204153076257e-01,5.112355526518459481e-01,5.027332007093222588e-01,4.936385693224215054e-01,4.836980854328343238e-01,4.725199710023291200e-01,4.595618219264544502e-01,4.442793148774766276e-01,4.267039033343274501e-01,4.084404941768312591e-01,3.926583860842074447e-01,3.814799498849968384e-01,3.741489147620625788e-01
8.212121212121212821e-01,3.737817004243684793e-01,3.796893582948639989e-01,3.870627355494053456e-01,3.980606043895704715e-01,4.135733402112353740e-01,4.315364553763380018e-01,4.488203187937356287e-01,4.637846846457961969e-01,4.763926808813105374e-01,4.872066261691118116e-01,4.967855169147730177e-01,5.055297276776993254e-01,5.136954405577678351e-01,5.214394968967341892e-01,5.288560490480348486e-01,5.360006880463491497e-01,5.429052242612338874e-01,5.495865096552674522e-01,5.560516419311223313e-01,5.623009835872272433e-01,5.683298326473299467e-01,5.741292190960987085e-01,5.796860824859847439e-01,5.849829481694784894e-01,5.899971240329902056e-01,5.946993590231239857e-01,5.990518210230426632e-01,6.030051461348970854e-01,6.064941622189545800e-01,6.094316648452928753e-01,6.116992789663044938e-01,6.131339047209121151e-01,6.135074353203334718e-01,6.124962774253324138e-01,6.096358168193684035e-01,6.042542799527625963e-01,5.953842261415377424e-01,5.816709711465118948e-01,5.613732370458924814e-01,5.327686284463933886e-01,4.957056115187088441e-01,4.550927489750414834e-01,4.240457987532560979e-01,4.180030454089361802e-01,4.395647477124292601e-01,4.759133005712577469e-01,5.135615684578288542e-01,5.473826839744065920e-01,5.745882155979400441e-01,5.958314388277652363e-01,6.123383628661788203e-01,6.252354262038370969e-01,6.354012975567461252e-01,6.434830676536730243e-01,6.499479802822113461e-01,6.551320535261789813e-01,6.592774101333689352e-01,6.625589767833202082e-01,6.651030358820609889e-01,6.669999423864337862e-01,6.683127421028478565e-01,6.690828911560630088e-01,6.693338646935523828e-01,6.690731421996883865e-01,6.682928325979058393e-01,6.669690211821327486e-01,6.650597528778526835e-01,6.625013845661871237e-01,6.592028136043595055e-01,6.550367864893884562e-01,6.498270758516022649e-01,6.433297706473548594e-01,6.352063384503100485e-01,6.249859343358078467e-01,6.120162428748724404e-01,5.954109936229208255e-01,5.740328817685134144e-01,5.466413265902964058e-01,5.125669131415875324e-01,4.745894098649420245e-01,4.377990628992713407e-01,4.158507882284194768e-01,4.217060157662841369e-01,4.528224467227189853e-01,4.936751862369004318e-01,5.310267303468970690e-01,5.598968061038722688e-01,5.804139298589354734e-01,5.943009119070886692e-01,6.033066662387238654e-01,6.087941217488869183e-01,6.117376152703751790e-01,6.128142174142789944e-01,6.124924820746766585e-01,6.110989004269368197e-01,6.088637051766363495e-01,6.059515546104201622e-01,6.024819620702224210e-01,5.985429538062142507e-01,5.942002789059811496e-01,5.895036814519635238e-01,5.844912075903098136e-01,5.791921730447062711e-01,5.736291902693581024e-01,5.678195037956857982e-01,5.617757754785638324e-01,5.555063761726523053e-01,5.490151580202325965e-01,5.423005837678731567e-01,5.353539486988183604e-01,5.281562091883842402e-01,5.206725675851191504e-01,5.128433726618463195e-01,5.045690188800698861e-01,4.956855879195204984e-01,4.859285109737747632e-01,4.748898849089006613e-01,4.620111954450994984e-01,4.467557752061560583e-01,4.292368004745338861e-01,4.112187696449361440e-01,3.959114364811485154e-01,3.853109697482166585e-01,3.785374645167440821e-01,3.732953576952849906e-01
8.249999999999999556e-01,3.732232376718713218e-01,3.786786183670589057e-01,3.839051124603468090e-01,3.907846593864194307e-01,4.013255327308206111e-01,4.164067521633326163e-01,4.341293371690235769e-01,4.513341863085518213e-01,4.662501517779215621e-01,4.787675343285688889e-01,4.894392548765456041e-01,4.988370195419641884e-01,5.073747905843564165e-01,5.153181554725791980e-01,5.228294872691885420e-01,5.300057785049798742e-01,5.369036917804553832e-01,5.435548928154539938e-01,5.499751461476706238e-01,5.561696017465987962e-01,5.621357573357599335e-01,5.678649521443362991e-01,5.733428598109778784e-01,5.785492055718712834e-01,5.834567684112510477e-01,5.880295965040768236e-01,5.922202301221115572e-01,5.959655590204879783e-01,5.991807043529259191e-01,6.017499578926701620e-01,6.035132621636390970e-01,6.042458807713756430e-01,6.036277142674487672e-01,6.011972753091164856e-01,5.962846027528734272e-01,5.879212955951348407e-01,5.747477481477688555e-01,5.550167995873441784e-01,5.270180099396521989e-01,4.906790500380799336e-01,4.510801809792773787e-01,4.213400409267953339e-01,4.162320420590502890e-01,4.375558561035992056e-01,4.730618684060497459e-01,5.098789406885508857e-01,5.409696832768638997e-01,5.669300635607905647e-01,5.874615588472702488e-01,6.035723400458848920e-01,6.162794193854165270e-01,6.263934616069443129e-01,6.345184344670711241e-01,6.410943103110631203e-01,6.464400769091355192e-01,6.507875762625502380e-01,6.543060622294104567e-01,6.571194708406276064e-01,6.593184138607064426e-01,6.609684542414472341e-01,6.621157665929751079e-01,6.627909295179083005e-01,6.630113380793637434e-01,6.627825387972412496e-01,6.620986509396390440e-01,6.609419252464082684e-01,6.592813867393856331e-01,6.570703952812887438e-01,6.542428181176135338e-01,6.507073213568422831e-01,6.463390264846322619e-01,6.409674181479473321e-01,6.343589285524738886e-01,6.261921645889811927e-01,6.160237530819248075e-01,6.032448854785105175e-01,5.870380730697352112e-01,5.663771980484996194e-01,5.402451192506154687e-01,5.089144598379479190e-01,4.717319852965398685e-01,4.357973215543525236e-01,4.140817555305119635e-01,4.189867446106515514e-01,4.487815323962607850e-01,4.886139558900510771e-01,5.252422045672787698e-01,5.535100786107888249e-01,5.734642711209669841e-01,5.868146734899479799e-01,5.953159095008719870e-01,6.003359188085973797e-01,6.028501361125608859e-01,6.035339372586758788e-01,6.028528324407536054e-01,6.011298693409610205e-01,5.985919327735301776e-01,5.954006373201893298e-01,5.916728065531057235e-01,5.874940968262707397e-01,5.829281279239044711e-01,5.780226454411723225e-01,5.728136876585928627e-01,5.673283699065758690e-01,5.615866603166614901e-01,5.556023516844517118e-01,5.493832978527871669e-01,5.429308481467794989e-01,5.362382459255758960e-01,5.292875115654166462e-01,5.220439408149756266e-01,5.144467271171514478e-01,5.063933076083418916e-01,4.977140988902781782e-01,4.881350526713894022e-01,4.772348951319238530e-01,4.644434694306009970e-01,4.492362912103707306e-01,4.318036200381480394e-01,4.140417089444767829e-01,3.991810804732141005e-01,3.890415743680182836e-01,3.825913768827571282e-01,3.777274318393745167e-01,3.728127310294836461e-01
8.287878787878788511e-01,3.724629127954534047e-01,3.780336755425265927e-01,3.828573639751846613e-01,3.878580566059591783e-01,3.944451748298821170e-01,4.046042666161820955e-01,4.193089587871696167e-01,4.367974194391563425e-01,4.539062480213868489e-01,4.687618208499803596e-01,4.811878504344616614e-01,4.917240341361236999e-01,5.009505461566594597e-01,5.092923134282227871e-01,5.170229108913422245e-01,5.243094299794333057e-01,5.312511072886285657e-01,5.379050762582555656e-01,5.443021129284014714e-01,5.504558914191660657e-01,5.563682303816349650e-01,5.620318396767243208e-01,5.674314143092606955e-01,5.725434994976326131e-01,5.773352670578166812e-01,5.817621219580133562e-01,5.857638401720491883e-01,5.892586715299853450e-01,5.921344634689423847e-01,5.942352945530979813e-01,5.953412511129240192e-01,5.951377523153525972e-01,5.931693358263356863e-01,5.887720154114207682e-01,5.809822172635604742e-01,5.684425650957347642e-01,5.494055269497244431e-01,5.221645982058320534e-01,4.866723937528892874e-01,4.480309183609580415e-01,4.191603029175889339e-01,4.142066612539948012e-01,4.345434821343315268e-01,4.683821867536131500e-01,5.036287686057016044e-01,5.343581358532735193e-01,5.588738294803743401e-01,5.784917200714684293e-01,5.942356057312889739e-01,6.067956325456955735e-01,6.168936705528835773e-01,6.250872491297899680e-01,6.317891871219984967e-01,6.373021036627242175e-01,6.418480208474994786e-01,6.455905761387769060e-01,6.486509463547071030e-01,6.511190712588852403e-01,6.530615149102114714e-01,6.545269499614961850e-01,6.555499516723307663e-01,6.561535661458168800e-01,6.563509579127276838e-01,6.561463270123024660e-01,6.555351990986416633e-01,6.545041209983377684e-01,6.530297279031913593e-01,6.510770770813099073e-01,6.485970559426270654e-01,6.455225565959737954e-01,6.417629485253625310e-01,6.371961571257986900e-01,6.316573552824662485e-01,6.249229201731623107e-01,6.166880586915980400e-01,6.065370080285493737e-01,5.939083938478363356e-01,5.780761794002581277e-01,5.583565822087305230e-01,5.336592814578502431e-01,5.026604672982118993e-01,4.670551968845618185e-01,4.327902779905375419e-01,4.120563388750194678e-01,4.167932613562083111e-01,4.457042753178142580e-01,4.845718000190749608e-01,5.203523089845185634e-01,5.478644616529761979e-01,5.671275553523998925e-01,5.798464851150783028e-01,5.877759417703896094e-01,5.922816233869515612e-01,5.943342056199969470e-01,5.946031597892609266e-01,5.935480197926639168e-01,5.914863366710376713e-01,5.886401679082482463e-01,5.851669613144663273e-01,5.811799269944470936e-01,5.767615046289427116e-01,5.719723037906712104e-01,5.668570361860842954e-01,5.614483883314735913e-01,5.557694023051273913e-01,5.498346618329466029e-01,5.436503601378962491e-01,5.372131012734259192e-01,5.305069996552047584e-01,5.234982181710674531e-01,5.161254308933861390e-01,5.082837624547498212e-01,4.997988495094476957e-01,4.903886868231252527e-01,4.796213856735698777e-01,4.669194778732951856e-01,4.517742848550969637e-01,4.344460151628041777e-01,4.169330743769864012e-01,4.024623896949130475e-01,3.927091787363429787e-01,3.865481758843738458e-01,3.819023740029683922e-01,3.773442802937500007e-01,3.720824414696041194e-01
8.325757575757576356e-01,3.714560168070022983e-01,3.771896413003100190e-01,3.822637142764273577e-01,3.868878830168349103e-01,3.916825823719685684e-01,3.980187595232711484e-01,4.078593021632407889e-01,4.222356879724891709e-01,4.394965220062871936e-01,4.564944044288075653e-01,4.712799027221672432e-01,4.836162960289796531e-01,4.940258933153018894e-01,5.030927138228531437e-01,5.112497916642990692e-01,5.187771264255263137e-01,5.258455667385584231e-01,5.325557792531024903e-01,5.389644281441762219e-01,5.451001396670647203e-01,5.509727316239135808e-01,5.565781907948957885e-01,5.619008845953891162e-01,5.669137860259608752e-01,5.715770060160675348e-01,5.758345546191998565e-01,5.796088954305382845e-01,5.827924269657932532e-01,5.852344238124647102e-01,5.867210874333335102e-01,5.869450962259329385e-01,5.854595016497381454e-01,5.816099371923949546e-01,5.744428973356419110e-01,5.626100591851403987e-01,5.443695606775930118e-01,5.180136668774875108e-01,4.834742181783874826e-01,4.457467369241185917e-01,4.173918461650806822e-01,4.119873987065405530e-01,4.308130723985447164e-01,4.627341019561234114e-01,4.963213637850259485e-01,5.258942267525453795e-01,5.501071729215081252e-01,5.694287109615953080e-01,5.844963134526207638e-01,5.969018035772388764e-01,6.070039374951351485e-01,6.152853137533516037e-01,6.221268581516788965e-01,6.278140466819034371e-01,6.325591025811045931e-01,6.365200935413912742e-01,6.398152835897724655e-01,6.425335034966167536e-01,6.447415451861238100e-01,6.464894089623782758e-01,6.478140121815325614e-01,6.487417860918398560e-01,6.492904521284402763e-01,6.494701709049984784e-01,6.492841854020466874e-01,6.487290249472259518e-01,6.477942909311249498e-01,6.464620024643784602e-01,6.447054344357130429e-01,6.424873253298148956e-01,6.397572601163855621e-01,6.364479350751244269e-01,6.324698755876890788e-01,6.277039960253091300e-01,6.219911725068014707e-01,6.151178313705045753e-01,6.067968337452618321e-01,5.966455125624546829e-01,5.841813489174892959e-01,5.690498985204065496e-01,5.495921810824226927e-01,5.251884546484428817e-01,4.953491403283725725e-01,4.614058650431914765e-01,4.290594080240919261e-01,4.098318203523441672e-01,4.150076920760710220e-01,4.433895576047753861e-01,4.813347248630705510e-01,5.161599969979433489e-01,5.427879439669890393e-01,5.612563775869491289e-01,5.732702761180238360e-01,5.805782283382942000e-01,5.845367653170563393e-01,5.861064918341999386e-01,5.859472796024656205e-01,5.845101576852277381e-01,5.821054032171051329e-01,5.789489148030900756e-01,5.751928670518035025e-01,5.709458024850881941e-01,5.662857821871740693e-01,5.612689549569045422e-01,5.559350180959548027e-01,5.503104379533176882e-01,5.444098636179646178e-01,5.382358059719134502e-01,5.317762780205894657e-01,5.249996064367602466e-01,5.178449261561274275e-01,5.102059146755728580e-01,5.019044625882962407e-01,4.926522745305275119e-01,4.820098332025338772e-01,4.693970585222248526e-01,4.543250137935134769e-01,4.371168208905790165e-01,4.198453685867451490e-01,4.057145377397119446e-01,3.962839827150251293e-01,3.903725574204816029e-01,3.859296715323819460e-01,3.815677116505886146e-01,3.766812460307591981e-01,3.710819943550641153e-01
8.363636363636364202e-01,3.699265146653659131e-01,3.760422621895062600e-01,3.815269985772621331e-01,3.863927831279095337e-01,3.908212349246185102e-01,3.954217835549570514e-01,4.015431337161700642e-01,4.111228047807909958e-01,4.252158500168771171e-01,4.422532827266368871e-01,4.591218779893341262e-01,4.738246241664400560e-01,4.860718427148011944e-01,4.963638611187376481e-01,5.052829602405883858e-01,5.132666283197652168e-01,5.205991399259149999e-01,5.274536259935841409e-01,5.339307916890756456e-01,5.400851287449208726e-01,5.459407746418649676e-01,5.515003604525434699e-01,5.567492443031032412e-01,5.616564945392990005e-01,5.661731950854591577e-01,5.702280242158291879e-01,5.737194712135215147e-01,5.765033634797134265e-01,5.783734380857081803e-01,5.790313897062980830e-01,5.780412353949757609e-01,5.747618706284628454e-01,5.682552972761298893e-01,5.571897822835448766e-01,5.398369266796574362e-01,5.144860827641696277e-01,4.810086644145460388e-01,4.441764033914707976e-01,4.160467074067749071e-01,4.096887293324908974e-01,4.265773629001055611e-01,4.563938284883848895e-01,4.883119139563972255e-01,5.167813401314147459e-01,5.403531263040745047e-01,5.593681466203241914e-01,5.746482795824626733e-01,5.868256736489601000e-01,5.968865577001830625e-01,6.052630648248062961e-01,6.122547604595963699e-01,6.181237494135555233e-01,6.230711836760528533e-01,6.272492951573662712e-01,6.307733218922293439e-01,6.337307811540497937e-01,6.361883077042606027e-01,6.381966134501616539e-01,6.397940615999905267e-01,6.410092282218925464e-01,6.418627178694765734e-01,6.423684182300747336e-01,6.425343181381040214e-01,6.423629679625417754e-01,6.418516260014781594e-01,6.409921046774446074e-01,6.397703022479384050e-01,6.381653758756149486e-01,6.361484764744248510e-01,6.336809203698700044e-01,6.307116122464540009e-01,6.271734525339860422e-01,6.229783575690578390e-01,6.180104053430592881e-01,6.121165719187058318e-01,6.050949197870200136e-01,5.966831563707745145e-01,5.865869177473147511e-01,5.743555141163571021e-01,5.589789138200974561e-01,5.398289584853072087e-01,5.160666700598396384e-01,4.873310648979644610e-01,4.550572819436274341e-01,4.248147198275674108e-01,4.075198307196376546e-01,4.136392753297077896e-01,4.417836639633128115e-01,4.788246829517508463e-01,5.125840647375792258e-01,5.382064793512579826e-01,5.557881642278228451e-01,5.670358019750948442e-01,5.736839585608588532e-01,5.770723524699769014e-01,5.781459974930595047e-01,5.775514612071100951e-01,5.757287616091306681e-01,5.729790892759420995e-01,5.695106990285764281e-01,5.654690547111057564e-01,5.609563857430137634e-01,5.560442315740241614e-01,5.507812467013463165e-01,5.451975959430830354e-01,5.393065727712309521e-01,5.331034824568424701e-01,5.265612094773516327e-01,5.196211072988691226e-01,5.121768608949205381e-01,5.040481723233334321e-01,4.949427168676753808e-01,4.844171286159020817e-01,4.718943476110084023e-01,4.569094730216556877e-01,4.398401362124668701e-01,4.228046547661891141e-01,4.089668211124338204e-01,3.998009450975915091e-01,3.941045803281754134e-01,3.898552182420370049e-01,3.856884596998155779e-01,3.810097730737957433e-01,3.756576553248406336e-01,3.696369458162688248e-01
8.401515151515152047e-01,3.681931794251125378e-01,3.746246300695093567e-01,3.804992379619560050e-01,3.857648392700304130e-01,3.904215803153172626e-01,3.946516854114882067e-01,3.990644389929053348e-01,4.049955753631480082e-01,4.143538677890364341e-01,4.281919083678718541e-01,4.450036661977758157e-01,4.617267858673240744e-01,4.763394348148561330e-01,4.885031122122823755e-01,4.986902163581677927e-01,5.074752112949193483e-01,5.152961297035077992e-01,5.224390515054788686e-01,5.290773667274994985e-01,5.353095216966796688e-01,5.411847139502783399e-01,5.467180929958522784e-01,5.518985142985609604e-01,5.566909909169326376e-01,5.610348608347851540e-01,5.648376961082033354e-01,5.679640286312618302e-01,5.702168746712796832e-01,5.713086462950962563e-01,5.708163791541874810e-01,5.681151498919605469e-01,5.622869403807665423e-01,5.520232923237138323e-01,5.356175285642665873e-01,5.113595033586324501e-01,4.790372866449517653e-01,4.431164601427380889e-01,4.150404580982795522e-01,4.073954087680716762e-01,4.220442688839132761e-01,4.496060848823240641e-01,4.798306185087535258e-01,5.072310276909638427e-01,5.302093852100655536e-01,5.489457959623111893e-01,5.641473923594054751e-01,5.765459933196819264e-01,5.867455782766883843e-01,5.950914839519239052e-01,6.022268440806558543e-01,6.082796396700216324e-01,6.134310449695543621e-01,6.178255428986126896e-01,6.215747537317148907e-01,6.247645813045848984e-01,6.274612128396914734e-01,6.297156884120234110e-01,6.315672869305183346e-01,6.330460082218214435e-01,6.341743776103101471e-01,6.349687405169078813e-01,6.354401658981010392e-01,6.355950397202053681e-01,6.354354006843097036e-01,6.349590472782707939e-01,6.341594254071588610e-01,6.330252870989575564e-01,6.315400909669128815e-01,6.296810920091736596e-01,6.274180394659001347e-01,6.247113641636866666e-01,6.215096889757736331e-01,6.177464395856794299e-01,6.133352864801819848e-01,6.081642039823074164e-01,6.020885507870610276e-01,5.949282957804480354e-01,5.865657719923056401e-01,5.763138198403390255e-01,5.638451654517738776e-01,5.485466734005188805e-01,5.296742422315670051e-01,5.065039162370471582e-01,4.788356533182522856e-01,4.482536833536400200e-01,4.202635836943051095e-01,4.052039809115386970e-01,4.126014574946569313e-01,4.406801961809750923e-01,4.767998896351618443e-01,5.093987155555740332e-01,5.339265120977310097e-01,5.505610193249983464e-01,5.610070992724454086e-01,5.669768842250114682e-01,5.697864707072476387e-01,5.703607139707016493e-01,5.693298788732600313e-01,5.671208413912415258e-01,5.640239157956492555e-01,5.602378587194639659e-01,5.558991257725758306e-01,5.511004444385878553e-01,5.459021182566278219e-01,5.403380818801380991e-01,5.344176300688222581e-01,5.281227913978251420e-01,5.214003369090723927e-01,5.141463361221333406e-01,5.061804221443818586e-01,4.972088371826287601e-01,4.867884288927382674e-01,4.743513358032022675e-01,4.594624465575835037e-01,4.425490176105850715e-01,4.257513357663766929e-01,4.121772530734943429e-01,4.032368285197254210e-01,3.977325309236494078e-01,3.936724385738567533e-01,3.897054814025560643e-01,3.852371195727411490e-01,3.801050573873917537e-01,3.743257051573299909e-01,3.679632727816181115e-01
8.439393939393939892e-01,3.663574803111060985e-01,3.730332910355417808e-01,3.792292196724962317e-01,3.848797260131464060e-01,3.899248071222846113e-01,3.943662791898539521e-01,3.983932453086197478e-01,4.026226086874870602e-01,4.083847141926143509e-01,4.175551665256385658e-01,4.311589187518736765e-01,4.477347429755238473e-01,4.642883753927581347e-01,4.787970798266598105e-01,4.908782020293230852e-01,5.009693871133805709e-01,5.096297505235801717e-01,5.172925019241433331e-01,5.242415980565088285e-01,5.306469670777876901e-01,5.366002391171094121e-01,5.421389582744163826e-01,5.472599848761016128e-01,5.519245527497015358e-01,5.560565031635420485e-01,5.595338270574298223e-01,5.621721793609497642e-01,5.636973929932171945e-01,5.637022145425087949e-01,5.615813043309519914e-01,5.564416654125226014e-01,5.470058302443867593e-01,5.315992560588849170e-01,5.085201344624847852e-01,4.774587538227373362e-01,4.425057831150579490e-01,4.143892523962106611e-01,4.052156321079788404e-01,4.173822871471652984e-01,4.425541334447724018e-01,4.710505738593316338e-01,4.974012540106083624e-01,5.198239125152206430e-01,5.383198915218958547e-01,5.534721913605902266e-01,5.659361567280690730e-01,5.762761208886911790e-01,5.849355942809495446e-01,5.921650185234358377e-01,5.983834197711066505e-01,6.037361891444076312e-01,6.083456742167631104e-01,6.123174098797398157e-01,6.157349424353413259e-01,6.186636567847403345e-01,6.211546298208182604e-01,6.232477180892841417e-01,6.249739082046136263e-01,6.263570725919471727e-01,6.274152649413206051e-01,6.281616606755023868e-01,6.286052194876404764e-01,6.287511236770523260e-01,6.286010273142583760e-01,6.281531359236530720e-01,6.274021229985213832e-01,6.263388769424500513e-01,6.249500586924728873e-01,6.232174350314647615e-01,6.211169341240035946e-01,6.186173470044468159e-01,6.156785717559900561e-01,6.122492712343851062e-01,6.082638160231230717e-01,6.036385283777889743e-01,5.982681970928294124e-01,5.920331955032913651e-01,5.847858259685149163e-01,5.760871648491727726e-01,5.656950484651851463e-01,5.531599651947574081e-01,5.379090561656355574e-01,5.192746802525910477e-01,4.966569730019540496e-01,4.700347539524209473e-01,4.411769440607573589e-01,4.155729352054397530e-01,4.029907200714664128e-01,4.119085082447920820e-01,4.400160720446191776e-01,4.751569268328736939e-01,5.064878135691859296e-01,5.298332545819711692e-01,5.454671379885567273e-01,5.550845680533196269e-01,5.603646608283209263e-01,5.625920214432545974e-01,5.626661754061327292e-01,5.611975608359212053e-01,5.585970884586948237e-01,5.551413347360305561e-01,5.510159943951256079e-01,5.463434871236031443e-01,5.411994816859891921e-01,5.356213077656141186e-01,5.296095940869440799e-01,5.231230176118302211e-01,5.160647108348684897e-01,5.082580897682047461e-01,4.994120470087677899e-01,4.890891800833891412e-01,4.767384465664268323e-01,4.619611038665044633e-01,4.452285766502259157e-01,4.286785849563242157e-01,4.153467754462127903e-01,4.065987174957180206e-01,4.012670938167335888e-01,3.973940973317098280e-01,3.936337480216304807e-01,3.893835490719546044e-01,3.844742317055451775e-01,3.789205680022605383e-01,3.727945931841311067e-01,3.661701861386667534e-01
8.477272727272727737e-01,3.645000202078849116e-01,3.713609592905022239e-01,3.778086569821345608e-01,3.837815006716348010e-01,3.892073170092861245e-01,3.940258915886175051e-01,3.982439664432483872e-01,4.020614153358404996e-01,4.061084117275481353e-01,4.117141179629073000e-01,4.207140353349874684e-01,4.340844307648744627e-01,4.503991634600068017e-01,4.667516087467743491e-01,4.811389604694334965e-01,4.931358770688210047e-01,5.031360930826354050e-01,5.116739372716525569e-01,5.191705439070012362e-01,5.259015424228230540e-01,5.320265316057333216e-01,5.376211313411402015e-01,5.426978558542748798e-01,5.472152095530365967e-01,5.510762872609580310e-01,5.541169464882901297e-01,5.560816481128744160e-01,5.565829392810958121e-01,5.550391410487056643e-01,5.505876022593630958e-01,5.419899632055495964e-01,5.276159037612794256e-01,5.057854971420312484e-01,4.760918201558966834e-01,4.422090900705097360e-01,4.140659283633618681e-01,4.032514056643187184e-01,4.127690543808767432e-01,4.354213065403913507e-01,4.621255955079520694e-01,4.874112706477493617e-01,5.092881421290145205e-01,5.275629166133745107e-01,5.426861600266968955e-01,5.552325360365721885e-01,5.657193288806477982e-01,5.745639298221316693e-01,5.820888844786079597e-01,5.885338416950613993e-01,5.940210860768779799e-01,5.988386173490436448e-01,6.030291364560546041e-01,6.066703325637280431e-01,6.098258208525243473e-01,6.125462842842565037e-01,6.148718494796638900e-01,6.168341771871880264e-01,6.184581138397703404e-01,6.197629527588938148e-01,6.207633794510537539e-01,6.214701661576667036e-01,6.218906656927142285e-01,6.220291404095403820e-01,6.218869500628186886e-01,6.214626120681751020e-01,6.207517385339081928e-01,6.197468457053681989e-01,6.184370223850466086e-01,6.168074337580734534e-01,6.148386252669485463e-01,6.125055776320919021e-01,6.097764504988807399e-01,6.066109467523468357e-01,6.029582665863651991e-01,5.987548626080571035e-01,5.939237881238487171e-01,5.884311901551992907e-01,5.819614119676101982e-01,5.744062385362826983e-01,5.655218715344121350e-01,5.549816380104154456e-01,5.423622266867792474e-01,5.271376940213772233e-01,5.087208869672944500e-01,4.866442211383488758e-01,4.610812304207820844e-01,4.340093430573313538e-01,4.109191555016210029e-01,4.009802973467360698e-01,4.115306394764378650e-01,4.396524452664773430e-01,4.737102500036143304e-01,5.036640410438348869e-01,5.257552174257061894e-01,5.403533714199298954e-01,5.491301405483637321e-01,5.537193121133791029e-01,5.553656763560272935e-01,5.549379157349373370e-01,5.530223711202525427e-01,5.500096737610036257e-01,5.461571718351923010e-01,5.416295620075788353e-01,5.365230895127947042e-01,5.308773269970246123e-01,5.246764543503218414e-01,5.178400525962155720e-01,5.102023768334746912e-01,5.014813817608603230e-01,4.912528905101293808e-01,4.789922703627684797e-01,4.643461440148933805e-01,4.478279508130533770e-01,4.315513873646638077e-01,4.184610133736781368e-01,4.098889487090707773e-01,4.047193460622706684e-01,4.010347489275712940e-01,3.974894752744270732e-01,3.934672215995032030e-01,3.887878864791088351e-01,3.834614684133804130e-01,3.775603969357573808e-01,3.711653011531356183e-01,3.643435792207246338e-01
8.515151515151515582e-01,3.626828064347926706e-01,3.696836690105579359e-01,3.763255399855058858e-01,3.825553889022386134e-01,3.883055504762953358e-01,3.935019040694625603e-01,3.980858035649271209e-01,4.020707604541317592e-01,4.056705966697725096e-01,4.095331279556973514e-01,4.149877908647505720e-01,4.238201826566141972e-01,4.369385484475110659e-01,4.529477122543182910e-01,4.690506986116427801e-01,4.832847491427824105e-01,4.951816974875430932e-01,5.050797424610075081e-01,5.134757401277405542e-01,5.207675273767531365e-01,5.272110771219696845e-01,5.329416083041942365e-01,5.379988944871131329e-01,5.423408064881951596e-01,5.458422977090193751e-01,5.482787643175869308e-01,5.492911180888595535e-01,5.483283048729995501e-01,5.445653815556699140e-01,5.368130816663131410e-01,5.235000302197647670e-01,5.029868850120946533e-01,4.747810876022402482e-01,4.421180393469888448e-01,4.140556272476245137e-01,4.015972104003858734e-01,4.083657735704514513e-01,4.283779539450874307e-01,4.532048128149031019e-01,4.773836225551975065e-01,4.987026997739591461e-01,5.167598087993247047e-01,5.318638136494536761e-01,5.445037262364069708e-01,5.551472706890528963e-01,5.641836363613795813e-01,5.719196635513402738e-01,5.785921082852735209e-01,5.843818429187457308e-01,5.893677376432350234e-01,5.937649840898503451e-01,5.976241367979772123e-01,6.010012923003523744e-01,6.039454513038324812e-01,6.064964983399536713e-01,6.086864472373449964e-01,6.105408279466458810e-01,6.120798513774791116e-01,6.133193251535690171e-01,6.142713525390105511e-01,6.149448525839579238e-01,6.153459334514136403e-01,6.154781427958044837e-01,6.153426113925194452e-01,6.149380993504505177e-01,6.142609479701046649e-01,6.133049342675104265e-01,6.120610189740067764e-01,6.105169721050297538e-01,6.086568528474238793e-01,6.064603131460009067e-01,6.039016899756386447e-01,6.009488614786355765e-01,5.975619149451101286e-01,5.936920648624249841e-01,5.892844011532822890e-01,5.842898721520239924e-01,5.784811525721204051e-01,5.717848549828723481e-01,5.640178101456118087e-01,5.549403384383848614e-01,5.442414256359802138e-01,5.315257894938536509e-01,5.163167924618170535e-01,4.981126305921930730e-01,4.765871769055610163e-01,4.521229930858713941e-01,4.269198347740429944e-01,4.064618760356525362e-01,3.992653112469929377e-01,4.114505344884745175e-01,4.394777614655209219e-01,4.723004356725346020e-01,5.007538164977439754e-01,5.215192003689274047e-01,5.350504231351096429e-01,5.429767453934148946e-01,5.468716103649734483e-01,5.479297147193078477e-01,5.469812411553424125e-01,5.445811444071605445e-01,5.410908215706194957e-01,5.367355947534349081e-01,5.316396558864244781e-01,5.258426844929723343e-01,5.193008665087041065e-01,5.118736392025398096e-01,5.032996415938045809e-01,4.931794346368643667e-01,4.810276739381247890e-01,4.665478200852957169e-01,4.502947746444734278e-01,4.343374452474024205e-01,4.215078323259326964e-01,4.131099789856153004e-01,4.080991914823720590e-01,4.046075933529576507e-01,4.012877670596906587e-01,3.975049988749631003e-01,3.930651831988323797e-01,3.879717960561573364e-01,3.822959934128303816e-01,3.761205954833359288e-01,3.695192141954545262e-01,3.625489593466611482e-01
8.553030303030303427e-01,3.609508121154267890e-01,3.680584699430980433e-01,3.748503926993742574e-01,3.812823659592319836e-01,3.872957861234126997e-01,3.928199774426143764e-01,3.977798501613767357e-01,4.021190614485238290e-01,4.058593239774733741e-01,4.092310946999981325e-01,4.129027450948330458e-01,4.182020860599073298e-01,4.268514143103413483e-01,4.396730501787941003e-01,4.553041993575498991e-01,4.710817883365162051e-01,4.851023766088677913e-01,4.968529471964941435e-01,5.066009069679319188e-01,5.147872895791706371e-01,5.217675634264858919e-01,5.277557230017208001e-01,5.328324573153736532e-01,5.369574996425002800e-01,5.399671127074283650e-01,5.415505321359133095e-01,5.412017303309176741e-01,5.381459149447297419e-01,5.312568017931982300e-01,5.190404939936044126e-01,4.999222129478315679e-01,4.733451723282255386e-01,4.421012497314986134e-01,4.143203873342597432e-01,4.003267939670226427e-01,4.043190673170035665e-01,4.215847837846746771e-01,4.444291409541225035e-01,4.674320398177548297e-01,4.881583366601174312e-01,5.059846859584310463e-01,5.210679366750295971e-01,5.338050210892755221e-01,5.446105860058119141e-01,5.538437955575687965e-01,5.617946560582389726e-01,5.686906539998821675e-01,5.747083217285265944e-01,5.799842140260345058e-01,5.845882084687010760e-01,5.886423853784790161e-01,5.922333764958589430e-01,5.953951672621601299e-01,5.981654947055237148e-01,6.005760774752229025e-01,6.026527764820266420e-01,6.044164393199019658e-01,6.058837096218209206e-01,6.070676934191907570e-01,6.079784800614528306e-01,6.086235357801458301e-01,6.090079890918133065e-01,6.091348235726503635e-01,6.090049889529565164e-01,6.086174369687556984e-01,6.079690841197114004e-01,6.070546993061081142e-01,6.058667100921648618e-01,6.043949169901311480e-01,6.026261009173431438e-01,6.005435060717239093e-01,5.981261833714613951e-01,5.953482049351863648e-01,5.921778812580752449e-01,5.885777962351541603e-01,5.845158495852043057e-01,5.799008713352392652e-01,5.746096213135306607e-01,5.685727282514360104e-01,5.616520147610263303e-01,5.536688207718944987e-01,5.443926528390707897e-01,5.335291550291967333e-01,5.207128090758325056e-01,5.055197051762707616e-01,4.875397126791079505e-01,4.665983970889210353e-01,4.432995557155378630e-01,4.200675426733349038e-01,4.023459852335585230e-01,3.979174812523684768e-01,4.116275600508713106e-01,4.393570151726197692e-01,4.707413347809333848e-01,4.975489992967050967e-01,5.169065912724682965e-01,5.293308994690507641e-01,5.363845683510833906e-01,5.395617705484099247e-01,5.399927912969442190e-01,5.384564109924534492e-01,5.354612794326741865e-01,5.313190078892071622e-01,5.261923248675622888e-01,5.201187252920039805e-01,5.130134340254152159e-01,5.046585222188562092e-01,4.946987474676153851e-01,4.827066446731553828e-01,4.684576114420681003e-01,4.525493227592172762e-01,4.369859367436076392e-01,4.244630540467815849e-01,4.162564510680232810e-01,4.114110528987976467e-01,4.081215555315576560e-01,4.050401322303832652e-01,4.015104646826130330e-01,3.973217301757046016e-01,3.924695337161460129e-01,3.870231273448737630e-01,3.810666398646576081e-01,3.746769454794871002e-01,3.679168939069922262e-01,3.608336397343256396e-01
8.590909090909091272e-01,3.593168874615549901e-01,3.665074945782588189e-01,3.734167987911262698e-01,3.800083210971421099e-01,3.862327582271460891e-01,3.920279991251939822e-01,3.973208885606119845e-01,4.020355062113877276e-01,4.061181593876804774e-01,4.095998104770033899e-01,4.127292830853219741e-01,4.161957981348096136e-01,4.213186244606214603e-01,4.297392056046492326e-01,4.421793570404464746e-01,4.573173536674318140e-01,4.726492813424532646e-01,4.863467009964292376e-01,4.978452236705910861e-01,5.073193717996306029e-01,5.151251942795573857e-01,5.215406114185280328e-01,5.266914857924042126e-01,5.305381417617821560e-01,5.328626862837100298e-01,5.332353707740133952e-01,5.309553368791344319e-01,5.249809851624857027e-01,5.139203701323585838e-01,4.962933834862839344e-01,4.715109715179191530e-01,4.419376699178939605e-01,4.147404532900346719e-01,3.994530480111522230e-01,4.007416736043487027e-01,4.151862723030238511e-01,4.359274151256198881e-01,4.576544564566297213e-01,4.777240292102757357e-01,4.952843082506627193e-01,5.103294885700930816e-01,5.231564489896965986e-01,5.341218146514113974e-01,5.435519020234464982e-01,5.517183255689694921e-01,5.588383850584071055e-01,5.650831168052461440e-01,5.705864528503766797e-01,5.754532465690027632e-01,5.797649523377993441e-01,5.835278188830163026e-01,5.868961705911479587e-01,5.898785251871367930e-01,5.925030173553064161e-01,5.947949344753118428e-01,5.967753392106889265e-01,5.984614196664702623e-01,5.998670172342722706e-01,6.010031038909682266e-01,6.018781698912536449e-01,6.024985227940313770e-01,6.028685070945731805e-01,6.029906537979925485e-01,6.028657670527953760e-01,6.024929521862004700e-01,6.018695866271903672e-01,6.009912323690588254e-01,5.998514858286145834e-01,5.984417583351209213e-01,5.967509785960427582e-01,5.947652092802052648e-01,5.924671799407548178e-01,5.898357833323699673e-01,5.868457882040606366e-01,5.834694354271304784e-01,5.796989522367468339e-01,5.753763359170427361e-01,5.704968357075571594e-01,5.649777059930528589e-01,5.587128873165896348e-01,5.515668591644066199e-01,5.433663676138839049e-01,5.338909434010692401e-01,5.228643803290118353e-01,5.099536686823361586e-01,4.947924765504816413e-01,4.770702217878497464e-01,4.567747441932930030e-01,4.347385316924747278e-01,4.135956426365482441e-01,3.986828217707548139e-01,3.969478529741455319e-01,4.119390465740354612e-01,4.390646966802003726e-01,4.687536090617230866e-01,4.937432995792207513e-01,5.115901200068732058e-01,5.228419304618858732e-01,5.289643039111764367e-01,5.313471370697022689e-01,5.310340070368243515e-01,5.287278963189667724e-01,5.248593300290311792e-01,5.196452702440771398e-01,5.131231742539729135e-01,5.051652886420192612e-01,4.954962699258900205e-01,4.837760198125642952e-01,4.698738428332203676e-01,4.544360082332141726e-01,4.393854858874857716e-01,4.272563783085982503e-01,4.192886158305076383e-01,4.146321805637155355e-01,4.115618039838613851e-01,4.087356705172314753e-01,4.054752410500219728e-01,4.015511745123793719e-01,3.969502199062552306e-01,3.917394783822321092e-01,3.860043424680387747e-01,3.798244950071104631e-01,3.732665271880850066e-01,3.663828380723552214e-01,3.592120764274466249e-01
8.628787878787879118e-01,3.577322591434284327e-01,3.649880091741345423e-01,3.719900740002389794e-01,3.787084028195659147e-01,3.851018943566335562e-01,3.911175874340669933e-01,3.966901164493641940e-01,4.017436667089122615e-01,4.062012666373679415e-01,4.100119894197785109e-01,4.132168078101507991e-01,4.160838138905595396e-01,4.193209138991081386e-01,4.242269613247746096e-01,4.323398485836931204e-01,4.442651687110890646e-01,4.587310810486510682e-01,4.734155747229507050e-01,4.865781426343621652e-01,4.975917598673945119e-01,5.065041697811822896e-01,5.135356479635782012e-01,5.188177716711321885e-01,5.222927823232258460e-01,5.236654984218060971e-01,5.223551181987092784e-01,5.174431469722475807e-01,5.076759382038371626e-01,4.917058437674061144e-01,4.689486810722974797e-01,4.413662758198290126e-01,4.151425843615264011e-01,3.989091501238357096e-01,3.976544000201446272e-01,4.092389900198173391e-01,4.277490869418381636e-01,4.480762429820717152e-01,4.674006283713556531e-01,4.846400527725840957e-01,4.996156826689160946e-01,5.125151820713370610e-01,5.236309896919656426e-01,5.332528415818960088e-01,5.416318076734474296e-01,5.489737825043419228e-01,5.554435909006499861e-01,5.611719300436980307e-01,5.662622104392259770e-01,5.707963418671945233e-01,5.748390972145217548e-01,5.783948668907257229e-01,5.815715141990658310e-01,5.844007660840976337e-01,5.869002302071932853e-01,5.890897943237501933e-01,5.909866487797746926e-01,5.926050489383317688e-01,5.939565880629181782e-01,5.950505202810256744e-01,5.958940436998422241e-01,5.964925263054261517e-01,5.968496749687207670e-01,5.969676517965116780e-01,5.968471419389904664e-01,5.964873755835491398e-01,5.958861051103323536e-01,5.950395365665563929e-01,5.939422129158481445e-01,5.925868452695416400e-01,5.909640884626687907e-01,5.890622618639692609e-01,5.868670354388019206e-01,5.843611775284003329e-01,5.815248445380430953e-01,5.783407345694410173e-01,5.747759539173427079e-01,5.707241297784132472e-01,5.661792895857286068e-01,5.610758040112333589e-01,5.553308373964445099e-01,5.488397644544928955e-01,5.414702134180496840e-01,5.330549967053356264e-01,5.233848348048776300e-01,5.122037585769474433e-01,4.992149157946038085e-01,4.841156170208551490e-01,4.667038947648448621e-01,4.471402100649137790e-01,4.264877855954987140e-01,4.075590612484711328e-01,3.954916332747716035e-01,3.962880135174363105e-01,4.122096839712920402e-01,4.383366210097549565e-01,4.660025011931048233e-01,4.889347029428901537e-01,5.050954923142564335e-01,5.150268587126584086e-01,5.200591995371719456e-01,5.214412511883078638e-01,5.200909674358192847e-01,5.165892808176812956e-01,5.112311919846704855e-01,5.040751169276652677e-01,4.949949334396744338e-01,4.837889822756830105e-01,4.704541243605205314e-01,4.556956808342943477e-01,4.413417727573274441e-01,4.297425107401240951e-01,4.220944491113042263e-01,4.176695421406801945e-01,4.148454023559549064e-01,4.122975983553162083e-01,4.093271150262946523e-01,4.056850513803096914e-01,4.013485762913380772e-01,3.963826218315915084e-01,3.908741647603760083e-01,3.849059593588353700e-01,3.785481500077388928e-01,3.718570024275471564e-01,3.648759273779207390e-01,3.576366153483916399e-01
8.666666666666666963e-01,3.562584235380528153e-01,3.635677647706859750e-01,3.706458076484485109e-01,3.774677603268792314e-01,3.839993899682240253e-01,3.901959866733517579e-01,3.960010142159710589e-01,4.013454999934158440e-01,4.061504263665935421e-01,4.103372682464108134e-01,4.138576748120670890e-01,4.167627979578423791e-01,4.193392634725673918e-01,4.223074012903779151e-01,4.269267505675208296e-01,4.346029686801829439e-01,4.458088671156757998e-01,4.593290490312550989e-01,4.730368322339640330e-01,4.852809086741806666e-01,4.953458511822734223e-01,5.030940887877084489e-01,5.085189907795700792e-01,5.114790284752520622e-01,5.115668609267691735e-01,5.080431420419176947e-01,4.998445157608172318e-01,4.858039463937810498e-01,4.653865262699758421e-01,4.401892614909332369e-01,4.154186675023441300e-01,3.987055427399225360e-01,3.951800153400074067e-01,4.039247580854606334e-01,4.200803596755179337e-01,4.388614066873002262e-01,4.573257023112640707e-01,4.741678221235081647e-01,4.890269769086585394e-01,5.019713402613165121e-01,5.132215214643114365e-01,5.230257495919136135e-01,5.316115662729029578e-01,5.391717049198523348e-01,5.458637546446121203e-01,5.518145643025158531e-01,5.571256477192375600e-01,5.618781884823408346e-01,5.661372123677309576e-01,5.699547965853385412e-01,5.733696831436053687e-01,5.763522313416221676e-01,5.790481209305098353e-01,5.814387003590488767e-01,5.835387544265829840e-01,5.853621931087625851e-01,5.869208502517487824e-01,5.882244744269977677e-01,5.892809105512436529e-01,5.900962949041155259e-01,5.906752216469088879e-01,5.910208713857346696e-01,5.911351011678728229e-01,5.910184973862138147e-01,5.906703929652417084e-01,5.900888493757346920e-01,5.892706030366287040e-01,5.882109748740620425e-01,5.869037417960323300e-01,5.853409711034396334e-01,5.835128280328731876e-01,5.814073996285497037e-01,5.790107140434396227e-01,5.763079503818292482e-01,5.733164936177223003e-01,5.698936488306423076e-01,5.660682899673699087e-01,5.618000840366209614e-01,5.570363121614688717e-01,5.517112190444379838e-01,5.457426705563919178e-01,5.390278586333119293e-01,5.314381314517382382e-01,5.228133477882336289e-01,5.129571174930354083e-01,5.016366177813673666e-01,4.885959853344862269e-01,4.736037079999683153e-01,4.565766206038400776e-01,4.378567476976196748e-01,4.187311654915703563e-01,4.021371252896223658e-01,3.928926260083921429e-01,3.959454861261259007e-01,4.123275005816222638e-01,4.369695994501534564e-01,4.622087157943722269e-01,4.827571910594404270e-01,4.969461521321482111e-01,5.052677470624369338e-01,5.088691392368889233e-01,5.088061848654727992e-01,5.058164814118980557e-01,5.003093811867295182e-01,4.924345095240547088e-01,4.822196708296794254e-01,4.698473453665719668e-01,4.561068192140322330e-01,4.427294676766718728e-01,4.318682510578626399e-01,4.246710903624210665e-01,4.205499854748987465e-01,4.180146089753568606e-01,4.157763834745257792e-01,4.131215675409715127e-01,4.097822066258330898e-01,4.057257174596411997e-01,4.010151445724143837e-01,3.957396593179324240e-01,3.899857247948705363e-01,3.838274642421605765e-01,3.773249826101515159e-01,3.705254830556908852e-01,3.634649621306207390e-01,3.561694799433067771e-01
8.704545454545454808e-01,3.549458969074000270e-01,3.623021068073488671e-01,3.694454002560216277e-01,3.763552916088245825e-01,3.830032048735395600e-01,3.893514433472573533e-01,3.953516501007607320e-01,4.009432527871386598e-01,4.060529361075483901e-01,4.105975997057080829e-01,4.144963302561568419e-01,4.177027670417207683e-01,4.202776696857515315e-01,4.225235221156941612e-01,4.251621680596051611e-01,4.293871991457492987e-01,4.364356046670452849e-01,4.466234923102923027e-01,4.587840391343538937e-01,4.709775921371402441e-01,4.816211949057109254e-01,4.898599339740674630e-01,4.952759180078287193e-01,4.974994579014669904e-01,4.959650788825210044e-01,4.898390682319545553e-01,4.781827176322309136e-01,4.605544899236788114e-01,4.382296925215726779e-01,4.154671225132680057e-01,3.988304812201194371e-01,3.934050999872715226e-01,3.993946293495432287e-01,4.130869107654897010e-01,4.301600528663090395e-01,4.476259549296248696e-01,4.639739941253342437e-01,4.786550790275300171e-01,4.916069104575321869e-01,5.029692353550935247e-01,5.129426507572377725e-01,5.217273373912185708e-01,5.295005581536150752e-01,5.364112992093409416e-01,5.425817548653260047e-01,5.481110556475984330e-01,5.530793163438628701e-01,5.575512819679604437e-01,5.615793576349455973e-01,5.652059697100426661e-01,5.684648034434995889e-01,5.713208271459607746e-01,5.738972003448348236e-01,5.761913927457136264e-01,5.782121021592525612e-01,5.799702396398029869e-01,5.814755597845285839e-01,5.827362574873427015e-01,5.837589980417661195e-01,5.845490301235596320e-01,5.851103007566502701e-01,5.854455499556860953e-01,5.855563789859659085e-01,5.854432910598149631e-01,5.851057045598991868e-01,5.845419389353861961e-01,5.837491731788924110e-01,5.827233768581951967e-01,5.814592149609665306e-01,5.799499326635966234e-01,5.781872421246058158e-01,5.761612904889196196e-01,5.738610483006314489e-01,5.712775397465553739e-01,5.684110950365497406e-01,5.651459764796682439e-01,5.615125591373583136e-01,5.574764761882414765e-01,5.529947949341765812e-01,5.480145219816240365e-01,5.424701519319325982e-01,5.362805466935248733e-01,5.293451673724793860e-01,5.215398496666122652e-01,5.127128156469171749e-01,5.026828059945820382e-01,4.912438866302344942e-01,4.781871958518247312e-01,4.633613126479091404e-01,4.468127821667701727e-01,4.290716227309910868e-01,4.116311242306586737e-01,3.974775763459988953e-01,3.909692768982839239e-01,3.959056767990978831e-01,4.121881421899893927e-01,4.347836772919347337e-01,4.570983953827963409e-01,4.748004660448060799e-01,4.865480724891753650e-01,4.927410806928252396e-01,4.942980969298105820e-01,4.920473306482000542e-01,4.865606484573624657e-01,4.782291684369547324e-01,4.675143628763342996e-01,4.553392827828832146e-01,4.433588928882807867e-01,4.335378155663534572e-01,4.269846517677735043e-01,4.232771211476359929e-01,4.210941214359363305e-01,4.192091178311164734e-01,4.169038716747122120e-01,4.138936808738231665e-01,4.101367142778146180e-01,4.056947952107179400e-01,4.006602440088156691e-01,3.951242233819377558e-01,3.891656597417131325e-01,3.828490249186066730e-01,3.762254022794600528e-01,3.693344145898485587e-01,3.622060166589639030e-01,3.548616976891384445e-01
8.742424242424242653e-01,3.538234108987636795e-01,3.612233228031687116e-01,3.684256725298351576e-01,3.754135490251953589e-01,3.821630505588365923e-01,3.886423403186483605e-01,3.948101538546080480e-01,4.006139816328148084e-01,4.059883884889523009e-01,4.108546192875446867e-01,4.151242079423086984e-01,4.187125254966392318e-01,4.215738826227556357e-01,4.237765921192541141e-01,4.256328341110800495e-01,4.278479190606269689e-01,4.315127680240978814e-01,4.376505053704958792e-01,4.463868144532608384e-01,4.565728333416080864e-01,4.664120132596468182e-01,4.743337594795949408e-01,4.792690811450982524e-01,4.804333773583070455e-01,4.770687678771828311e-01,4.684261203651481908e-01,4.541650049665386102e-01,4.352780627821642434e-01,4.151355098693265688e-01,3.992127976178332371e-01,3.923685051773568855e-01,3.957750764387417686e-01,4.069257495586924844e-01,4.221162507593397284e-01,4.384164652655725414e-01,4.541453417211431254e-01,4.685647348704242710e-01,4.814710881997658065e-01,4.929128344096398440e-01,5.030353119868228307e-01,5.120063429319385850e-01,5.199846003819077467e-01,5.271085646450841544e-01,5.334946252361546515e-01,5.392388330776611838e-01,5.444198025514969119e-01,5.491016972074715952e-01,5.533368929066385666e-01,5.571681984161521717e-01,5.606306065885968692e-01,5.637523973903501018e-01,5.665113836447744911e-01,5.689733630028266376e-01,5.711805461425446540e-01,5.731299032308304620e-01,5.748292301377786462e-01,5.762863888420861613e-01,5.775082186364710601e-01,5.785003717833467896e-01,5.792673394374341367e-01,5.798125175535452369e-01,5.801382711023818084e-01,5.802459834261112226e-01,5.801360864644706794e-01,5.798080705574211180e-01,5.792604735451273301e-01,5.784908494152014580e-01,5.774957177273921660e-01,5.762704979024778629e-01,5.748094409689951112e-01,5.731055984489730193e-01,5.711509705003124937e-01,5.689375217074403857e-01,5.664671744855261926e-01,5.636983067911435219e-01,5.605710098940585029e-01,5.571025338711605990e-01,5.532641267926700079e-01,5.490203827649579038e-01,5.443280084659043450e-01,5.391340068460949153e-01,5.333733874077726256e-01,5.269664104025250095e-01,5.198154684062054054e-01,5.118019900927245347e-01,5.027844026456324000e-01,4.925996139732342627e-01,4.810734684886549539e-01,4.680516042963344114e-01,4.534730228720305067e-01,4.375247292444001124e-01,4.209256886988692603e-01,4.053412371535622394e-01,3.937036884880590337e-01,3.897578779683875672e-01,3.960956894331857381e-01,4.116385504717975929e-01,4.315704771668362194e-01,4.503877773406854135e-01,4.646565356035190497e-01,4.733261945196385323e-01,4.767023643875576977e-01,4.755235480727664221e-01,4.705599868103615413e-01,4.626329932369725451e-01,4.528709007802163011e-01,4.429071616793053834e-01,4.345622051222002846e-01,4.289370130671245618e-01,4.258104440230812693e-01,4.240767655918554202e-01,4.226077919701576868e-01,4.206979585865593951e-01,4.180514061112446389e-01,4.146189314950268767e-01,4.104625005092250034e-01,4.056790325134853048e-01,4.003658000859100508e-01,3.946077361292985586e-01,3.884745871880945223e-01,3.820218822073402354e-01,3.752930179839898406e-01,3.683213543204025275e-01,3.611318955783184848e-01,3.537423644307616799e-01
8.780303030303030498e-01,3.528717730700852151e-01,3.603145817496400949e-01,3.675729325329630259e-01,3.746329389618875405e-01,3.814746101928350730e-01,3.880710105479650562e-01,3.943868922481381656e-01,4.003768904439845011e-01,4.059834606223511888e-01,4.111350670998924484e-01,4.157459260140370927e-01,4.197203199462294920e-01,4.229678178366272912e-01,4.254409971857615602e-01,4.272116831962895489e-01,4.285914181154357183e-01,4.302433311679664807e-01,4.331094939777419550e-01,4.379456170394604997e-01,4.446396210923755921e-01,4.520020465085876626e-01,4.583060516847938803e-01,4.619432973232993622e-01,4.616613629432287369e-01,4.565508460361452081e-01,4.462035367901012739e-01,4.312905320055478997e-01,4.143468382399984606e-01,3.997785808982996514e-01,3.920595231849037243e-01,3.931358158974365691e-01,4.017094759010114702e-01,4.148414152487569506e-01,4.297854764222787671e-01,4.447436221144812074e-01,4.587958424711321981e-01,4.715879334942912893e-01,4.830655571909347468e-01,4.933097526450614945e-01,5.024498095287749377e-01,5.106218572688311363e-01,5.179514138406661194e-01,5.245475587884234070e-01,5.305023450389967365e-01,5.358923235018098197e-01,5.407807221445551926e-01,5.452196402875306713e-01,5.492520070972848334e-01,5.529132267615198826e-01,5.562324912656718690e-01,5.592336709189436039e-01,5.619341932527546213e-01,5.642713415015083722e-01,5.663977533428098399e-01,5.682818456146021546e-01,5.699274523152632055e-01,5.713405595516157787e-01,5.725267670906817319e-01,5.734908295324817606e-01,5.742365758322089953e-01,5.747669231376596466e-01,5.750839113528459778e-01,5.751887349364477320e-01,5.750817636286930101e-01,5.747625491336676440e-01,5.742298169743900171e-01,5.734814441488859105e-01,5.725144252985859827e-01,5.713248350940228759e-01,5.699078086804056920e-01,5.682576084200005040e-01,5.663680388812215583e-01,5.642347678754626727e-01,5.618846387525211483e-01,5.591787861897078438e-01,5.561726360979997175e-01,5.528478666302772959e-01,5.491802433409068707e-01,5.451402286600502967e-01,5.406920113736920497e-01,5.357921446508955299e-01,5.303878468677988289e-01,5.244149710636331063e-01,5.177957084072192240e-01,5.104362607692782827e-01,5.022250991910155449e-01,4.930332356583880804e-01,4.827195959978668460e-01,4.711478456151260708e-01,4.582270170992020497e-01,4.439978780668435987e-01,4.287973225759758034e-01,4.135264706278422020e-01,3.999701958689168002e-01,3.908820866034785069e-01,3.892464686443514732e-01,3.964434684156024624e-01,4.106087401667358749e-01,4.273015575319826787e-01,4.420909267603430060e-01,4.523914866564476278e-01,4.574912992566608771e-01,4.577844214385245469e-01,4.541966990532808612e-01,4.480230088150710666e-01,4.409216597968202977e-01,4.346409858890675215e-01,4.303328192903951854e-01,4.280254669687297286e-01,4.268828398700155735e-01,4.259206643307392182e-01,4.244704692628782916e-01,4.222346758458755400e-01,4.191603858418665451e-01,4.153120892096685002e-01,4.107935083513349905e-01,4.057100570723600752e-01,4.001543927442546833e-01,3.942028754857755946e-01,3.879164372776426339e-01,3.813428361548654166e-01,3.745190268210483175e-01,3.674731767465189147e-01,3.602261779001729169e-01,3.527925869027426220e-01
8.818181818181818343e-01,3.520296467896436021e-01,3.595155353357359362e-01,3.668284677492440471e-01,3.739571866528415001e-01,3.808850471771411672e-01,3.875892756003891937e-01,3.940397417778596090e-01,4.001972656924401850e-01,4.060114988098739164e-01,4.114185695036480794e-01,4.163390795281661783e-01,4.206779420964207317e-01,4.243294076454462438e-01,4.271939556015729167e-01,4.292182246092124398e-01,4.304703025236113478e-01,4.312447507596802176e-01,4.321278305383721152e-01,4.338590562384025406e-01,4.368731599985604119e-01,4.407780712637380804e-01,4.443002214808330907e-01,4.457776359217153761e-01,4.437327741430265871e-01,4.372756282913003445e-01,4.265251719188340451e-01,4.131424664919065570e-01,4.004681359177983402e-01,3.924326947833367552e-01,3.915049663965610716e-01,3.975193132338165070e-01,4.084210593621812047e-01,4.217915134645268127e-01,4.357921814753629164e-01,4.493405890904570987e-01,4.619258394381564603e-01,4.733787743187733987e-01,4.837054663326478265e-01,4.929889673985430876e-01,5.013377517147824536e-01,5.088611168056580425e-01,5.156587931622527154e-01,5.218175679882397500e-01,5.274111397560720116e-01,5.325013052321940776e-01,5.371395669673407758e-01,5.413687476953360500e-01,5.452244419434109091e-01,5.487362478179435010e-01,5.519287617049986050e-01,5.548222823245675395e-01,5.574326860936474892e-01,5.597027233968574489e-01,5.617501327978788872e-01,5.635731911673859118e-01,5.651688699900540014e-01,5.665410530035248637e-01,5.676941304638789543e-01,5.686320278955251384e-01,5.693579774654005110e-01,5.698744698197657499e-01,5.701832568700310189e-01,5.702853659540753073e-01,5.701811113378869589e-01,5.698700978597949218e-01,5.693512152859694364e-01,5.686226244707410782e-01,5.676817399577135381e-01,5.665252217863263606e-01,5.651490125875673343e-01,5.635485377669688933e-01,5.617195776762462511e-01,5.596640329822138993e-01,5.573811727914094183e-01,5.547661800276031396e-01,5.518680753734520605e-01,5.486704834226414640e-01,5.451528085435859428e-01,5.412901590575693866e-01,5.370525887061934345e-01,5.324040634759653612e-01,5.273011866008401327e-01,5.216916895713312741e-01,5.155127370252808872e-01,5.086892031179711671e-01,5.011323157650502402e-01,4.927395566617031042e-01,4.833976837134399407e-01,4.729926241322668368e-01,4.614334139021714076e-01,4.487029907025988917e-01,4.349558628179430175e-01,4.206850446640081898e-01,4.069551344751825561e-01,3.955954510389755874e-01,3.890390782602189401e-01,3.893915550150957028e-01,3.968977659913561773e-01,4.091597846248179460e-01,4.222739683677199096e-01,4.328837167601952696e-01,4.392997158505161925e-01,4.413909546792441074e-01,4.400614109915862437e-01,4.368172606229609456e-01,4.333342646689811728e-01,4.308553926535229617e-01,4.296996209797432353e-01,4.293539694425737019e-01,4.290307448164076276e-01,4.281315114157390744e-01,4.263719235509170757e-01,4.237019607917398289e-01,4.201926831738092005e-01,4.159579881078460106e-01,4.111143691250433996e-01,4.057646362625170200e-01,3.999936508806727353e-01,3.938691350082769160e-01,3.874441603884194452e-01,3.807598477419358307e-01,3.738477243255899918e-01,3.667315816577594312e-01,3.594288162465913428e-01,3.519512497087373126e-01
8.856060606060607299e-01,3.512913476908763877e-01,3.588221298257987524e-01,3.661903467193489137e-01,3.733870967386775930e-01,3.803986770561098574e-01,3.872059296213550827e-01,3.937831438928266481e-01,4.000964999710230341e-01,4.061020220576596063e-01,4.117430681362676537e-01,4.169475717817867633e-01,4.216257217561896753e-01,4.256697887958502124e-01,4.289597985845690076e-01,4.313819755851429627e-01,4.328701451011180978e-01,4.334772014500066217e-01,4.334579894198440364e-01,4.332812514140583215e-01,4.334348223232128983e-01,4.340076950016775181e-01,4.343537126528431713e-01,4.332220919084526778e-01,4.293290212234306402e-01,4.220514906988285242e-01,4.120372677551137341e-01,4.014843006968446537e-01,3.935802476566320207e-01,3.909957203684087390e-01,3.945155499491618256e-01,4.030266257362952187e-01,4.145819160163616846e-01,4.274010502601526817e-01,4.402739346976176082e-01,4.525324431530831082e-01,4.638806452153911852e-01,4.742373043789002707e-01,4.836297318401968082e-01,4.921322160675304369e-01,4.998335772456736770e-01,5.068214905185587371e-01,5.131757747410254922e-01,5.189662068505462855e-01,5.242524782282821372e-01,5.290850643591374913e-01,5.335063986396988422e-01,5.375520634975751166e-01,5.412518747668578767e-01,5.446308131154555809e-01,5.477097853864210109e-01,5.505061794086233418e-01,5.530339562453006064e-01,5.552671711682414246e-01,5.572219857674250987e-01,5.589865818508753526e-01,5.605351887781122588e-01,5.618689156423950504e-01,5.629908682692696953e-01,5.639041661537610439e-01,5.646114841152438668e-01,5.651149222283243789e-01,5.654159711902708718e-01,5.655155072446406139e-01,5.654137940449321942e-01,5.651104831320092892e-01,5.646046107087999699e-01,5.638945924249919583e-01,5.629782234831575138e-01,5.618527043400504128e-01,5.605147512027550682e-01,5.589610000577645010e-01,5.571897724757126635e-01,5.552231743748036186e-01,5.529804230416932587e-01,5.504484403148289795e-01,5.476477384558883221e-01,5.445640036502632508e-01,5.411795970950115109e-01,5.374733548327816912e-01,5.334199931979128895e-01,5.289893165032162337e-01,5.241452502353710630e-01,5.188447099027279075e-01,5.130363446334359478e-01,5.066592701529160081e-01,4.996420645891977985e-01,4.919026172720184498e-01,4.833500334377732188e-01,4.738909471067701551e-01,4.634446543239846839e-01,4.519748774257691948e-01,4.395506431565652239e-01,4.264521609231333166e-01,4.133295525808080573e-01,4.013773186737633059e-01,3.923728900429039324e-01,3.882872732592714260e-01,3.902920480797931191e-01,3.976807621102305124e-01,4.078473314516528059e-01,4.176321456285931877e-01,4.248376633853276907e-01,4.288127642505854542e-01,4.301843787771033600e-01,4.302348318080047584e-01,4.301841592562574146e-01,4.306118189559304810e-01,4.313507630055747888e-01,4.318569619582366959e-01,4.316400324052286352e-01,4.304494105738472798e-01,4.282482093594485173e-01,4.251205250361060339e-01,4.211956049270346725e-01,4.166053778391098916e-01,4.114663319345009396e-01,4.058745404914868016e-01,3.999065072498027562e-01,3.936220187110302526e-01,3.870672908478628438e-01,3.802777530248279692e-01,3.732802842456458547e-01,3.660949010571478701e-01,3.587359456889400167e-01,3.512128038230859506e-01
8.893939393939394034e-01,3.507351810196102093e-01,3.583155560637139581e-01,3.657429928575866018e-01,3.730107676528042204e-01,3.801078429845181073e-01,3.870182886013875945e-01,3.937202979889072307e-01,4.001847634479225868e-01,4.063733423613001272e-01,4.122359540062376926e-01,4.177077241245722994e-01,4.227056271994134029e-01,4.271256321579271487e-01,4.308423234385781453e-01,4.337150902366000427e-01,4.356079486437346993e-01,4.364315725071030716e-01,4.362080371903989673e-01,4.351265995267437625e-01,4.335045267321535611e-01,4.315664132310376710e-01,4.291289981731329362e-01,4.255161240026007485e-01,4.199486746749468979e-01,4.122583807521755239e-01,4.034886303407885788e-01,3.958705596940656490e-01,3.918937352819498732e-01,3.929933781882737343e-01,3.989580817185059414e-01,4.084312193891835308e-01,4.198040156879134233e-01,4.317903646486122571e-01,4.435716836147175490e-01,4.547139494195955867e-01,4.650343645959563177e-01,4.744927652144877439e-01,4.831209258258474248e-01,4.909816698408646651e-01,4.981470802840349266e-01,5.046877772244481308e-01,5.106682180321653330e-01,5.161451124680244140e-01,5.211673570538730704e-01,5.257766439669604441e-01,5.300083123350717296e-01,5.338922304825771681e-01,5.374536125448435842e-01,5.407137297003739018e-01,5.436904987888608876e-01,5.463989209627491128e-01,5.488512277649232329e-01,5.510551862040113935e-01,5.529264676038899706e-01,5.546331935430263149e-01,5.561369552085708712e-01,5.574343465636913963e-01,5.585269577221985138e-01,5.594170741270335645e-01,5.601068281473376986e-01,5.605979511646771440e-01,5.608916910511972942e-01,5.609887844194519912e-01,5.608894476764968440e-01,5.605933739788229175e-01,5.600997325172148988e-01,5.594071727132010619e-01,5.585138445289831166e-01,5.574174667795721572e-01,5.561155417527102740e-01,5.546061019671308934e-01,5.528915093272150916e-01,5.510039259971087899e-01,5.487953965384041455e-01,5.463391135151248745e-01,5.436265692343745792e-01,5.406452567203835491e-01,5.373799567494323970e-01,5.338125245219709214e-01,5.299214205211965067e-01,5.256810963062447106e-01,5.210612536534260375e-01,5.160259889005403000e-01,5.105328565723087353e-01,5.045319413153055432e-01,4.979651388642206689e-01,4.907660628743985565e-01,4.828614012474113926e-01,4.741752904653723233e-01,4.646395874350714994e-01,4.542150701995504303e-01,4.429316543986841492e-01,4.309585677741542553e-01,4.187132267040445943e-01,4.069970304107520809e-01,3.970849945287419636e-01,3.905927983306375917e-01,3.889147500403282720e-01,3.923319847523147330e-01,3.994909978286411145e-01,4.079664385958502448e-01,4.155603361069679647e-01,4.212379383172478176e-01,4.251576252199572026e-01,4.280632658824961578e-01,4.305647768341356318e-01,4.327634864768973855e-01,4.343669160342261693e-01,4.350225611320053809e-01,4.345359869142679798e-01,4.328969484532217415e-01,4.302120439014724962e-01,4.266336717602253747e-01,4.223157581539980776e-01,4.173937407782568054e-01,4.119789234779858145e-01,4.061595250542182067e-01,4.000041115830366700e-01,3.935653944640276070e-01,3.868836030242502333e-01,3.799892103246221287e-01,3.729050215464264628e-01,3.656477062341725870e-01,3.582288566504975846e-01,3.506556197263324126e-01
8.931818181818182989e-01,3.503692418402745701e-01,3.580055047913275335e-01,3.654980467282874512e-01,3.728422301828781538e-01,3.800295206436434259e-01,3.870469725289789054e-01,3.938763435933807511e-01,4.004927880617349945e-01,4.068630400603941433e-01,4.129429779872491046e-01,4.186744745650381461e-01,4.239815347897738507e-01,4.287660091891695169e-01,4.329038395489444579e-01,4.362441504295016537e-01,4.386157847038942847e-01,4.398484924940223584e-01,4.398153539507694831e-01,4.384900042550527455e-01,4.359779294507013514e-01,4.324492790735335324e-01,4.279595395124486390e-01,4.223340708859220638e-01,4.153864048602695092e-01,4.074630935678381083e-01,3.998611779360062846e-01,3.945627268547416966e-01,3.932708860829933761e-01,3.965188253807324092e-01,4.036046864683801583e-01,4.132093514973627091e-01,4.240410632150702908e-01,4.351483083067962387e-01,4.459497150199561721e-01,4.561446658422853018e-01,4.656108906963730698e-01,4.743268222171183046e-01,4.823219439066927516e-01,4.896479771675235071e-01,4.963633100137815335e-01,5.025251683942973946e-01,5.081860776641331512e-01,5.133925965252169599e-01,5.181851936781557422e-01,5.225986540476112996e-01,5.266626916085282994e-01,5.304026048995899023e-01,5.338398964015065307e-01,5.369928204086455992e-01,5.398768422681754497e-01,5.425049869946488856e-01,5.448879892728422103e-01,5.470336170445607715e-01,5.488706069969597756e-01,5.505149448651065480e-01,5.519751277564228786e-01,5.532377994401291854e-01,5.543025179262107693e-01,5.551706355858153641e-01,5.558437283649525495e-01,5.563231657793136220e-01,5.566099626970787417e-01,5.567047230125725665e-01,5.566076177608747511e-01,5.563183779175441268e-01,5.558362964836869313e-01,5.551602437053260175e-01,5.542887124324864523e-01,5.532199441374101578e-01,5.519523028885332527e-01,5.504856527483507067e-01,5.488311111441150913e-01,5.469792802521038499e-01,5.448295253316133291e-01,5.424426764766967501e-01,5.398105180486922894e-01,5.369220872882689566e-01,5.337641652807390003e-01,5.303210809981488971e-01,5.265743383496394037e-01,5.225021352879130054e-01,5.180787905704901108e-01,5.132740910286118785e-01,5.080525900535561856e-01,5.023729298854321401e-01,4.961873427579330809e-01,4.894416412033127939e-01,4.820762929421469334e-01,4.740296867363284483e-01,4.652455799133253800e-01,4.556881597143423446e-01,4.453702351817895866e-01,4.344022909148327338e-01,4.230699732884075637e-01,4.119377466205057514e-01,4.019426509966816941e-01,3.943737215632803217e-01,3.905725202462197454e-01,3.912982505855184812e-01,3.961032119907265114e-01,4.033717141700584596e-01,4.111825621277959142e-01,4.182588662216908393e-01,4.242309700692896701e-01,4.292219509550149747e-01,4.333180800843714486e-01,4.363797060649184378e-01,4.381818500155379437e-01,4.385987923508645192e-01,4.376608401144273519e-01,4.355097638680026084e-01,4.323326476216119429e-01,4.283153893490236341e-01,4.236204093911636326e-01,4.183803254824684514e-01,4.126994674465038759e-01,4.066582451900041528e-01,4.003179349492361760e-01,3.937249132997210910e-01,3.869140727860139739e-01,3.799114437386804100e-01,3.727361404473825135e-01,3.654017583209641096e-01,3.579173227964193571e-01,3.502878483269872834e-01
8.969696969696969724e-01,3.501884376924871423e-01,3.578880925102748134e-01,3.654531546246306273e-01,3.728810568232058253e-01,3.801657047983602045e-01,3.872970216477453209e-01,3.942601477562158729e-01,4.010342376575496970e-01,4.075907520354580260e-01,4.138911051619267312e-01,4.198835030473586083e-01,4.254988224443768119e-01,4.306455006345246139e-01,4.352037662185494482e-01,4.390203870336988889e-01,4.419067809116632439e-01,4.436459608396988719e-01,4.440161913400805238e-01,4.428366828829157775e-01,4.400245047092904427e-01,4.356231572257202034e-01,4.297650916464518800e-01,4.226282678100593548e-01,4.145590304631446288e-01,4.063886658578200750e-01,3.995832223986762188e-01,3.958106247367049746e-01,3.961176162341616402e-01,4.004507080811807174e-01,4.078877754311741044e-01,4.172190146474362149e-01,4.273911110098529975e-01,4.376696148626489924e-01,4.476175586140977991e-01,4.570120778345127532e-01,4.657639616113170566e-01,4.738594357831147907e-01,4.813233437438810269e-01,4.881976735965338765e-01,4.945297863632339141e-01,5.003663650240622873e-01,5.057505849576594548e-01,5.107210285067212974e-01,5.153115021038319199e-01,5.195512892883796807e-01,5.234655873203724052e-01,5.270759950929403415e-01,5.304009857744608203e-01,5.334563321319365503e-01,5.362554677767572553e-01,5.388097658238487631e-01,5.411286764397165161e-01,5.432194034454308484e-01,5.450797617852325416e-01,5.466156026650363930e-01,5.480320726424031674e-01,5.492610663538953775e-01,5.502989848702464215e-01,5.511460401133163600e-01,5.518032016753375846e-01,5.522714676284069535e-01,5.525516211223422403e-01,5.526441358631677403e-01,5.525491379545612869e-01,5.522663935513384414e-01,5.517953142817962897e-01,5.511349861172595288e-01,5.502842478414207150e-01,5.492418999234464083e-01,5.480073386837782667e-01,5.465832221081083908e-01,5.450280392724191625e-01,5.431618805710429765e-01,5.410672167990484560e-01,5.387445117474022327e-01,5.361862393401110038e-01,5.333827526817774833e-01,5.303225026491877880e-01,5.269918668012173457e-01,5.233748506426325608e-01,5.194527076284013445e-01,5.152034916348233740e-01,5.106015551512032014e-01,5.056170212943487119e-01,5.002152909023301897e-01,4.943567094469006884e-01,4.879966352125705287e-01,4.810863601012496660e-01,4.735757039558649018e-01,4.654187344243569391e-01,4.565850881934611083e-01,4.470808728017244826e-01,4.369848712970559879e-01,4.265063808119931577e-01,4.160662330395603625e-01,4.063831138174107127e-01,3.985022676914257156e-01,3.936457694052761247e-01,3.927821555978189272e-01,3.960484007351796620e-01,4.024987045349039394e-01,4.105466898502994066e-01,4.187559246905178112e-01,4.262611924543288078e-01,4.326320053855882142e-01,4.375896155950241284e-01,4.409203949618152873e-01,4.425371745188740880e-01,4.425125249214761358e-01,4.410361680554832908e-01,4.383457650132085992e-01,4.346742826806385684e-01,4.302236294858242105e-01,4.251572413544948414e-01,4.196023793073302977e-01,4.136559961527134788e-01,4.073910675557885219e-01,4.008621427888792166e-01,3.941097885854489835e-01,3.871639801339610831e-01,3.800466139842886282e-01,3.727733278009624507e-01,3.653547815789167652e-01,3.577975127140660128e-01,3.501044306870211287e-01
9.007575757575758679e-01,3.501748963716823093e-01,3.579463524677295450e-01,3.655925621851989771e-01,3.731130827418442375e-01,3.805042890420003987e-01,3.877589740170669375e-01,3.948656263151593127e-01,4.018073201226775026e-01,4.085601051474351264e-01,4.150907350706143362e-01,4.213535208690366574e-01,4.272860545335763205e-01,4.328035580734291843e-01,4.377917657287670461e-01,4.420987395133724185e-01,4.455271998076176243e-01,4.478312866994620944e-01,4.487252683770196482e-01,4.479148786459432041e-01,4.451590373052558558e-01,4.403537679759124135e-01,4.336113536761704856e-01,4.253271625470541051e-01,4.162779773249933313e-01,4.077254643830837688e-01,4.012791421942955572e-01,3.983388245818073603e-01,3.994622562532393895e-01,4.042212368718970383e-01,4.115947966182978979e-01,4.204774499578526892e-01,4.299819314823505878e-01,4.395137784320349295e-01,4.487256350419818740e-01,4.574412601099550613e-01,4.655898785140312190e-01,4.731603365309514642e-01,4.801723700693182328e-01,4.866597776071587278e-01,4.926610759843480514e-01,4.982145956792879971e-01,5.033561089147310375e-01,5.081178550512454040e-01,5.125283076811297800e-01,5.166123134245639292e-01,5.203913979601701989e-01,5.238841290332142409e-01,5.271064788061262663e-01,5.300721562252832531e-01,5.327928932195898915e-01,5.352786686839792196e-01,5.375378289716459257e-01,5.395769206922316208e-01,5.413985960812502940e-01,5.429007158929350929e-01,5.442707100893741101e-01,5.454663681067049019e-01,5.464781957046138672e-01,5.473048696315916395e-01,5.479466533855290589e-01,5.484041444657321573e-01,5.486778861335938062e-01,5.487682199477039724e-01,5.486752260711976747e-01,5.483987042764230102e-01,5.479381836107033443e-01,5.472929691572057109e-01,5.464622660448744673e-01,5.454455136806557469e-01,5.442434732721913582e-01,5.428639526665690607e-01,5.413422788424315790e-01,5.395159536583886695e-01,5.374729898177998955e-01,5.352100209297748767e-01,5.327202462975576536e-01,5.299951444130419631e-01,5.270245734700084173e-01,5.237966251088582714e-01,5.202973833754186428e-01,5.165106219158975831e-01,5.124174517310727817e-01,5.079959327077908648e-01,5.032206748109363526e-01,4.980624818983468982e-01,4.924881417438049525e-01,4.864605571161907394e-01,4.799395742030888035e-01,4.728841450902413479e-01,4.652569357601105127e-01,4.570332607614431830e-01,4.482173755914946045e-01,4.388705907764979264e-01,4.291566113432207508e-01,4.194073412996581762e-01,4.102008981376512597e-01,4.024132132611008550e-01,3.971551529864792984e-01,3.954856369083658008e-01,3.979131516660877055e-01,4.039895327840695161e-01,4.124124647913024466e-01,4.216098463521893991e-01,4.302771849472529775e-01,4.375376771471955473e-01,4.428874365409404268e-01,4.461368763859367426e-01,4.473548232798818525e-01,4.467786302625000316e-01,4.447145117675936343e-01,4.414645702296018381e-01,4.372899133031879493e-01,4.324001126543466911e-01,4.269563598291961082e-01,4.210796575234144745e-01,4.148596169536893363e-01,4.083621001338144096e-01,4.016352707308529779e-01,3.947141594936827147e-01,3.876240148707439381e-01,3.803827169359967342e-01,3.730024866379944570e-01,3.654910654061889197e-01,3.578524864388320514e-01,3.500875093811278149e-01
9.045454545454545414e-01,3.502748931560821233e-01,3.581266851748349245e-01,3.658631093778205723e-01,3.734859700706904539e-01,3.809942294049788458e-01,3.883836650271424995e-01,3.956462233200150891e-01,4.027689969799365666e-01,4.097327057846520404e-01,4.165094997952187295e-01,4.230598308680707520e-01,4.293280543649581893e-01,4.352363488774351752e-01,4.406765399650345860e-01,4.454996388894419956e-01,4.495036941918308937e-01,4.524225241245390938e-01,4.539219190455362485e-01,4.536163724667722774e-01,4.511259827699627967e-01,4.461917196661629448e-01,4.388469339223128873e-01,4.296059449080933956e-01,4.195898325996004208e-01,4.104534861486037745e-01,4.039640084103711115e-01,4.013294020124315575e-01,4.027513339707907702e-01,4.075487470972447013e-01,4.146478508737156954e-01,4.230218286172316433e-01,4.318954925824777802e-01,4.407654329081240885e-01,4.493412722338078757e-01,4.574755682611781893e-01,4.651080105934264908e-01,4.722276293322893448e-01,4.788493340054039149e-01,4.850001428095702116e-01,4.907114555654752963e-01,4.960149223749057423e-01,5.009403833972381204e-01,5.055149685887232458e-01,5.097628265057750907e-01,5.137051784812034505e-01,5.173605273606972643e-01,5.207449265513068859e-01,5.238722585589526970e-01,5.267544960226631101e-01,5.294019297694841919e-01,5.318233497054272174e-01,5.340261480309306252e-01,5.360162296470690757e-01,5.377970035861691089e-01,5.392874834381741200e-01,5.406002093192994185e-01,5.417618304880180702e-01,5.427477731802461403e-01,5.435544199261866938e-01,5.441811525621412793e-01,5.446281132863054486e-01,5.448955863928415244e-01,5.449837742599779045e-01,5.448927083873279509e-01,5.446222218535446968e-01,5.441719642859841333e-01,5.435414728515504112e-01,5.427303618097001348e-01,5.417388550431879723e-01,5.405697248763743357e-01,5.392438442482269112e-01,5.377366388406146225e-01,5.359515075004186446e-01,5.339575325532608385e-01,5.317508512384817587e-01,5.293253460409081956e-01,5.266734646025845734e-01,5.237862633435844684e-01,5.206532836092231387e-01,5.172623558851453529e-01,5.135993566939177635e-01,5.096479293480890016e-01,5.053891814454085640e-01,5.008013829998341215e-01,4.958597117829384171e-01,4.905361340248455271e-01,4.847995824347942073e-01,4.786167224794211639e-01,4.719538199235637776e-01,4.647805971093731947e-01,4.570775751531084286e-01,4.488493293214151358e-01,4.401473221816220582e-01,4.311070932857078986e-01,4.220039259584871805e-01,4.133243294559577619e-01,4.058296875390211000e-01,4.005470724601024046e-01,3.985818240390028855e-01,4.006929329138315676e-01,4.067960131832207282e-01,4.157951849223523455e-01,4.259680975078581344e-01,4.356086917709279249e-01,4.434813536935531819e-01,4.489563500628400705e-01,4.519259128961578553e-01,4.526203477747686721e-01,4.514207558744309234e-01,4.487268814321786481e-01,4.448897619154528194e-01,4.401904333144694981e-01,4.348425015186781484e-01,4.290035996888618697e-01,4.227881456633345025e-01,4.162784228557934729e-01,4.095332608307810096e-01,4.025944908613232065e-01,3.954916120863835038e-01,3.882451075925297257e-01,3.808687717017095187e-01,3.733713200161963286e-01,3.657574753753187746e-01,3.580286594722477678e-01,3.501833673198829766e-01
9.083333333333334370e-01,3.505713818351321454e-01,3.585151714735146378e-01,3.663542796811268820e-01,3.740929523313998861e-01,3.817329480945422793e-01,3.892732592824676985e-01,3.967095440680426521e-01,4.040331929017109136e-01,4.112298983286115650e-01,4.182775279040684135e-01,4.251430062090142958e-01,4.317777886735725268e-01,4.381113621442381811e-01,4.440420717630332859e-01,4.494245705847149108e-01,4.540536308161587931e-01,4.576456552031162306e-01,4.598233587142011025e-01,4.601177359924049082e-01,4.580154259213854440e-01,4.530925163780700760e-01,4.452637237859793373e-01,4.350991582420037362e-01,4.240150146328159897e-01,4.140543771691966857e-01,4.071775098262344628e-01,4.044686158484080973e-01,4.058583890030869057e-01,4.104745181331738157e-01,4.172014095481455520e-01,4.250637375677108754e-01,4.333604354632336619e-01,4.416478939618544430e-01,4.496727586364219209e-01,4.573058266508962522e-01,4.644927674887663338e-01,4.712216836809686171e-01,4.775031873411648697e-01,4.833587080747168696e-01,4.888138822724739097e-01,4.938949640078517112e-01,4.986269868385794779e-01,5.030329174702742323e-01,5.071333567134395093e-01,5.109465310022888174e-01,5.144884281106213431e-01,5.177729948191923670e-01,5.208123510709912196e-01,5.236169956587897190e-01,5.261959887396573388e-01,5.285570984657298466e-01,5.307068882852638003e-01,5.326506684431084881e-01,5.343919272739470205e-01,5.359257099422751747e-01,5.371357498556036392e-01,5.382614307247629570e-01,5.392214847546674683e-01,5.400084202654074073e-01,5.406204359306839846e-01,5.410571280813607498e-01,5.413184891540674393e-01,5.414045694775047046e-01,5.413153475164328432e-01,5.410506903027333392e-01,5.406103760718247164e-01,5.399941988928002035e-01,5.392022557455857790e-01,5.382358085384179036e-01,5.371009913760357302e-01,5.358672539373280364e-01,5.343273654449749444e-01,5.325818192811260232e-01,5.306340531887062673e-01,5.284802462778837029e-01,5.261149023212017273e-01,5.235313078144914201e-01,5.207215467997335923e-01,5.176763964057965461e-01,5.143851668545676992e-01,5.108355049738684261e-01,5.070131714039303183e-01,5.029018038653910727e-01,4.984826885624253912e-01,4.937345811861214018e-01,4.886336539798200596e-01,4.831537067648061790e-01,4.772668863116183990e-01,4.709453409636459309e-01,4.641645453827575873e-01,4.569095361220973928e-01,4.491860892399835992e-01,4.410399884178484720e-01,4.325887643298753638e-01,4.240705910905316345e-01,4.159112810778259339e-01,4.087956623059946226e-01,4.036949020438132529e-01,4.017511562192719876e-01,4.039140649821689744e-01,4.103797728752348051e-01,4.201927129366465063e-01,4.314455939589797451e-01,4.420348195990415063e-01,4.504132459224964857e-01,4.558866053881745484e-01,4.584669074487793816e-01,4.585543880465984268e-01,4.566678761039985046e-01,4.532929063630883326e-01,4.488244046540608712e-01,4.435608732776737950e-01,4.377189541972675846e-01,4.314523390389203850e-01,4.248686575138513888e-01,4.180426717140994231e-01,4.110259515897462523e-01,4.038537397607822044e-01,3.965497349686553097e-01,3.891293887311350064e-01,3.816021560711478910e-01,3.739730114904947222e-01,3.662434424815392831e-01,3.584120595969023659e-01,3.504749058774116466e-01
9.121212121212121104e-01,3.510674561111842840e-01,3.591164305332355533e-01,3.670725458978698064e-01,3.749427623747078053e-01,3.827319440585399968e-01,3.904426539727347545e-01,3.980746751496151981e-01,4.056241743315520121e-01,4.130823662212586012e-01,4.204334551624432925e-01,4.276515147373919912e-01,4.346957999172935128e-01,4.415037611002041729e-01,4.479807575200016601e-01,4.539852376298854075e-01,4.593082620034516506e-01,4.636474853789877004e-01,4.665799156406460479e-01,4.675483384142504195e-01,4.658971551161848468e-01,4.610208816381603514e-01,4.526888695956535202e-01,4.415002798987840982e-01,4.291620024988552218e-01,4.181296894419698207e-01,4.105923664523405403e-01,4.075503374634086295e-01,4.087059767317571812e-01,4.130222650100110471e-01,4.193394619738685103e-01,4.267117207426653347e-01,4.344864552076008191e-01,4.422598875670913920e-01,4.498032827671529787e-01,4.569992768655979365e-01,4.637969433303749667e-01,4.701829947510060004e-01,4.761643049502919944e-01,4.817576768603351600e-01,4.869840288622595548e-01,4.918651996730161180e-01,4.964222748642921901e-01,5.006747822915008639e-01,5.046403734861129031e-01,5.083347685473154076e-01,5.117718364543232257e-01,5.149637378094251705e-01,5.179210888724112838e-01,5.206531237242654209e-01,5.231678406377361368e-01,5.254721211478616816e-01,5.275718032144752767e-01,5.294716551999846255e-01,5.311750247321465057e-01,5.326813460536561351e-01,5.338717594490296481e-01,5.349563735344192716e-01,5.358899483385547446e-01,5.366572398991275028e-01,5.372547340709312724e-01,5.376813364777720539e-01,5.379366961897318333e-01,5.380206912800358232e-01,5.379332403517664840e-01,5.376742466495013639e-01,5.372436310550785521e-01,5.366414852142050718e-01,5.358685088133483543e-01,5.349274503570189410e-01,5.338311258117106606e-01,5.326175886127407777e-01,5.311059769128698704e-01,5.293982665253508246e-01,5.274942709203965796e-01,5.253903772224985946e-01,5.230816484122269294e-01,5.205621026521856098e-01,5.178247133828774995e-01,5.148613213904614794e-01,5.116625034075391598e-01,5.082174124261720216e-01,5.045135990318613262e-01,5.005368254975040010e-01,4.962708930242583083e-01,4.916975193669465560e-01,4.867963341373012787e-01,4.815451114404887267e-01,4.759204498585572485e-01,4.698992645613994101e-01,4.634617186090775331e-01,4.565966566328981679e-01,4.493113036443391883e-01,4.416480363638426443e-01,4.337123623059208066e-01,4.257172248558807603e-01,4.180471348494894657e-01,4.113355593582647129e-01,4.065197779994232929e-01,4.047819859853427626e-01,4.072381393689108453e-01,4.143261080668984575e-01,4.251952621228546336e-01,4.377198474591886823e-01,4.493719990204432801e-01,4.582929087688951686e-01,4.637467771711205611e-01,4.658900147592295315e-01,4.653086710116053348e-01,4.626681182313658325e-01,4.585448543573668601e-01,4.533808993486196925e-01,4.474940725141204334e-01,4.411048938655577345e-01,4.343632568605608757e-01,4.273697175260879333e-01,4.201910058659690805e-01,4.128708322146990572e-01,4.054372428875466783e-01,3.979075646077345207e-01,3.902917013731979079e-01,3.825943140893316441e-01,3.748162401172580038e-01,3.669553879373287364e-01,3.590072571756252051e-01,3.509651729858050406e-01
9.159090909090910060e-01,3.517729941620092449e-01,3.599420638881669632e-01,3.680315755791184751e-01,3.760515620245464263e-01,3.840104106050821198e-01,3.919147491710535669e-01,3.997690729647050412e-01,4.075750219172506461e-01,4.153301519013604670e-01,4.230259472639108509e-01,4.306446762979334597e-01,4.381544712837205924e-01,4.455016921540861374e-01,4.525991932583442456e-01,4.593086131911608416e-01,4.654145412682355043e-01,4.705893199871083454e-01,4.743517647158761452e-01,4.760363845462444177e-01,4.748190889020569849e-01,4.698892254249840694e-01,4.608681879374441070e-01,4.484188911343537920e-01,4.345971291962015814e-01,4.223061719020773652e-01,4.139565537852480381e-01,4.104528518866921716e-01,4.112790334160625338e-01,4.152474298338493242e-01,4.211537570099998518e-01,4.280688541573330896e-01,4.353731149867574590e-01,4.426903864789052401e-01,4.498089680711406801e-01,4.566194744104151715e-01,4.630729198499143329e-01,4.691544978034732916e-01,4.748678593933946535e-01,4.802259453657604649e-01,4.852457624944140346e-01,4.899454853525232467e-01,4.943429098955832157e-01,4.984546830436559217e-01,5.022959707534234708e-01,5.058803679018190058e-01,5.092199359798363911e-01,5.123253029353338484e-01,5.152057875909331619e-01,5.178695270634179337e-01,5.203235940248361890e-01,5.225740933026646884e-01,5.246262226439121212e-01,5.264842590505498521e-01,5.281513279768885738e-01,5.296281070214216014e-01,5.308258114056002563e-01,5.318522340801257187e-01,5.327578433055565332e-01,5.335052678037567331e-01,5.340882946457449210e-01,5.345049077029235818e-01,5.347543348893590842e-01,5.348362520860127090e-01,5.347505084129499098e-01,5.344970472641455972e-01,5.340759541703917757e-01,5.334876812256803547e-01,5.327337240998473167e-01,5.318191556297078293e-01,5.307757850516581222e-01,5.295593145520928191e-01,5.280774350817269980e-01,5.264058813272119997e-01,5.245434802888434556e-01,5.224868819277067589e-01,5.202316514420843863e-01,5.177724499875527853e-01,5.151030274931281960e-01,5.122161487422844939e-01,5.091034850590900884e-01,5.057554839924506274e-01,5.021612255088471199e-01,4.983082757363866966e-01,4.941825570616922292e-01,4.897682681993688614e-01,4.850479140612637408e-01,4.800025507027292915e-01,4.746124289437321231e-01,4.688583547110841687e-01,4.627243136160643644e-01,4.562022943000750286e-01,4.493008821302305056e-01,4.420601927091511452e-01,4.345771187431622384e-01,4.270463439637616765e-01,4.198225271456828556e-01,4.135025173415020627e-01,4.090021267029402829e-01,4.075447201889607074e-01,4.104012710428731614e-01,4.182466281533488983e-01,4.303528118224907439e-01,4.443854669283811565e-01,4.573544479644736094e-01,4.670251278584489074e-01,4.725804543978290861e-01,4.743212370342312356e-01,4.730423052835924236e-01,4.695822456867919659e-01,4.646293523324687702e-01,4.586859739317243889e-01,4.520964131481024495e-01,4.450882691967483207e-01,4.378085519920176805e-01,4.303504751443262277e-01,4.227719353080037212e-01,4.151078042855111949e-01,4.073779543757071742e-01,3.995924443144453497e-01,3.917548447804685141e-01,3.838643493075413193e-01,3.759170878142787386e-01,3.679069081081672299e-01,3.598257902467799640e-01,3.516639900920371375e-01
9.196969696969696795e-01,3.526912210175485729e-01,3.609972970324860086e-01,3.692390371499577606e-01,3.774300119433351974e-01,3.855826848150441521e-01,3.937084123888913156e-01,4.018172023313548724e-01,4.099171287380675710e-01,4.180132286393952734e-01,4.261055846417081683e-01,4.341861101430105063e-01,4.422332535486492855e-01,4.502033708897148490e-01,4.580168277200662441e-01,4.655359980532108866e-01,4.725315497978845314e-01,4.786340023483866557e-01,4.832731689637974615e-01,4.856270636938255780e-01,4.846464146412082230e-01,4.792873050309525151e-01,4.690874608999190953e-01,4.549516930220705024e-01,4.394561242903402554e-01,4.259450722374464315e-01,4.168985382602311551e-01,4.130123940464873744e-01,4.135428390224761830e-01,4.171834297794503321e-01,4.227066347071529728e-01,4.292037501351090301e-01,4.360836793999450789e-01,4.429923765531320612e-01,4.497312738227882134e-01,4.561969122105148378e-01,4.623415262350228927e-01,4.681488490654909795e-01,4.736197531533091198e-01,4.787639075455024096e-01,4.835950154447193894e-01,4.881281509951991837e-01,4.923783156101673164e-01,4.963596969091810807e-01,5.000853279234011017e-01,5.035669701339002824e-01,5.068151175891455473e-01,5.098390624301127882e-01,5.126469872596738364e-01,5.152460641972311794e-01,5.176425481785276173e-01,5.198418548403538342e-01,5.218486103146335875e-01,5.236666440269094336e-01,5.252988293091437333e-01,5.267463108608611000e-01,5.280013891443695595e-01,5.289285020410882110e-01,5.298029541672280018e-01,5.305298678473183704e-01,5.310982952624114795e-01,5.315049194536943800e-01,5.317484302382148309e-01,5.318282580222265521e-01,5.317441689729852650e-01,5.314961529074589963e-01,5.310844928302832502e-01,5.305100971065819238e-01,5.297755762605732555e-01,5.288900595533307936e-01,5.279344842529892778e-01,5.266722817864666339e-01,5.252196667838764377e-01,5.235827738869150982e-01,5.217600886926054837e-01,5.197485385584281747e-01,5.175441421310600365e-01,5.151421317579601977e-01,5.125369432227606659e-01,5.097221538160640053e-01,5.066903929638998383e-01,5.034332357307637063e-01,4.999410869720844475e-01,4.962030664398565660e-01,4.922069121211280485e-01,4.879389322041148280e-01,4.833840591234608297e-01,4.785260990269484260e-01,4.733483387852338020e-01,4.678347911924633507e-01,4.619725629376641995e-01,4.557561786862372455e-01,4.491952818410914761e-01,4.423280876508461912e-01,4.352444041469208935e-01,4.281238362248374063e-01,4.212958185087330998e-01,4.153242260983010525e-01,4.110995133852080596e-01,4.098665729887855380e-01,4.130235684429787724e-01,4.214966584713039643e-01,4.347965449828065654e-01,4.505330112536756748e-01,4.652594147542384317e-01,4.761906375987678963e-01,4.822452131176526713e-01,4.838001535423497312e-01,4.818856659361285821e-01,4.775704394876091885e-01,4.717036278490832624e-01,4.648795999895906084e-01,4.574863595979463682e-01,4.497665448450172687e-01,4.418670875515280372e-01,4.338740798855643122e-01,4.258356583421673558e-01,4.177765255976827463e-01,4.097070035730208115e-01,4.016286160246711479e-01,3.935374962981913471e-01,3.854264351727081928e-01,3.772860733687699031e-01,3.691055475698113986e-01,3.608727755291923356e-01,3.525744861664255603e-01
9.234848484848485750e-01,3.538153359695716538e-01,3.622773824157684563e-01,3.706927135187749744e-01,3.790790219268840300e-01,3.874535513678073473e-01,3.958332430096530019e-01,4.042346576794355606e-01,4.126735607827631824e-01,4.211639626935254621e-01,4.297162530532870339e-01,4.383338087383593096e-01,4.470070215650758239e-01,4.557029774745347539e-01,4.643478946947531827e-01,4.727978378235152546e-01,4.807915642434191783e-01,4.878796482123856637e-01,4.933327969023059700e-01,4.960651687787473452e-01,4.946874572739309861e-01,4.879086462182344319e-01,4.754345805250747015e-01,4.589203846336725734e-01,4.418180207736241427e-01,4.277207811521504532e-01,4.186837767230136009e-01,4.148983304440611031e-01,4.153876769132772151e-01,4.188250064326692890e-01,4.240356187207589000e-01,4.301667442043912715e-01,4.366676470858991688e-01,4.432089537423579695e-01,4.496052212203910381e-01,4.557586452424048362e-01,4.616226860984671276e-01,4.671798912710957152e-01,4.724287811029559969e-01,4.773762318478043110e-01,4.820331125464656918e-01,4.864118252912146834e-01,4.905249520155045562e-01,4.943845412667410288e-01,4.980017623610211164e-01,5.013867675817474945e-01,5.045486692236804682e-01,5.074955769644755588e-01,5.102346636479201392e-01,5.127722406094883389e-01,5.151138307807612282e-01,5.172642306260752942e-01,5.192275500994090187e-01,5.210072083360482997e-01,5.226058187891590157e-01,5.240246887857057390e-01,5.252608430246050730e-01,5.261779204586731762e-01,5.270140445859318179e-01,5.277192271951212099e-01,5.282727231763790776e-01,5.286692664663431573e-01,5.289068320288653480e-01,5.289845429967926504e-01,5.289020640668309348e-01,5.286594408599742945e-01,5.282572017268077902e-01,5.276968573872233836e-01,5.269826800848534942e-01,5.261321634319076068e-01,5.251876920377829272e-01,5.239451007590201215e-01,5.225209303441851194e-01,5.209173156936831584e-01,5.191326505721863827e-01,5.171641375430160448e-01,5.150082072457257132e-01,5.126606045975694581e-01,5.101163778667564541e-01,5.073698271040735230e-01,5.044144305572826337e-01,5.012427577829580150e-01,4.978463765329216306e-01,4.942157629296592414e-01,4.903402306852293613e-01,4.862079067032020752e-01,4.818058006753063172e-01,4.771200513006609856e-01,4.721364921768515521e-01,4.668417848813459781e-01,4.612255476327402626e-01,4.552842202918904180e-01,4.490279400675786792e-01,4.424925886312758294e-01,4.357605518994791538e-01,4.289955731279113671e-01,4.224985014480886480e-01,4.167882307739391168e-01,4.126962976342065659e-01,4.114185587269509892e-01,4.143890340528792460e-01,4.227900660031979618e-01,4.366544810972148860e-01,4.540222339972234122e-01,4.711917370966708374e-01,4.844836813258924790e-01,4.920431563330027736e-01,4.940643702335318355e-01,4.918214874430519301e-01,4.867264479454997961e-01,4.798968666036410591e-01,4.720900473043507795e-01,4.637765982862833147e-01,4.552327819190969960e-01,4.466129137596525633e-01,4.379979052152707664e-01,4.294255880383361368e-01,4.209089958246149954e-01,4.124471682468456302e-01,4.040314448196041242e-01,3.956490708910864740e-01,3.872852067304442536e-01,3.789239842280099357e-01,3.705489885412781570e-01,3.621433821635993699e-01,3.536897912757818729e-01
9.272727272727273595e-01,3.551728387176460444e-01,3.638124365117806347e-01,3.724258662836562039e-01,3.810356698004696563e-01,3.896647559521201343e-01,3.983367328940818353e-01,4.070760356256361567e-01,4.159077139969777348e-01,4.248566219763934004e-01,4.339455324487560550e-01,4.431913181384902201e-01,4.525976597510514843e-01,4.621415577181509082e-01,4.717489421403873728e-01,4.812516728362083440e-01,4.903147831959999148e-01,4.983229131929350353e-01,5.042326711171399856e-01,5.064681959412256074e-01,5.031016763529486679e-01,4.927148625925497072e-01,4.759314055197420568e-01,4.562310833161314916e-01,4.383265228761593635e-01,4.253718424347806004e-01,4.180311430404930473e-01,4.154992433856354861e-01,4.165773689020895176e-01,4.201167014982901682e-01,4.251622339714614118e-01,4.310074055068326415e-01,4.371811271992779857e-01,4.433939440691563316e-01,4.494792074922978609e-01,4.553469723445986994e-01,4.609529503481533119e-01,4.662791383648680621e-01,4.713221996774282774e-01,4.760866440028246882e-01,4.805808807853084730e-01,4.848149667751942560e-01,4.887993456862844699e-01,4.925441662860935987e-01,4.960589359526228481e-01,4.993523668709996532e-01,5.024323307439938491e-01,5.053058723620698078e-01,5.079792526269358843e-01,5.104580033995755883e-01,5.127469830598031519e-01,5.148504244434959354e-01,5.167719657593682347e-01,5.185146468508202711e-01,5.200808229801286986e-01,5.214718207060541344e-01,5.226863254244231705e-01,5.236269417591714603e-01,5.244004604399944425e-01,5.250816792209834771e-01,5.256196099726307969e-01,5.260058453748658325e-01,5.262373713510751783e-01,5.263129147403626806e-01,5.262320131617171937e-01,5.259947817679293536e-01,5.256020641825404072e-01,5.250562012328467976e-01,5.243641337338494912e-01,5.235691184690317579e-01,5.226070956820579871e-01,5.213862551480256124e-01,5.199896851848511137e-01,5.184181322835068606e-01,5.166700132546138136e-01,5.147427969525976144e-01,5.126332911350339749e-01,5.103377054270998858e-01,5.078516412029739913e-01,5.051700491197429477e-01,5.022871689400969508e-01,4.991964590746728603e-01,4.958905222297650406e-01,4.923610357992324604e-01,4.885987011166267324e-01,4.845932357408542779e-01,4.803334504476358680e-01,4.758074827105661098e-01,4.710033102761661539e-01,4.659097578690689634e-01,4.605183646461921132e-01,4.548267463263933608e-01,4.488445383530104693e-01,4.426037481940361951e-01,4.361764642366510181e-01,4.297042378189230849e-01,4.234441203790309527e-01,4.178333304532462766e-01,4.135626483850203261e-01,4.116274768081742419e-01,4.133101121475076245e-01,4.200183431480961072e-01,4.327483246150986007e-01,4.509084358009345372e-01,4.712620857433683086e-01,4.889007671470726457e-01,5.001385630684229699e-01,5.042251886850042109e-01,5.025437908711362089e-01,4.970401353976652281e-01,4.893241602202762497e-01,4.804711610221604756e-01,4.711210175219289753e-01,4.616260936011034044e-01,4.521664881492938881e-01,4.428244243038395589e-01,4.336284825475530402e-01,4.245788420702657495e-01,4.156613362393770106e-01,4.068551181687747875e-01,3.981367262668255580e-01,3.894821332266767966e-01,3.808676668266610110e-01,3.722702968774517784e-01,3.636675594458020355e-01,3.550372611067603712e-01
9.310606060606061440e-01,3.567706840607238195e-01,3.656118715799567820e-01,3.744509641641977638e-01,3.833162429467169008e-01,3.922373730458652563e-01,4.012459689599345847e-01,4.103759719246267701e-01,4.196636646488208222e-01,4.291469701100042999e-01,4.388633496702584735e-01,4.488449949709160114e-01,4.591088471255495573e-01,4.696368391308676227e-01,4.803379833954529721e-01,4.909779245009027737e-01,5.010545893445834675e-01,5.096004022079053675e-01,5.149390356844804062e-01,5.146049554515099711e-01,5.059950661747479872e-01,4.883522657569238645e-01,4.649956128149287382e-01,4.424197311452236492e-01,4.259103653431748349e-01,4.167701590898938990e-01,4.134629529839166096e-01,4.139059008342473311e-01,4.166457943334764269e-01,4.208625475935560134e-01,4.260256240672400385e-01,4.317232647950308699e-01,4.376430876075766974e-01,4.435715004400759276e-01,4.493759549222178240e-01,4.549808424067799950e-01,4.603469813710522884e-01,4.654571918495838401e-01,4.703070321580755664e-01,4.748991211359265274e-01,4.792397485246096545e-01,4.833368890722311573e-01,4.871990616121234519e-01,4.908346917479642357e-01,4.942517725278560148e-01,4.974576998649204440e-01,5.004592088789268089e-01,5.032623668675024753e-01,5.058725962230332662e-01,5.082947110017616010e-01,5.105329567114610390e-01,5.125910455348796635e-01,5.144721786870426472e-01,5.161790416531413239e-01,5.177137364775958872e-01,5.190775341280153832e-01,5.202698872190465451e-01,5.212802202264638085e-01,5.219540629019532307e-01,5.226071400974988679e-01,5.231284404421676637e-01,5.235039686804987547e-01,5.237292812237509532e-01,5.238025787833530122e-01,5.237232363122812373e-01,5.234914584849355013e-01,5.231085073102329508e-01,5.225779208422234312e-01,5.219113756548190430e-01,5.212034367951390301e-01,5.201843397113655731e-01,5.189855092974337003e-01,5.176157737628642730e-01,5.160752495354464786e-01,5.143624342663416504e-01,5.124750523393140078e-01,5.104102598335427121e-01,5.081646925071520160e-01,5.057344573885195205e-01,5.031150984623804501e-01,5.003015481129235997e-01,4.972880706699958631e-01,4.940682037057302356e-01,4.906347046719448102e-01,4.869795150461366795e-01,4.830937624479838544e-01,4.789678354404889871e-01,4.745915899185861875e-01,4.699547869456812133e-01,4.650479311419492001e-01,4.598637950731125357e-01,4.544001071930730551e-01,4.486641852443574718e-01,4.426807353145361112e-01,4.365045274472282855e-01,4.302397778210443335e-01,4.240667079700128350e-01,4.182719668740028096e-01,4.132795182066243411e-01,4.097074071677482276e-01,4.085333586127729011e-01,4.113597393328757845e-01,4.203416623547698849e-01,4.370294888276967105e-01,4.601049500185107610e-01,4.842045618864651013e-01,5.026803253439078301e-01,5.120580921936787044e-01,5.130132240692713008e-01,5.081404957566540981e-01,4.999323993579199432e-01,4.900984741699065950e-01,4.796340921231122545e-01,4.690616630359641381e-01,4.586296463153226033e-01,4.484386396810706721e-01,4.385132578843581319e-01,4.288410607638682426e-01,4.193929920905863362e-01,4.101338084576450216e-01,4.010271813535988827e-01,3.920379931062167311e-01,3.831331675897179934e-01,3.742817430747157892e-01,3.654545550001753185e-01,3.566237125442933698e-01
9.348484848484849286e-01,3.586051486336894745e-01,3.676749140413329564e-01,3.767709751446634558e-01,3.859284502682370777e-01,3.951851109968200215e-01,4.045822336701097033e-01,4.141652652774202026e-01,4.239840531659556100e-01,4.340921061435160655e-01,4.445438019333288748e-01,4.553873666119023222e-01,4.666493125714296086e-01,4.783018980639408557e-01,4.901976144360102317e-01,5.019425852141006228e-01,5.126685173541977170e-01,5.206809521790314310e-01,5.231177704934747430e-01,5.162416934440768879e-01,4.975665821374467557e-01,4.696070896883144941e-01,4.405603487929709017e-01,4.186276921876307400e-01,4.067303870409086364e-01,4.032380631650002156e-01,4.050755419419159176e-01,4.095674538298082479e-01,4.150182688665318143e-01,4.206969585007529489e-01,4.264416276080657542e-01,4.322316886458740237e-01,4.380167939664173504e-01,4.437220658468630785e-01,4.492800795989195795e-01,4.546436806284493981e-01,4.597850931438409172e-01,4.646908153560588284e-01,4.693566515826011476e-01,4.737840157265808538e-01,4.779774614489991635e-01,4.819431213611424236e-01,4.856877561384279063e-01,4.892181941095053443e-01,4.925410144463160944e-01,4.956623796195315235e-01,4.985879577006051555e-01,5.013228974070792487e-01,5.038718327458795443e-01,5.062389026588209884e-01,5.084277760594095863e-01,5.104416750329373587e-01,5.122833887886147908e-01,5.139552662915183312e-01,5.154591610578097560e-01,5.167962451083470965e-01,5.179663555368986261e-01,5.189643759266410195e-01,5.196342667032332052e-01,5.202502415758677445e-01,5.207531594274511511e-01,5.211173359555607565e-01,5.213361520920922754e-01,5.214070884649847359e-01,5.213293071268388923e-01,5.211031316111022216e-01,5.207303976814651181e-01,5.202164636742055981e-01,5.195828963451409876e-01,5.188802478281711039e-01,5.178740908381255226e-01,5.166972030356908885e-01,5.153537218721973012e-01,5.138434566293226258e-01,5.121650176269717525e-01,5.103163749281030004e-01,5.082950109551680473e-01,5.060979581343606482e-01,5.037217931769103485e-01,5.011626102313128106e-01,4.984159826328091736e-01,4.954769185869359882e-01,4.923398155560244627e-01,4.889984195537210310e-01,4.854457989106449323e-01,4.816743479895856384e-01,4.776758460767187020e-01,4.734416123040434132e-01,4.689628219051776292e-01,4.642310858626743086e-01,4.592394469856316275e-01,4.539840032641315748e-01,4.484663942209816123e-01,4.426972484755635762e-01,4.367000737886199691e-01,4.305135275939364070e-01,4.241883880355086789e-01,4.177821437456710751e-01,4.113913127763313415e-01,4.053199851214528970e-01,4.004160484286516386e-01,3.983790067646116317e-01,4.018174879412442224e-01,4.137721431980211362e-01,4.359140099912414135e-01,4.653878405334298529e-01,4.939797036567140087e-01,5.133688267202763944e-01,5.209003214418147509e-01,5.189899080641848794e-01,5.113711789148253084e-01,5.009313293233369491e-01,4.893934114362991639e-01,4.776489166764921745e-01,4.661084653111891574e-01,4.549311343855749756e-01,4.441525648260902792e-01,4.337516570041091701e-01,4.236839348296015939e-01,4.138976566012788627e-01,4.043411964074135612e-01,3.949660741888245119e-01,3.857278523092512179e-01,3.765860118139954804e-01,3.675033587920661926e-01,3.584452229522509525e-01
9.386363636363637131e-01,3.607180755701528407e-01,3.700477307718536002e-01,3.794372268967530215e-01,3.889298483128700301e-01,3.985731073775486966e-01,4.084199320996050875e-01,4.185296317685308631e-01,4.289682405118206421e-01,4.398073575107060429e-01,4.511196143053683438e-01,4.629668674631281511e-01,4.753730685383956156e-01,4.882655295970472764e-01,5.013531229906138531e-01,5.138873816861299071e-01,5.242427793169879280e-01,5.293609684118967262e-01,5.246246519752493231e-01,5.057807754597967165e-01,4.739133848212151445e-01,4.383094315419118203e-01,4.101114718188476060e-01,3.940667515886769334e-01,3.886279445503778573e-01,3.902598581382109022e-01,3.959420968551666253e-01,4.035688567244729574e-01,4.116697362799395798e-01,4.193129411991308175e-01,4.261921439027178127e-01,4.324462225274256499e-01,4.382987793862244130e-01,4.438825708187659758e-01,4.492453907713326311e-01,4.543951166373549344e-01,4.593279837103581564e-01,4.640399280994594866e-01,4.685296246523903418e-01,4.727984992270413689e-01,4.768499539056749170e-01,4.806885765450950587e-01,4.843195343366181183e-01,4.877481599312959437e-01,4.909796888501072876e-01,4.940191035705250866e-01,4.968710486162368212e-01,4.995397909598643937e-01,5.020292080520111222e-01,5.043427914462110806e-01,5.064836576429877502e-01,5.084545593662648244e-01,5.102578910130536327e-01,5.118956779939306534e-01,5.133695285916687334e-01,5.146804893022625116e-01,5.158285871198315942e-01,5.168108260206694116e-01,5.175165391453657726e-01,5.180652720038032566e-01,5.185470492331732961e-01,5.188989923827459494e-01,5.191109497083099544e-01,5.191793840451973674e-01,5.191031726683098535e-01,5.188828015051394349e-01,5.185209203613750928e-01,5.180258430689989035e-01,5.174505756316023497e-01,5.167194984842502503e-01,5.157291279986339072e-01,5.145738254028273673e-01,5.132559124556378416e-01,5.117750537765529684e-01,5.101299903055560581e-01,5.083189295217036552e-01,5.063396626086502650e-01,5.041895962027143074e-01,5.018657493854766782e-01,4.993647338082715659e-01,4.966827248490483515e-01,4.938154277667843317e-01,4.907580426750060010e-01,4.875052324783158975e-01,4.840510994598157812e-01,4.803891784763993922e-01,4.765124573511631545e-01,4.724134366380751682e-01,4.680842371971528082e-01,4.635167432102257901e-01,4.587027001333430221e-01,4.536334984476942944e-01,4.482989052915687389e-01,4.426829886536893799e-01,4.367538548624934625e-01,4.304437748227202265e-01,4.236285938603361334e-01,4.161601367000581364e-01,4.080434300665756742e-01,3.996975072067042722e-01,3.920290944483016404e-01,3.863888837109469288e-01,3.847796638911667455e-01,3.901872284152572146e-01,4.061874989850726148e-01,4.344355808067857372e-01,4.703017115810105286e-01,5.026574085924651047e-01,5.220948378837448889e-01,5.273881465784443501e-01,5.227206082299498124e-01,5.127042544587938622e-01,5.004183019017968137e-01,4.875121857296818573e-01,4.747537178754349663e-01,4.624480016666391857e-01,4.506774241621338550e-01,4.394247021627843419e-01,4.286325864699525590e-01,4.182316665612799689e-01,4.081526288216974496e-01,3.983310872967549265e-01,3.887089410006806522e-01,3.792341624852779702e-01,3.698599217433160558e-01,3.605434601432972452e-01
9.424242424242424976e-01,3.631201914925182295e-01,3.727459058139782622e-01,3.824713255920976218e-01,3.923495311591802537e-01,4.024397707680912872e-01,4.128090165058967975e-01,4.235331715359836879e-01,4.346972325547583393e-01,4.463928389763155979e-01,4.587097839487971895e-01,4.717141234274846995e-01,4.853972904950506484e-01,4.995642136670350175e-01,5.135997427306101537e-01,5.260215050732618414e-01,5.337814238465355965e-01,5.317472111725015660e-01,5.141377508152363829e-01,4.801274442077683724e-01,4.391517663895689871e-01,4.050249020031003178e-01,3.846275498508018309e-01,3.766242017565664124e-01,3.768588845948667165e-01,3.818210003823163667e-01,3.893311487318646957e-01,3.981737081485072216e-01,4.075583359660545080e-01,4.167245842333109906e-01,4.249932134650928339e-01,4.321323218108831798e-01,4.383590587588320764e-01,4.439916022398209816e-01,4.492439759548004785e-01,4.542209255850447325e-01,4.589657359687184801e-01,4.634948951366428260e-01,4.678150525544937932e-01,4.719299515788461519e-01,4.758428803826962872e-01,4.795573499627506786e-01,4.830771465710058665e-01,4.864062058098843622e-01,4.895484678964912573e-01,4.925077618929140089e-01,4.952877261864875869e-01,4.978917596538640078e-01,5.003229952540353409e-01,5.025842884529714283e-01,5.046782136724985435e-01,5.066070640925197655e-01,5.083728478136129159e-01,5.099772724814680691e-01,5.114217011787717260e-01,5.127070355208890318e-01,5.138333801969867665e-01,5.147987989033366851e-01,5.155892954916087012e-01,5.160314239684293813e-01,5.164871989440642519e-01,5.168256033393333615e-01,5.170301939554696746e-01,5.170959399323789007e-01,5.170213284208708959e-01,5.168070737070994403e-01,5.164570261855548905e-01,5.159847646076853867e-01,5.155016259469975548e-01,5.146999993330741985e-01,5.137261709308658109e-01,5.125920751954710086e-01,5.112991293326645259e-01,5.098469456377743292e-01,5.082344077676133054e-01,5.064599553749734584e-01,5.045216772336850175e-01,5.024173392106636715e-01,5.001443847672919496e-01,4.976999220173925487e-01,4.950807028115307151e-01,4.922830980830483760e-01,4.893030704101356543e-01,4.861361451923690291e-01,4.827773798279514361e-01,4.792213265295874880e-01,4.754619748672713753e-01,4.714926369824223307e-01,4.673056837910683492e-01,4.628919141243672541e-01,4.582390533575491642e-01,4.533282625169599012e-01,4.481263507289272030e-01,4.425697577232099444e-01,4.365372400709682243e-01,4.298244186353191720e-01,4.221870329400293498e-01,4.135532404488752589e-01,4.042713223167057612e-01,3.949877766932431977e-01,3.863268328691731868e-01,3.789611795659960092e-01,3.740481729991859683e-01,3.737522503652244699e-01,3.816016139277897956e-01,4.018150262792826721e-01,4.358505525325558905e-01,4.769613920115692296e-01,5.113538347507331494e-01,5.294674144079790645e-01,5.319849727269199136e-01,5.246194225933219490e-01,5.124965937172677455e-01,4.986819526975176387e-01,4.846780926029592429e-01,4.711165872888089523e-01,4.582044361604712401e-01,4.459585429554211999e-01,4.343186308449702437e-01,4.231989349593101579e-01,4.125106575019032440e-01,4.021708363074213421e-01,3.921050484377777146e-01,3.822474165698427351e-01,3.725395156227605531e-01,3.629288946645763403e-01
9.462121212121212821e-01,3.658370715585778643e-01,3.757997082798704147e-01,3.859093723775899321e-01,3.962308711328799138e-01,4.068375222168373329e-01,4.178130536359268010e-01,4.292528344681589281e-01,4.412631554777941001e-01,4.539556371138405710e-01,4.674302604513000947e-01,4.817327739208314141e-01,4.967560074189207309e-01,5.120235449831718189e-01,5.262492966316935084e-01,5.365712526118122661e-01,5.377222723922601144e-01,5.228028116711838091e-01,4.887835024722417265e-01,4.440480866463843990e-01,4.044524763315166527e-01,3.794988388884267261e-01,3.686299467390618534e-01,3.672430918435130587e-01,3.712116371191807040e-01,3.779327296826482940e-01,3.860196865427270030e-01,3.948403179302437671e-01,4.041389124389244691e-01,4.136636679100232916e-01,4.228643279215732464e-01,4.310664771332300971e-01,4.380189533040343974e-01,4.439613260421378937e-01,4.492477532511999216e-01,4.541227386486361151e-01,4.587126816574303989e-01,4.630746091730549296e-01,4.672328144336579947e-01,4.711977929427533796e-01,4.749747039298959361e-01,4.785668539555115730e-01,4.819770219532676925e-01,4.852078990266895930e-01,4.882621867126908377e-01,4.911425774654679666e-01,4.938517053434894888e-01,4.963920985670347563e-01,4.987661429609648867e-01,5.009760561333099771e-01,5.030238707429155465e-01,5.049114214210939089e-01,5.066403314552481163e-01,5.082119916132673554e-01,5.096275172425367428e-01,5.108876500753305461e-01,5.119925027216457591e-01,5.129407266476135874e-01,5.137250014571923540e-01,5.141664159957922697e-01,5.145861859802409732e-01,5.149090866703416314e-01,5.151056061173225897e-01,5.151684196371356661e-01,5.150954659418188752e-01,5.148877900117898587e-01,5.145510962754037410e-01,5.141099042234441585e-01,5.136288257443176741e-01,5.128340311444488098e-01,5.118769279022015173e-01,5.107636596765098291e-01,5.094951426334646261e-01,5.080709926916522345e-01,5.064902445416460397e-01,5.047515668310252890e-01,5.028533386637654701e-01,5.007936757827188279e-01,4.985704348500648031e-01,4.961812066746841832e-01,4.936233032397880915e-01,4.908937390115341581e-01,4.879892072274876202e-01,4.849060456455713264e-01,4.816401811409039002e-01,4.781870275987630259e-01,4.745412803794921142e-01,4.706964827114177297e-01,4.666440916806422479e-01,4.623714537537387259e-01,4.578574401487126022e-01,4.530632557166143770e-01,4.479142775371647289e-01,4.422696978165580051e-01,4.358937057868504383e-01,4.285008498386803089e-01,4.199942544646230735e-01,4.107485427736419781e-01,4.014092673951501489e-01,3.923840828145280235e-01,3.838037183104616168e-01,3.758685352512427524e-01,3.691951350128335751e-01,3.651678815648543019e-01,3.663922634478652962e-01,3.770123986157837837e-01,4.016911923997461553e-01,4.411125496915433986e-01,4.859141760670593335e-01,5.202557028967985664e-01,5.356217366760831489e-01,5.349022031231291940e-01,5.249335642104309141e-01,5.109771954351668422e-01,4.959103165495841736e-01,4.810365781849372246e-01,4.668466656934522341e-01,4.534581615626822049e-01,4.408326457699363599e-01,4.288752581929743402e-01,4.174779779839608018e-01,4.065370751088581147e-01,3.959590292381697796e-01,3.856614684925041003e-01,3.755720863884219884e-01,3.656268423024142122e-01
9.500000000000000666e-01,3.688956736279715432e-01,3.792424440953841569e-01,3.897925695736139118e-01,4.006248852996727727e-01,4.118294908021917222e-01,4.235098441603753483e-01,4.357834689496236091e-01,4.487788443197821553e-01,4.626228973000330869e-01,4.774065420732864773e-01,4.931006064929682187e-01,5.093638065680800020e-01,5.251329468909764486e-01,5.378524910107328472e-01,5.424428742629399114e-01,5.313769391275071641e-01,4.994192887286000859e-01,4.527182921789948411e-01,4.081347773788959188e-01,3.781847641632576917e-01,3.638676461782193727e-01,3.604900000617968781e-01,3.633657779781815367e-01,3.694168086338953660e-01,3.769303594116610312e-01,3.850565328936497167e-01,3.934579137750690569e-01,4.021025657063831971e-01,4.110785203567492441e-01,4.202927637540602723e-01,4.291910980272816700e-01,4.370457009937213089e-01,4.436111203273724324e-01,4.491569619108409239e-01,4.540517830381127218e-01,4.585448141905082986e-01,4.627653289824524285e-01,4.667725713686757261e-01,4.705921031569871849e-01,4.742347401275784913e-01,4.777052551474976205e-01,4.810061323023562263e-01,4.841391036803581738e-01,4.871057312442219067e-01,4.899075918124939366e-01,4.925463062063719644e-01,4.950235139882305790e-01,4.973408352964678314e-01,4.994998347468915800e-01,5.015019908639434254e-01,5.033486706993508530e-01,5.050411060376985839e-01,5.065803652007914160e-01,5.079673090297095461e-01,5.092025049037831597e-01,5.102860250686729326e-01,5.112168589679211284e-01,5.119903922294812837e-01,5.124739929288150142e-01,5.128252547335820921e-01,5.131295314028996302e-01,5.133169795037736405e-01,5.133765337780686888e-01,5.133053379142938910e-01,5.131049318502847179e-01,5.127840609459596299e-01,5.124010274948903598e-01,5.118858911039141368e-01,5.111017205876382530e-01,5.101613746683404393e-01,5.090686471864586116e-01,5.078241651266418577e-01,5.064275854195463555e-01,5.048781014572868431e-01,5.031746110113980430e-01,5.013157812722702777e-01,4.993000746672462409e-01,4.971257571622635374e-01,4.947908973417426970e-01,4.922933589510173902e-01,4.896307861522809501e-01,4.868005754950535668e-01,4.837998217769223230e-01,4.806252084152348725e-01,4.772727793363989446e-01,4.737374596225492618e-01,4.700120424831177313e-01,4.660850446448268070e-01,4.619361845870957883e-01,4.575270215921937167e-01,4.527825860190176632e-01,4.475602152832821590e-01,4.416168439636152243e-01,4.346444046968227504e-01,4.265095428743886363e-01,4.175908449163494573e-01,4.086017440469519313e-01,3.999523859336683862e-01,3.916077766110536151e-01,3.834246913293010706e-01,3.754251381261765608e-01,3.679501380084568840e-01,3.618518216717784286e-01,3.588401646452754057e-01,3.619899195653827340e-01,3.759992627170464230e-01,4.056223714326977481e-01,4.499937834563551009e-01,4.967375005015925438e-01,5.289928676494496385e-01,5.404714589790745594e-01,5.362765270648743865e-01,5.238801186098549501e-01,5.083582180053041188e-01,4.922804243643221223e-01,4.767256174001926472e-01,4.620477550527454236e-01,4.482852818353578184e-01,4.353538481442941199e-01,4.231311474498520853e-01,4.114919735333965045e-01,4.003211493265204091e-01,3.895169239318470034e-01,3.789904597206618098e-01,3.686638696213958011e-01
9.537878787878788511e-01,3.722592313223270222e-01,3.830417811119569138e-01,3.940944962463853729e-01,4.055128450433246878e-01,4.174066347359544626e-01,4.299018844724316613e-01,4.431398104637923607e-01,4.572682580576531985e-01,4.724148511730689726e-01,4.886176781146931436e-01,5.056609044018420818e-01,5.227102963458972740e-01,5.375861744779742990e-01,5.456392564756123997e-01,5.392146886562749764e-01,5.111765767322880016e-01,4.645134012202951634e-01,4.156784179352088771e-01,3.802658134152852587e-01,3.617187194451879084e-01,3.557470183954729026e-01,3.571997303894914322e-01,3.624983922212424714e-01,3.695816720187753424e-01,3.773649686153232596e-01,3.853268647952194370e-01,3.932757010524304819e-01,4.012376625333357039e-01,4.093924386966380502e-01,4.179411386488220415e-01,4.267878023393218978e-01,4.352846157356844436e-01,4.426699108496507939e-01,4.487594522714255518e-01,4.538677052737372652e-01,4.583651546338263771e-01,4.624908882124723619e-01,4.663667712337267179e-01,4.700481844951551191e-01,4.735586195263470355e-01,4.769074885439361089e-01,4.800983649819589028e-01,4.831325974555341629e-01,4.860108253262629963e-01,4.887335722175451536e-01,4.913014447972292031e-01,4.937151710410924155e-01,4.959755777003781452e-01,4.980835501463953263e-01,5.000399910136582582e-01,5.018457824233770737e-01,5.035017510942267904e-01,5.050086319703942506e-01,5.063670210814589234e-01,5.075772969666175749e-01,5.086394559668435678e-01,5.095526789882467433e-01,5.103137589176951483e-01,5.109041682127213324e-01,5.111323489164435463e-01,5.114126638121954116e-01,5.115896013867258230e-01,5.116454585269678557e-01,5.115761852563036616e-01,5.113840903175591590e-01,5.110833464968486117e-01,5.108055352248497272e-01,5.102006854408471792e-01,5.094285073696276367e-01,5.085049886262114072e-01,5.074326962175683686e-01,5.062120904419459277e-01,5.048428953826168408e-01,5.033244704157361360e-01,5.016559450165403167e-01,4.998362759511860154e-01,4.978642737196160017e-01,4.957386148005892279e-01,4.934578454987845753e-01,4.910203776361928840e-01,4.884244710651099997e-01,4.856681898217697912e-01,4.827493028641403061e-01,4.796650674559653216e-01,4.764117681485210976e-01,4.729837410697805833e-01,4.693713203651472265e-01,4.655565390074528076e-01,4.615042663963168645e-01,4.571447356258436234e-01,4.523430494740483532e-01,4.468628657901554391e-01,4.403840053456223314e-01,4.327180946804133344e-01,4.241926306367793664e-01,4.155794731290364807e-01,4.073874985610676513e-01,3.995734813436757626e-01,3.918743856985362761e-01,3.841018161650652241e-01,3.762384295816731394e-01,3.684847152070233611e-01,3.613651836918739257e-01,3.559606754676470364e-01,3.543232494620872641e-01,3.600229486098012188e-01,3.782222114336450947e-01,4.132794345312359452e-01,4.618962738975980753e-01,5.086112347928923860e-01,5.369462186031286333e-01,5.437645903985992568e-01,5.360810918568792438e-01,5.215052527005330507e-01,5.046858000210814321e-01,4.878159722195185566e-01,4.717443270543044131e-01,4.566981489471956812e-01,4.426477303692060716e-01,4.294714088240365601e-01,4.170255619906399480e-01,4.051719862377993753e-01,3.937868379797548335e-01,3.827619042549939010e-01,3.720029038682985956e-01
9.575757575757576356e-01,3.760258164673007109e-01,3.873061324114247528e-01,3.989359782964739254e-01,4.110304046216721185e-01,4.237219521972633296e-01,4.371613757156510571e-01,4.515124547422166290e-01,4.669319492112727898e-01,4.835141575914177481e-01,5.011543502934929784e-01,5.192358295285552927e-01,5.359756334937302302e-01,5.473012728280425288e-01,5.458632314711880928e-01,5.231823586822001992e-01,4.786583733292952836e-01,4.267466611727617765e-01,3.856300908740865618e-01,3.620376707810583627e-01,3.527422201497236176e-01,3.522941719535637173e-01,3.565858155627622539e-01,3.631607833880053926e-01,3.706849618672495850e-01,3.784731127088373226e-01,3.862005480532130774e-01,3.937528075345035350e-01,4.011609844221635246e-01,4.085845918539591226e-01,4.162881906778944652e-01,4.244926328283705752e-01,4.330104884848345881e-01,4.410689415819591952e-01,4.479266981083482313e-01,4.535085020430435487e-01,4.581762975417337791e-01,4.622911541335507080e-01,4.660731214714982085e-01,4.696314023094941836e-01,4.730146152710635876e-01,4.762426638129869660e-01,4.793228291161654164e-01,4.822571994937752682e-01,4.850459420683302381e-01,4.876886810146873197e-01,4.901850381341159024e-01,4.925348097115405666e-01,4.947379935653534733e-01,4.967947591989175238e-01,4.987054007859325622e-01,5.004702884497079785e-01,5.020898220217921981e-01,5.035643854319467039e-01,5.048942946200128956e-01,5.060797225569297897e-01,5.071205599273236331e-01,5.080160838379244037e-01,5.087639040493225906e-01,5.093541665177141464e-01,5.095815418330351676e-01,5.098273839901293902e-01,5.099917339893821344e-01,5.100433146802332285e-01,5.099761999896188502e-01,5.097939501751680424e-01,5.095218971281189058e-01,5.092458806641578795e-01,5.086417974559469535e-01,5.078821722277006012e-01,5.069754103671307854e-01,5.059233600174561918e-01,5.047263925684633001e-01,5.033843198533036745e-01,5.018966757017595537e-01,5.002628271189217823e-01,4.984820262221895670e-01,4.965534378959178263e-01,4.944761554288185090e-01,4.922492071061245755e-01,4.898715502805311428e-01,4.873420411340537162e-01,4.846593534244065249e-01,4.818217898068791194e-01,4.788268687069978102e-01,4.756704407653963851e-01,4.723448276540924695e-01,4.688349276339817684e-01,4.651101817474633804e-01,4.611085980100921855e-01,4.567079878153608719e-01,4.516874269880859494e-01,4.457252213219201065e-01,4.385720890267599259e-01,4.304539347882683775e-01,4.221542775476453402e-01,4.143213765119664882e-01,4.069905594645764624e-01,3.998658073059466189e-01,3.926702456051897605e-01,3.852554220368022420e-01,3.776035997641002950e-01,3.698380300791357378e-01,3.622861823220285826e-01,3.556299239648649246e-01,3.511940177174116551e-01,3.514211722033854790e-01,3.604087867262320555e-01,3.836222395925686368e-01,4.243709976182980514e-01,4.760825881120618330e-01,5.206896070583042491e-01,5.436802170898595854e-01,5.455016820069917838e-01,5.345260440606182106e-01,5.180679011975145576e-01,5.002024022965884109e-01,4.827258755135827584e-01,4.662683039030757204e-01,4.509448926697288695e-01,4.366690040516334470e-01,4.232893485218978680e-01,4.106460443723434772e-01,3.985911358095676760e-01,3.869941172570854904e-01,3.757414401853667596e-01
9.613636363636364202e-01,3.802279309444983602e-01,3.920761657587069071e-01,4.043677007340060747e-01,4.172402031725725435e-01,4.308514626230356970e-01,4.453770471261688790e-01,4.609961663992457326e-01,4.778487229042496232e-01,4.959249754976249314e-01,5.148048651481161864e-01,5.330915099171110727e-01,5.473581426712438303e-01,5.508925080619622161e-01,5.345511940475417001e-01,4.942570888827124698e-01,4.409654963808065098e-01,3.943082251028927065e-01,3.649198049010134448e-01,3.514830365657025668e-01,3.485472789921689185e-01,3.514727504313698292e-01,3.573453124787375201e-01,3.645365331486892790e-01,3.721838388411118359e-01,3.798484362374070500e-01,3.873241637121279668e-01,3.945405125080115316e-01,4.015224285753716815e-01,4.083868678041130962e-01,4.153568171751637617e-01,4.227355974191484012e-01,4.307056585886103184e-01,4.389261570079588393e-01,4.465105948752017273e-01,4.528080676480619737e-01,4.578792689531422377e-01,4.621227719283094171e-01,4.658790040464009796e-01,4.693436014718284643e-01,4.726106935831039801e-01,4.757209883935741290e-01,4.786902707373363319e-01,4.815234967990396631e-01,4.842212608919440053e-01,4.867826373887928493e-01,4.892063709424765983e-01,4.914913336118210685e-01,4.936366641035882519e-01,4.956417755883210652e-01,4.975063143471008531e-01,4.992301041569807696e-01,5.008130895276571293e-01,5.022552802330498833e-01,5.035566927530247261e-01,5.047172758637521461e-01,5.057367885480807956e-01,5.066145383317358641e-01,5.073486379731504403e-01,5.079327764758866381e-01,5.082023162771415192e-01,5.083827779927103663e-01,5.085313505575752568e-01,5.085778644651334224e-01,5.085132671401257909e-01,5.083432815288757567e-01,5.081253806211746271e-01,5.078152003320371977e-01,5.072169462917087701e-01,5.064701244621723220e-01,5.055800277403194043e-01,5.045480527533727777e-01,5.033745336099891832e-01,5.020593865082043639e-01,5.006023288148296890e-01,4.990029730060355773e-01,4.972608750480609352e-01,4.953755632479248106e-01,4.933465558117287597e-01,4.911733663509729730e-01,4.888554878979568530e-01,4.863923321719009762e-01,4.837830742683253415e-01,4.810262990058314370e-01,4.781192335684916750e-01,4.750561198472352253e-01,4.718248003785631139e-01,4.683996580113677366e-01,4.647274441913831766e-01,4.607010100917826589e-01,4.561204490773558273e-01,4.506738819675441543e-01,4.440592980881196694e-01,4.363684972348336188e-01,4.283301531930566730e-01,4.207324312246691345e-01,4.137533146296653586e-01,4.071161569391875124e-01,4.004967966373280119e-01,3.936828693141007363e-01,3.865734947436607616e-01,3.791563109750050176e-01,3.715091703975643700e-01,3.638404710341300863e-01,3.565862993000646908e-01,3.506013819396584519e-01,3.475010787968018100e-01,3.501833043085837982e-01,3.632784292443754781e-01,3.922623949974822777e-01,4.385542643955961939e-01,4.916845650522274069e-01,5.321077555879620835e-01,5.487781197901853147e-01,5.456205742742982201e-01,5.316877915928703846e-01,5.136673187371892935e-01,4.949915875989804315e-01,4.770707451294303736e-01,4.603372772815449432e-01,4.448105839681413820e-01,4.303578154231298414e-01,4.168048154342498535e-01,4.039796365420151858e-01,3.917271055848485228e-01,3.799114705258326286e-01
9.651515151515152047e-01,3.849065043490025873e-01,3.974034075687084555e-01,4.104539636655724077e-01,4.242212629527796763e-01,4.388894302727361363e-01,4.546544761620157638e-01,4.716921796924243848e-01,4.900712220275275088e-01,5.095415701007386389e-01,5.290591398538366796e-01,5.458457469548345653e-01,5.540332681552011529e-01,5.444814993293140004e-01,5.102476736844222538e-01,4.577258982724030090e-01,4.062736943929490252e-01,3.705522116334619143e-01,3.521245089484477120e-01,3.460239089054040207e-01,3.471421538815323560e-01,3.520481048820589542e-01,3.587591310069892514e-01,3.661994934215658248e-01,3.738044443414248463e-01,3.812877583439425733e-01,3.885160637221257707e-01,3.954453007289482347e-01,4.020942969236246944e-01,4.085441311541003206e-01,4.149574967309711537e-01,4.215995916389305154e-01,4.287849590435719449e-01,4.366031894470732699e-01,4.445204520624211897e-01,4.515875447812692789e-01,4.573106766379059218e-01,4.618872434099234869e-01,4.657328086439379566e-01,4.691578428949153001e-01,4.723311345507162917e-01,4.753312504809304451e-01,4.781909117402410314e-01,4.809218207220918861e-01,4.835267024555187643e-01,4.860047868040379138e-01,4.883542015405727965e-01,4.905729617070429538e-01,4.926593353425157695e-01,4.946119399266173389e-01,4.964297287071676168e-01,4.981119370375165500e-01,4.996580179999521309e-01,5.010675773239841035e-01,5.023403072574772477e-01,5.034759102836779965e-01,5.044739882559701183e-01,5.053338293886974197e-01,5.060538629493525065e-01,5.066296554355521620e-01,5.070360990148469194e-01,5.070673195324167937e-01,5.071947852868247120e-01,5.072351144249729327e-01,5.071735930459961850e-01,5.070200089826182310e-01,5.069281528666690351e-01,5.065025888486928141e-01,5.059119405596645969e-01,5.051780624101132045e-01,5.043045811750811458e-01,5.032925978671697331e-01,5.021424461600610956e-01,5.008541616296601218e-01,4.994276558569708535e-01,4.978627974428386227e-01,4.961594577130433725e-01,4.943175398999407610e-01,4.923369956308014661e-01,4.902178224720220578e-01,4.879600232614665911e-01,4.855634845054547788e-01,4.830276843797723929e-01,4.803510449407508709e-01,4.775295443819546071e-01,4.745537955659245299e-01,4.714029816003967310e-01,4.680325795296786939e-01,4.643510287981084117e-01,4.601823853712321832e-01,4.552347555948357272e-01,4.491715502622730671e-01,4.419426040018780699e-01,4.341530884922827349e-01,4.266924184764550043e-01,4.199280143151313260e-01,4.136528408815454139e-01,4.075175940060185020e-01,4.012644760541464461e-01,3.947482930033064386e-01,3.879032798800027271e-01,3.807210594574723661e-01,3.732514932662298057e-01,3.656296905629894400e-01,3.581397750097974342e-01,3.513402831295425743e-01,3.462960319049425695e-01,3.449739040165146209e-01,3.507876077752727362e-01,3.688398709484942417e-01,4.041377347621549765e-01,4.552432573192641829e-01,5.076605307547993329e-01,5.420773833646096440e-01,5.519784389253505896e-01,5.441619324775949229e-01,5.276948027899739380e-01,5.084297787547259473e-01,4.891532408677078947e-01,4.709223966072025314e-01,4.539989458353200225e-01,4.383231538776741765e-01,4.237257649670580495e-01,4.100154583224895344e-01,3.970114870724231193e-01,3.845532173213782046e-01
9.689393939393939892e-01,3.901177614100116986e-01,4.033563035124092533e-01,4.172774675779706288e-01,4.320716058287984995e-01,4.479469780535337842e-01,4.651067537716899181e-01,4.836823646588009895e-01,5.035655845970486988e-01,5.240199772059391803e-01,5.428736615721830860e-01,5.551923246498852160e-01,5.523870061140249144e-01,5.255761119892069511e-01,4.762184768463734175e-01,4.213904637173787604e-01,3.791676030335512371e-01,3.549304593037794775e-01,3.449055867317629698e-01,3.436916293885763918e-01,3.473036093027166427e-01,3.533384146308962692e-01,3.604588362558288073e-01,3.679469792892376967e-01,3.754265398643478746e-01,3.827072159425202735e-01,3.897013387089918179e-01,3.963813731674509788e-01,4.027618315993080067e-01,4.088987002925030256e-01,4.149049714555969048e-01,4.209792826466269844e-01,4.274198673672458537e-01,4.345220147577653069e-01,4.422256810916569414e-01,4.497956516053830955e-01,4.563018377846658757e-01,4.614538631620938580e-01,4.655639535395857398e-01,4.690426880968944223e-01,4.721643847496061475e-01,4.750708013972836374e-01,4.778256384346980523e-01,4.804541525760590570e-01,4.829642980737609004e-01,4.853568047202754809e-01,4.876297270667781514e-01,4.897804106800809909e-01,4.918062878522950210e-01,4.937051547228273329e-01,4.954752261727516927e-01,4.971151015665975503e-01,4.986236995363261815e-01,5.000001852272091263e-01,5.012438962733085646e-01,5.023542628101898000e-01,5.033307033495127980e-01,5.041724463028490755e-01,5.048781173788778887e-01,5.054444095595990172e-01,5.058583748817127024e-01,5.058853591717834552e-01,5.059814992792011079e-01,5.060140007526499062e-01,5.059564500978660506e-01,5.058273665252929208e-01,5.057398922695918175e-01,5.053074447915163470e-01,5.047252306295693103e-01,5.040043779312712857e-01,5.031474945980732860e-01,5.021554830558757621e-01,5.010287041635693717e-01,4.997673271014418384e-01,4.983714698361106921e-01,4.968412699136011135e-01,4.951769274044439118e-01,4.933787322017988419e-01,4.914470738985064480e-01,4.893824193913814957e-01,4.871852225795776370e-01,4.848556904925208633e-01,4.823932488856981782e-01,4.797953826416133660e-01,4.770551806590810351e-01,4.741562197310897897e-01,4.710621327044489659e-01,4.676963737678516697e-01,4.639077782393488114e-01,4.594319650611503048e-01,4.539195997162663310e-01,4.471934351782360095e-01,4.396815411435805454e-01,4.323025845404694922e-01,4.256342785659819050e-01,4.195947135696960761e-01,4.138340209188602348e-01,4.080546583563111618e-01,4.020755839114680819e-01,3.958012598051932618e-01,3.891886164016119531e-01,3.822314533082737942e-01,3.749618181628348590e-01,3.674687214415638947e-01,3.599408429335494430e-01,3.527496515144110667e-01,3.466043319383320109e-01,3.428287107461076011e-01,3.438080843579366386e-01,3.535102387756554054e-01,3.773386151990124060e-01,4.191280330168696833e-01,4.736466073796088416e-01,5.229708964453509967e-01,5.500204898563327838e-01,5.531925676580419227e-01,5.412382536519789733e-01,5.226905274537307911e-01,5.024763024082844476e-01,4.827776022084255270e-01,4.643437444023674199e-01,4.472939148689435429e-01,4.315049886562939419e-01,4.167798476200934021e-01,4.029145976237953342e-01,3.897220480559469014e-01
9.727272727272727737e-01,3.958732052788724309e-01,4.099567372650916863e-01,4.248714522696612761e-01,4.408343290243492141e-01,4.580687874419126504e-01,4.767550192449291901e-01,4.968996728488212500e-01,5.180255682307137732e-01,5.385005499205141044e-01,5.543243961884742887e-01,5.578395286164566924e-01,5.392439176055838779e-01,4.954188396189580512e-01,4.393037195269501316e-01,3.909471288153626989e-01,3.602036524152912311e-01,3.454252003957433703e-01,3.412589460484958259e-01,3.431769061584178937e-01,3.482899971893844704e-01,3.549419696282978820e-01,3.622247574976721340e-01,3.696515175059473801e-01,3.769667210300418070e-01,3.840415446579960590e-01,3.908176357166089354e-01,3.972780474023754338e-01,4.034344768106709611e-01,4.093263527128174206e-01,4.150315555714498283e-01,4.206903198532244148e-01,4.265363381400876785e-01,4.328901580652771419e-01,4.399861556262171236e-01,4.475615386398569817e-01,4.547123020179632547e-01,4.606228835876273187e-01,4.652218545042967057e-01,4.689003037164181098e-01,4.720443547965564313e-01,4.748892038079527977e-01,4.775508886903844230e-01,4.800795674941065183e-01,4.824938382374487356e-01,4.847983739241004675e-01,4.869922038789639140e-01,4.890724172211604603e-01,4.910357422590775900e-01,4.928791663107372489e-01,4.946001324693675150e-01,4.961965572003096958e-01,4.976667779705638006e-01,4.990094779249164558e-01,5.002236051140119821e-01,5.013082878475190185e-01,5.022627340921844707e-01,5.030860778679350220e-01,5.037770595283624919e-01,5.043331033026344778e-01,5.047461077280765984e-01,5.048108732015722522e-01,5.048487867855856459e-01,5.048709141276203072e-01,5.048188443048073903e-01,5.047359936900637223e-01,5.046178524144339095e-01,5.041857515480051566e-01,5.036124329052181769e-01,5.029047044417527257e-01,5.020644902513644592e-01,5.010925564448673875e-01,4.999893120250372136e-01,4.987550730015387068e-01,4.973901763948702648e-01,4.958950420220345490e-01,4.942702112547235349e-01,4.925163680295709390e-01,4.906343323694578595e-01,4.886249977084031193e-01,4.864891491568935633e-01,4.842270317209717012e-01,4.818373978582410344e-01,4.793154763235480398e-01,4.766487222853758032e-01,4.738080995521889993e-01,4.707308953614284808e-01,4.672900570078390436e-01,4.632532115860404365e-01,4.582787464080844697e-01,4.520927372780256248e-01,4.449193980407399329e-01,4.376156621694239912e-01,4.309534868701138111e-01,4.250326901119079737e-01,4.195386262227467356e-01,4.141401250231221964e-01,4.086193585794715144e-01,4.028551587289773694e-01,3.967847827344386791e-01,3.903792259268415443e-01,3.836333229475852313e-01,3.765675335478750885e-01,3.692412520767187067e-01,3.617820427260150518e-01,3.544416692424435800e-01,3.477001224235394261e-01,3.424546318389275479e-01,3.403458480262601671e-01,3.442435577814310643e-01,3.586607974478395189e-01,3.889649665949587720e-01,4.368921884356444241e-01,4.927552985709571232e-01,5.366278780096200851e-01,5.555144690975614141e-01,5.523785912019399946e-01,5.369106776366099343e-01,5.167283843169844237e-01,4.958310517375434934e-01,4.758623350030682930e-01,4.573119319335393618e-01,4.401834718197620844e-01,4.243044792036923529e-01,4.094571546720150446e-01,3.954285898031947855e-01
9.765151515151515582e-01,4.022589233921297636e-01,4.173048391011960900e-01,4.333498998934907087e-01,4.506321440732627415e-01,4.693685857163517605e-01,4.896562966476903922e-01,5.112297116584307854e-01,5.329173955671558938e-01,5.515877383403625656e-01,5.607159420022111984e-01,5.504983140559985832e-01,5.142040489090148325e-01,4.594001383549558004e-01,4.059749507003529434e-01,3.683014980123796578e-01,3.479192530987023635e-01,3.400858583600978036e-01,3.398275199301813432e-01,3.437172539132118954e-01,3.497159401641619092e-01,3.566799913855598358e-01,3.639843804193303445e-01,3.712930543255852367e-01,3.784293251046511042e-01,3.853046080203387791e-01,3.918797512076789835e-01,3.981447193393556905e-01,4.041093684428931909e-01,4.098023142883783221e-01,4.152779008049314879e-01,4.206334984230715168e-01,4.260385157246067145e-01,4.317614234945157392e-01,4.381257464319657235e-01,4.452510407709885931e-01,4.526372713296687444e-01,4.592882469051803862e-01,4.645878763653820687e-01,4.686658438732418941e-01,4.719514982256404756e-01,4.747925303449915813e-01,4.773851291228594640e-01,4.798219854283296004e-01,4.821413931891070925e-01,4.843562283039821170e-01,4.864683983692044134e-01,4.884755397935818255e-01,4.903739818159854047e-01,4.921599882718080132e-01,4.938302242258939545e-01,4.953818832833637997e-01,4.968126735271484740e-01,4.981207501619751565e-01,4.993046316578542143e-01,5.003631107747380513e-01,5.012951554415716604e-01,5.020997733825875997e-01,5.027757600645021974e-01,5.033210415813492711e-01,5.037301257079616068e-01,5.039673236261317246e-01,5.038246384688610524e-01,5.038321109712503576e-01,5.037882615817321774e-01,5.038554142351916454e-01,5.035921325181003105e-01,5.031627284355708607e-01,5.025985321687757024e-01,5.019039792036957826e-01,5.010804977763461121e-01,5.001287585985447759e-01,4.990492353722078556e-01,4.978424036340780012e-01,4.965088324581215518e-01,4.950492368915244690e-01,4.934645091755197610e-01,4.917557256149793221e-01,4.899241072575914457e-01,4.879708831225133547e-01,4.858969480113108363e-01,4.837020918650803414e-01,4.813833414805741562e-01,4.789314753823233906e-01,4.763238393503073653e-01,4.735100064254650909e-01,4.703852568322761663e-01,4.667506787942225510e-01,4.622882734381434378e-01,4.566648154672836024e-01,4.499056820291861825e-01,4.427179516204284848e-01,4.360086332136658416e-01,4.301036459951900204e-01,4.247730613594180027e-01,4.196656116111131540e-01,4.145242477012871518e-01,4.091994649741897416e-01,4.036111185116731948e-01,3.977173183597043082e-01,3.914977439809513848e-01,3.849476792146663828e-01,3.780799159211986615e-01,3.709344231385685031e-01,3.635987979303506590e-01,3.562467741136397525e-01,3.492090103287869840e-01,3.431018976531279296e-01,3.390561339668620167e-01,3.390931789023803877e-01,3.466201133216829655e-01,3.666009828359686473e-01,4.038112274508705579e-01,4.568298298676916058e-01,5.114585812271106313e-01,5.478846628261154761e-01,5.584381023000167810e-01,5.496957351615769927e-01,5.313710181513675579e-01,5.099628589092615183e-01,4.886070138295315890e-01,4.684872326701228773e-01,4.498811237151095210e-01,4.327012285920260881e-01,4.167376990712401974e-01,4.017577204888220788e-01
9.803030303030304538e-01,4.093594107284780903e-01,4.254984530491788264e-01,4.428208073552584167e-01,4.615706340865734503e-01,4.819143788383545290e-01,5.037545995714118874e-01,5.263002167481337645e-01,5.471853493711885674e-01,5.610688230754776740e-01,5.588407335501761608e-01,5.314491437451441813e-01,4.807637440423926378e-01,4.241095677183148727e-01,3.795382174593452951e-01,3.527615263303223725e-01,3.404605397814250423e-01,3.374500009916887588e-01,3.397468677568068474e-01,3.448636848354393880e-01,3.513680650287651641e-01,3.584622720736308499e-01,3.657091390784937834e-01,3.728725995383616043e-01,3.798284465309115232e-01,3.865149703576037377e-01,3.929058343272084919e-01,3.989955757360897359e-01,4.047928007118111182e-01,4.103189917500919548e-01,4.156129166068617820e-01,4.207424837651477234e-01,4.258270114637075499e-01,4.310686973976026182e-01,4.367664125839325617e-01,4.432141123090846957e-01,4.503559817807918919e-01,4.574564313063684273e-01,4.635364220215944520e-01,4.682321029786302713e-01,4.718308103501514528e-01,4.747632946105359020e-01,4.773310426705167364e-01,4.796936214448043190e-01,4.819232868040257411e-01,4.840482474447876937e-01,4.860766047238607723e-01,4.880080087260166288e-01,4.898389969849724634e-01,4.915653289335558118e-01,4.931829411201941182e-01,4.946882845656637717e-01,4.960783943022807896e-01,4.973508497736724432e-01,4.985036958821018604e-01,4.995353521337410063e-01,5.004445143749248759e-01,5.012300333687829124e-01,5.018907143202915311e-01,5.024248444357054533e-01,5.028285681719483202e-01,5.030853141468732970e-01,5.029312606740551361e-01,5.029158763015585398e-01,5.028859030948362729e-01,5.029629251277624169e-01,5.026806622264120561e-01,5.022549315939810466e-01,5.016999414986669237e-01,5.010185878149374661e-01,5.002119104043770692e-01,4.992805106162669926e-01,4.982249396690539012e-01,4.970458442923166853e-01,4.957440377032731882e-01,4.943205403947781851e-01,4.927765975382460972e-01,4.911136583922950938e-01,4.893332768992380011e-01,4.874368454808936657e-01,4.854249799470442550e-01,4.832961813238205728e-01,4.810440093716308874e-01,4.786512314909075472e-01,4.760780336777001853e-01,4.732396233922064321e-01,4.699696226418715317e-01,4.659838327287565418e-01,4.609258010628707880e-01,4.546537495583916622e-01,4.476614855975118434e-01,4.408955317895318915e-01,4.349227822690251433e-01,4.296577569323846713e-01,4.247549673943462056e-01,4.199185739240720583e-01,4.149658101190134007e-01,4.097964540467567973e-01,4.043571234177211760e-01,3.986191007537476239e-01,3.925675007426006058e-01,3.861977919300861317e-01,3.795176236881043219e-01,3.725539815973348268e-01,3.653677911641989295e-01,3.580809162102812082e-01,3.509251469658883904e-01,3.443307784612662514e-01,3.390851244414115895e-01,3.366055911667346634e-01,3.393601769124110490e-01,3.513128800903825844e-01,3.776486475020095490e-01,4.217447333860431802e-01,4.780378255818883981e-01,5.286407764521925401e-01,5.562454615259531110e-01,5.588442587309129239e-01,5.453472978010777128e-01,5.247957956259712287e-01,5.025166438760414467e-01,4.808835281051789812e-01,4.607001982788352379e-01,4.420755754221382672e-01,4.248521804211128350e-01,4.087925032101456524e-01
9.840909090909091272e-01,4.172549183148510088e-01,4.346288166216017990e-01,4.533777522714415587e-01,4.737202221218757003e-01,4.956891980916720009e-01,5.187989242491298780e-01,5.413310592215847539e-01,5.590709021675597246e-01,5.640344789855401553e-01,5.461599576968508840e-01,5.022185679891415511e-01,4.448875931366028658e-01,3.941035490453144718e-01,3.603321495042545175e-01,3.427104358356619640e-01,3.362722916116310801e-01,3.365263042266015137e-01,3.404788475799179759e-01,3.463487957926572602e-01,3.531239208813464203e-01,3.602399873340140779e-01,3.673861576543965834e-01,3.743938655159771978e-01,3.811745246564518519e-01,3.876847214610115722e-01,3.939068198748885141e-01,3.998384121687152404e-01,4.054872098735002872e-01,4.108698950411961981e-01,4.160148702940917875e-01,4.209702235969515760e-01,4.258196178569135237e-01,4.307086437670527013e-01,4.358748063821030194e-01,4.416347445820961726e-01,4.482050581649031362e-01,4.553006830545229255e-01,4.620013204053361466e-01,4.674625849064849570e-01,4.715819798345552982e-01,4.747483584812366431e-01,4.773657706978053916e-01,4.796872218728577830e-01,4.818394577999056683e-01,4.838773711507978748e-01,4.858208110062929852e-01,4.876739964558456375e-01,4.894347903339214545e-01,4.910988990491266803e-01,4.926616823909169551e-01,4.941188710873187784e-01,4.954667980644034131e-01,4.967024218042002670e-01,4.978232675429449805e-01,4.988273404876227279e-01,4.997130297727836457e-01,5.004789988777432752e-01,5.011240268589068902e-01,5.016466737280107502e-01,5.020442341906338202e-01,5.023073205183947731e-01,5.021856629087486645e-01,5.021270840429066240e-01,5.021260686047219757e-01,5.021761295686785198e-01,5.018861607144953219e-01,5.014644727609002262e-01,5.009186838765014027e-01,5.002505498801114170e-01,4.994607799152541161e-01,4.985499204632051762e-01,4.975186093708474644e-01,4.963676742875572923e-01,4.950981818951407654e-01,4.937114620528415543e-01,4.922091005969318478e-01,4.905928693773501936e-01,4.888645225603348021e-01,4.870253116851272490e-01,4.850749169581864417e-01,4.830091769933366752e-01,4.808153716808336586e-01,4.784626508876324014e-01,4.758834838239014431e-01,4.729414910567056318e-01,4.693911002124835363e-01,4.648819737387820950e-01,4.591525385439177431e-01,4.524584246500118478e-01,4.456740083519100670e-01,4.395775689315195578e-01,4.342872188325733185e-01,4.295045706428592958e-01,4.249022160081257216e-01,4.202594397652382741e-01,4.154511303339829542e-01,4.104102674303428677e-01,4.051006776335352999e-01,3.995020352378598205e-01,3.936029347290863067e-01,3.873989271858248040e-01,3.808941755743917579e-01,3.741068376737292644e-01,3.670796966289574526e-01,3.598994583101913225e-01,3.527312658122916389e-01,3.458804603078114992e-01,3.399028944910414407e-01,3.357984741971997700e-01,3.353312273240757202e-01,3.414740985662790274e-01,3.587027049497781284e-01,3.919979994534011358e-01,4.423126056989361010e-01,4.993524986055952186e-01,5.433137188299744791e-01,5.614738140347800277e-01,5.569049442527878035e-01,5.395470021296826513e-01,5.173351923051322521e-01,4.944790551001944645e-01,4.727072169862355788e-01,4.525180943665099154e-01,4.338895672732053788e-01,4.166114787724222168e-01
9.878787878787880228e-01,4.260199142689086171e-01,4.447756471588455440e-01,4.650874570858663515e-01,4.870874167967526591e-01,5.105290930951641437e-01,5.342238480920472599e-01,5.549618084839382792e-01,5.660779329327276788e-01,5.575983572999489990e-01,5.224662967582529571e-01,4.674813605734312594e-01,4.119757777319835168e-01,3.709794089963154851e-01,3.471978152326467559e-01,3.365616458459664839e-01,3.342304568690016020e-01,3.366707001459119941e-01,3.416892755654722391e-01,3.480101949152257235e-01,3.549101801477071438e-01,3.619841151905739962e-01,3.690074688600922803e-01,3.758580790357710644e-01,3.824719879328259409e-01,3.888184590791887718e-01,3.948858540945734408e-01,4.006738193789776692e-01,4.061893901168770471e-01,4.114459386159884380e-01,4.164648711966018046e-01,4.212809568435635366e-01,4.259533481213004236e-01,4.305853172256261518e-01,4.353533749661185892e-01,4.405291169626567305e-01,4.464219693549529855e-01,4.531107695803145430e-01,4.600534814289241048e-01,4.662445576081047927e-01,4.710698522000215660e-01,4.746562216693415159e-01,4.774383369730100246e-01,4.797757636345011956e-01,4.818748194973070387e-01,4.838338912783664569e-01,4.856934771952438057e-01,4.874666479490756266e-01,4.891545424831241218e-01,4.907536552630588078e-01,4.922590985682326892e-01,4.936659829118502096e-01,4.949699415871884334e-01,4.961672774466314162e-01,4.972549514605377197e-01,4.982305117070744971e-01,4.990920039337254366e-01,4.998378741083298049e-01,5.004668462650884164e-01,5.009776993955709079e-01,5.013686257199391205e-01,5.016342897010375168e-01,5.017186004234818197e-01,5.014615253907239723e-01,5.016175128618730605e-01,5.014949714799961100e-01,5.012001128395042748e-01,5.007824867032509841e-01,5.002458302125716294e-01,4.995909445889752387e-01,4.988182305402669714e-01,4.979281838701663521e-01,4.969215337400357813e-01,4.957992948619203144e-01,4.945627909293004443e-01,4.932136532121474959e-01,4.917537710368258819e-01,4.901851371631225085e-01,4.885094691026461433e-01,4.867273632726440424e-01,4.848364869270964661e-01,4.828278084183771912e-01,4.806779082674036974e-01,4.783338573935340121e-01,4.756858525309435315e-01,4.725275618515439313e-01,4.685351192501065465e-01,4.633779410929992348e-01,4.570882201121683197e-01,4.503681633448897714e-01,4.441294032260902358e-01,4.387345458808886156e-01,4.339884415794209027e-01,4.295503037618760844e-01,4.251593036434738737e-01,4.206598066524354085e-01,4.159672324247697950e-01,4.110363570194355831e-01,4.058420939528074589e-01,4.003695484910776980e-01,3.946096047345601932e-01,3.885578683919812537e-01,3.822161187138183869e-01,3.755964186678704131e-01,3.687289916525587352e-01,3.616762685223413043e-01,3.545576414315437797e-01,3.475932089974643202e-01,3.411813280064868170e-01,3.360352500829740241e-01,3.334165958257027107e-01,3.354993572290727033e-01,3.457962956594299864e-01,3.691389751839891931e-01,4.096337243674843531e-01,4.646994312159125062e-01,5.194861754182100722e-01,5.547419334363834498e-01,5.635666412031966610e-01,5.528586358355737085e-01,5.324936092623046013e-01,5.091049903387283582e-01,4.859043091202880915e-01,4.640920095387347510e-01,4.439268997574193354e-01,4.252870945553817172e-01
9.916666666666666963e-01,4.357117263335841817e-01,4.559912825471400533e-01,4.779633473495690787e-01,5.015654008322669721e-01,5.260304971675174857e-01,5.490027579105501987e-01,5.651469202788901303e-01,5.653437016163624929e-01,5.402605300011867895e-01,4.907096746736064330e-01,4.328100604042778854e-01,3.849407685254416789e-01,3.542887542826768654e-01,3.386143332831376140e-01,3.330563520306001335e-01,3.335586578551925085e-01,3.374570381067442115e-01,3.431557892785351283e-01,3.497339598611188816e-01,3.566679270558607562e-01,3.636624872073472292e-01,3.705530834969089637e-01,3.772500344840418740e-01,3.837067156029926318e-01,3.899013213753378948e-01,3.958264061038411774e-01,4.014830024012928655e-01,4.068776087234392547e-01,4.120212549370144695e-01,4.169305354373597505e-01,4.216311859151491426e-01,4.261656656247412855e-01,4.306072833101424746e-01,4.350835715338576271e-01,4.398055041796541387e-01,4.450705894950245933e-01,4.511406604172465973e-01,4.578936959257111639e-01,4.645488670330898406e-01,4.701446858964385966e-01,4.743471324987693638e-01,4.774530043399655699e-01,4.798968909292470331e-01,4.819855103488516757e-01,4.838828605046717746e-01,4.856635401836117416e-01,4.873563631134441021e-01,4.889690127507373418e-01,4.905002440536656572e-01,4.919455449490494070e-01,4.932996388176348335e-01,4.945575192235812656e-01,4.957148211996694753e-01,4.967679036765620948e-01,4.977138152040817554e-01,4.985502201789554499e-01,4.992753168806967623e-01,4.998877510929224943e-01,5.003864922697944806e-01,5.007705112359762678e-01,5.010373354804573687e-01,5.011695375467718483e-01,5.008964854145510071e-01,5.010612625806908360e-01,5.008904529854869558e-01,5.005913266201005296e-01,5.001775380440723895e-01,4.996499006946941157e-01,4.990083169894801163e-01,4.982528725539245862e-01,4.973840064867202093e-01,4.964025384475665992e-01,4.953096706926693460e-01,4.941069777532040574e-01,4.927963648214467307e-01,4.913799476415002254e-01,4.898597573929439064e-01,4.882370756312796045e-01,4.865110046934581489e-01,4.846754777528282099e-01,4.827131368349201201e-01,4.805831649168479935e-01,4.781985772239238930e-01,4.753900203630223031e-01,4.718716733041784517e-01,4.672885911274659576e-01,4.614938310316515357e-01,4.549536838845029130e-01,4.485994552231771793e-01,4.430408966033517193e-01,4.382499171913227243e-01,4.339052776676071144e-01,4.297093137135912788e-01,4.254705540262381791e-01,4.210818881415383519e-01,4.164860733462846243e-01,4.116521178503197431e-01,4.065621529098415454e-01,4.012048686848957435e-01,3.955727018769213399e-01,3.896613148737693155e-01,3.834708460847836564e-01,3.770090906810586451e-01,3.702974318291122335e-01,3.633812401922048019e-01,3.563479316324811852e-01,3.493584543732980996e-01,3.427025275627265666e-01,3.368956241383357919e-01,3.328468435074492526e-01,3.321353682087644921e-01,3.374046819975827782e-01,3.526920121634170013e-01,3.828617748580341318e-01,4.302201749230790684e-01,4.877373009927548075e-01,5.372002059625173853e-01,5.625043897644542712e-01,5.626973029369624069e-01,5.469652877196481411e-01,5.243536899448784094e-01,5.001800771450535255e-01,4.768068137021861941e-01,4.550134273015482012e-01,4.348743331085406782e-01
9.954545454545455918e-01,4.464009209840968939e-01,4.683227026206205346e-01,4.919692162581959516e-01,5.169017788625727139e-01,5.414638652441843281e-01,5.615449401965321163e-01,5.693089563900900485e-01,5.546132417852481789e-01,5.131886736330517618e-01,4.559048166785693579e-01,4.022944816919138411e-01,3.643554702120798683e-01,3.427866473938582237e-01,3.332620461514861909e-01,3.313113956474774691e-01,3.337578177162067727e-01,3.386257914916191991e-01,3.447509765642934876e-01,3.514614772510152307e-01,3.583730250263949535e-01,3.652674781675644966e-01,3.720226519389497888e-01,3.785719834273589268e-01,3.848812451288036729e-01,3.909350172773076726e-01,3.967288203769798183e-01,4.022646220548821705e-01,4.075484784696591922e-01,4.125897186342009082e-01,4.174015600692178585e-01,4.220035259346652801e-01,4.264266717272975349e-01,4.307235240464368786e-01,4.349854963680334641e-01,4.393691457233018793e-01,4.441204471241152474e-01,4.495438458279849003e-01,4.557978922124729104e-01,4.625117028867269942e-01,4.687396995539738209e-01,4.736911048348620978e-01,4.773085195543520509e-01,4.799898848503727500e-01,4.821377364911187957e-01,4.840047330292724936e-01,4.857181833234331947e-01,4.873332136978613116e-01,4.888693323631784216e-01,4.903300284481738602e-01,4.917122665729474762e-01,4.930108382867727235e-01,4.942202576308307727e-01,4.953355226198716266e-01,4.963523689604332212e-01,4.972673083180579323e-01,4.980775866626988013e-01,4.987811254777470005e-01,4.993764748367729434e-01,4.998627878948822545e-01,5.002397877063687881e-01,5.005074481985781754e-01,5.006620480871759593e-01,5.004421751128366180e-01,5.005511659294361593e-01,5.003536686998009131e-01,5.000497659641628401e-01,4.996393562899704155e-01,4.991205558720858693e-01,4.984923257395360019e-01,4.977544016660423454e-01,4.969071481060431950e-01,4.959514664417398189e-01,4.948887374368019509e-01,4.937207638018620282e-01,4.924496650990743407e-01,4.910776426791036986e-01,4.896064568231615066e-01,4.880363020195991886e-01,4.863634502649671343e-01,4.845754129828066525e-01,4.826412532063709127e-01,4.804930997306630092e-01,4.779946821622309550e-01,4.749027250789601418e-01,4.708714060282451763e-01,4.656328267758378381e-01,4.594013561907165366e-01,4.530061503341852869e-01,4.472551670751028774e-01,4.423439148684324418e-01,4.380199014937837809e-01,4.339610766148343513e-01,4.299366870897830539e-01,4.258115636562174178e-01,4.215125117083116102e-01,4.170004515665022282e-01,4.122537255401238498e-01,4.072592303148634407e-01,4.020080725593520588e-01,3.964937744303461686e-01,3.907120662981862780e-01,3.846619525946284868e-01,3.783482035100543261e-01,3.717858875117856510e-01,3.650081914938689276e-01,3.580798059984518500e-01,3.511199491715791265e-01,3.443422766860202433e-01,3.381244066594193964e-01,3.331285135615836279e-01,3.305050686176627117e-01,3.322109358820832803e-01,3.414015236543785359e-01,3.625332133019351089e-01,3.999541981143275304e-01,4.530676406968037195e-01,5.100549437388116614e-01,5.515104681398670383e-01,5.665112908512205392e-01,5.591663995029325651e-01,5.394937841046043570e-01,5.152777934720300657e-01,4.906219689231101633e-01,4.671925289517754321e-01,4.454409592984885924e-01
9.992424242424242653e-01,4.581809931358562515e-01,4.818070371909202176e-01,5.069863913814787182e-01,5.326184591114635491e-01,5.556528284105870519e-01,5.696886953922986052e-01,5.649158164365188917e-01,5.335240460833345910e-01,4.801964657279921833e-01,4.228729587901380871e-01,3.777381934705292266e-01,3.495007757563587947e-01,3.351886657331373809e-01,3.301715647583861046e-01,3.307591199671237048e-01,3.345376911879348047e-01,3.400471142271300762e-01,3.464311070930010672e-01,3.531934826429560803e-01,3.600484453682820107e-01,3.668326925941878258e-01,3.734544430223721290e-01,3.798638406711596360e-01,3.860356531688651782e-01,3.919590864350130377e-01,3.976317807639843660e-01,4.030563313964229955e-01,4.082384206694837370e-01,4.131861133086918159e-01,4.179102099245196045e-01,4.224258941234055875e-01,4.267563595817865374e-01,4.309397847263101156e-01,4.350419049343388078e-01,4.391767391831625234e-01,4.435337857838619335e-01,4.483887970903511766e-01,4.540196462287884316e-01,4.604167939654226216e-01,4.669499127183264209e-01,4.726302362759894904e-01,4.769280456816615277e-01,4.800148995620546755e-01,4.823269186758062932e-01,4.842163565211476395e-01,4.858852609634426445e-01,4.874302148392380407e-01,4.888907432129652730e-01,4.902790856178660950e-01,4.915955457357029101e-01,4.928358020800054362e-01,4.939942189654878968e-01,4.950652650761342977e-01,4.960440649387414247e-01,4.969265692766892117e-01,4.977095736771846579e-01,4.983906971957265397e-01,4.989683841760871319e-01,4.994419870693688757e-01,4.998120345200490755e-01,5.000809825137316755e-01,5.002556359669051433e-01,5.002280536760582708e-01,5.001454487213460309e-01,4.999211996081765474e-01,4.996110906225352810e-01,4.992033165571851394e-01,4.986930488355082458e-01,4.980781697407565267e-01,4.973579984486436456e-01,4.965327912413374789e-01,4.956035102361427969e-01,4.945716898106229942e-01,4.934393108662200045e-01,4.922085959685182921e-01,4.908815904647803596e-01,4.894592770023288852e-01,4.879397253768381626e-01,4.863142916720714082e-01,4.845599710210654054e-01,4.826245752180893800e-01,4.804003205723362258e-01,4.776860406086494426e-01,4.741664307231213127e-01,4.695101414967026154e-01,4.637070922924417249e-01,4.573862013300988294e-01,4.514552435783935613e-01,4.463616982830163060e-01,4.419837966955822983e-01,4.380008361515579374e-01,4.341435902130773572e-01,4.302434304082324301e-01,4.262064969449004259e-01,4.219826445278219706e-01,4.175448319680851172e-01,4.128775795973194107e-01,4.079709782269136387e-01,4.028177973546424040e-01,3.974123402372530256e-01,3.917504163615160850e-01,3.858302454367821821e-01,3.796544313674846127e-01,3.732334731011305862e-01,3.665917307810565018e-01,3.597774975020898713e-01,3.528800919462583563e-01,3.460591149015905810e-01,3.395948996972399381e-01,3.339756523272116029e-01,3.300461511633009382e-01,3.292505232739832977e-01,3.339818893161417557e-01,3.479100498732193292e-01,3.756611936015330500e-01,4.202564471265953783e-01,4.771263974808146457e-01,5.302681392895981505e-01,5.618082970835718282e-01,5.669529402515478544e-01,5.533518023794162799e-01,5.307162824155791103e-01,5.054143382222263670e-01,4.804972007233088704e-01,4.570771007164828870e-01
1.003030303030303161e+00,4.710708622544996782e-01,4.963495148893267150e-01,5.226507987837416547e-01,5.478011767854786829e-01,5.667960851261962807e-01,5.708925530483150990e-01,5.504432948782173041e-01,5.042526759164581707e-01,4.460910425291995107e-01,3.945938292382889512e-01,3.591530842994197781e-01,3.391985716035566534e-01,3.304021134918176394e-01,3.286365016010014406e-01,3.310055417444300874e-01,3.356963937211729920e-01,3.416255306772649769e-01,3.481567439770435479e-01,3.549190186218055265e-01,3.616970948012716014e-01,3.683672754150575934e-01,3.748599209052305148e-01,3.811374236892031142e-01,3.871811672014375816e-01,3.929837494590982527e-01,3.985443398782312352e-01,4.038659511672236246e-01,4.089539446257947630e-01,4.138154250168982751e-01,4.184594294294980976e-01,4.228980590236512405e-01,4.271490227383046290e-01,4.312405500181138440e-01,4.352203684849837440e-01,4.391711897649458463e-01,4.432342558098138485e-01,4.476334806206102579e-01,4.526597202416048349e-01,4.585145087155229615e-01,4.649610869475840347e-01,4.711547607948070038e-01,4.762043628940260120e-01,4.798743454106980111e-01,4.824931696600742170e-01,4.844869544430961406e-01,4.861505723780639721e-01,4.876414375550951474e-01,4.890311039897679568e-01,4.903468387728191491e-01,4.915953205355935718e-01,4.927745111603982209e-01,4.938792321255753293e-01,4.949036609375861984e-01,4.958423830741290339e-01,4.966907912421011928e-01,4.974452110636900515e-01,4.981029413044533727e-01,4.986623213803875188e-01,4.991229451420842733e-01,4.994862851574429219e-01,4.997577108321472061e-01,4.999563815304894354e-01,5.003126960647412691e-01,4.998512748046236576e-01,4.995932135181106459e-01,4.992744813715075392e-01,4.988682822030626185e-01,4.983661235485755125e-01,4.977645607877265732e-01,4.970623897328906859e-01,4.962597037367690866e-01,4.953574862064452078e-01,4.943573750096717512e-01,4.932614358075068650e-01,4.920718016794059513e-01,4.907899648461144237e-01,4.894153230858725445e-01,4.879422051673557026e-01,4.863538751113046787e-01,4.846107886022760769e-01,4.826289853782764205e-01,4.802459864330215766e-01,4.771879462900888158e-01,4.731072682032118060e-01,4.678248567590476692e-01,4.617183073938197491e-01,4.556686108914965172e-01,4.503555953798232259e-01,4.458515513208444747e-01,4.418791388768068540e-01,4.381391605647062537e-01,4.344254925634343789e-01,4.306183674418996299e-01,4.266528672003681577e-01,4.224943554899115994e-01,4.181238074991126541e-01,4.135298770422449754e-01,4.087048305562892003e-01,4.036426052152345956e-01,3.983380815102132710e-01,3.927871556212059745e-01,3.869875044370356121e-01,3.809401655732572167e-01,3.746522907726411167e-01,3.681417586852694934e-01,3.614448600165216519e-01,3.546291707903607149e-01,3.478153056827191225e-01,3.412140035591777476e-01,3.351896973951914993e-01,3.303690828307110916e-01,3.278221885957033344e-01,3.293436181238896809e-01,3.378079102169414538e-01,3.573254484114868346e-01,3.922365886692374959e-01,4.431949984093783712e-01,5.009789732869297518e-01,5.471109923330040870e-01,5.678150900541036883e-01,5.641380287977663111e-01,5.455817506793664284e-01,5.208163436209353181e-01,4.948285102606840846e-01,4.697980023546010075e-01
1.006818181818181834e+00,4.850407197751556709e-01,5.117313213075770362e-01,5.383334428338134581e-01,5.610877344201782302e-01,5.726725011807045629e-01,5.630793613014659638e-01,5.265211370616078579e-01,4.709339538037138340e-01,4.148083772133279168e-01,3.720742181613007071e-01,3.456763334128161724e-01,3.323035883448918204e-01,3.275951954393820365e-01,3.281621197231107678e-01,3.317828985433570188e-01,3.370975996941960040e-01,3.432959878873425019e-01,3.499000847216264254e-01,3.566291253914701254e-01,3.633190910493552250e-01,3.698753149950399499e-01,3.762445215544962807e-01,3.823982102210168876e-01,3.883226963642867902e-01,3.940130965820581865e-01,3.994696940845266497e-01,4.046957755252583722e-01,4.096964240250811629e-01,4.144780000438693102e-01,4.190482286204287310e-01,4.234169844505429880e-01,4.275980932127199652e-01,4.316128215687082825e-01,4.354962844500449570e-01,4.393087488420006625e-01,4.431541338471908231e-01,4.472048610547092462e-01,4.517158805982009473e-01,4.569652212327514063e-01,4.630157931337805510e-01,4.693726137319990110e-01,4.750792101472476880e-01,4.794623415400984245e-01,4.825559088006040609e-01,4.847702455224931484e-01,4.864909047541495779e-01,4.879561413452033758e-01,4.892857277383743653e-01,4.905313027677156157e-01,4.917106752223837640e-01,4.928263616786465739e-01,4.938746742919306043e-01,4.948499405456883160e-01,4.957463735013625250e-01,4.965588537595986285e-01,4.972832371155142539e-01,4.979164956143623533e-01,4.984568783980281026e-01,4.989042953660661750e-01,4.992614064259244255e-01,4.995374201827587624e-01,4.997714803069031597e-01,5.001694050573203265e-01,4.996786256914328428e-01,4.993701356783089573e-01,4.990390529184374757e-01,4.986329516100723724e-01,4.981383080698807975e-01,4.975499562995723823e-01,4.968660105893521473e-01,4.960863193447108688e-01,4.952118231515819091e-01,4.942441779730086804e-01,4.931853784577060473e-01,4.920371578055639517e-01,4.907998308238497032e-01,4.894699652718743632e-01,4.880357013784618059e-01,4.864675298133149250e-01,4.847009438250852176e-01,4.826071979379308319e-01,4.799569659857989556e-01,4.764191520138770231e-01,4.717100245903037559e-01,4.659578525580823083e-01,4.598968621435570725e-01,4.543641470596757048e-01,4.496709556443858613e-01,4.456403643834414563e-01,4.419634086672878381e-01,4.383958347850276382e-01,4.347867218975274284e-01,4.310519970344983687e-01,4.271466201977804356e-01,4.230463914807318093e-01,4.187376700696914256e-01,4.142119127773086218e-01,4.094628913512431412e-01,4.044853805164501659e-01,3.992746989035649285e-01,3.938268325975799455e-01,3.881390834621916697e-01,3.822113452904772890e-01,3.760482875122997948e-01,3.696629651200866729e-01,3.630827593358175176e-01,3.563592013347132714e-01,3.495843686416291174e-01,3.429185076799893817e-01,3.366369207706197408e-01,3.312097043822709863e-01,3.274358268312922426e-01,3.266595571455520042e-01,3.310821264103201989e-01,3.440712258053917894e-01,3.699788772573023299e-01,4.121526347750334440e-01,4.677697645989624120e-01,5.230859918845128798e-01,5.597178939856305435e-01,5.696543353669932808e-01,5.585184601405981386e-01,5.361975962885493496e-01,5.099638439833993342e-01,4.835699457836857840e-01
1.010606060606060730e+00,4.999492266549628305e-01,5.275064529631354748e-01,5.530020017802348420e-01,5.706068947642207734e-01,5.709988354713171343e-01,5.455481842656192404e-01,4.959985962018992334e-01,4.378942537919053302e-01,3.884542548691254926e-01,3.550056695888670344e-01,3.362150176652852762e-01,3.278768272525858229e-01,3.261650896699820334e-01,3.284050445111301730e-01,3.329068262212118157e-01,3.386458678163979941e-01,3.450105676633218321e-01,3.516378047683212382e-01,3.583127196108979451e-01,3.649090390224664637e-01,3.713536729902476297e-01,3.776056053665267087e-01,3.836431991699620347e-01,3.894564918015679944e-01,3.950424917729859486e-01,4.004023008690503205e-01,4.055393820844486741e-01,4.104585748962857883e-01,4.151656529811827423e-01,4.196673485074453036e-01,4.239718997790555832e-01,4.280903423311092082e-01,4.320390130783024474e-01,4.358441467542893411e-01,4.395500639345009120e-01,4.432330942406243479e-01,4.470227368122194345e-01,4.511245463817343815e-01,4.558129630568651391e-01,4.613094866475731526e-01,4.674752622663183033e-01,4.735762863913119958e-01,4.786833141256344737e-01,4.824087678526534084e-01,4.849914131455483890e-01,4.868608045782376048e-01,4.883468428056368937e-01,4.896364717770452235e-01,4.908187552888712557e-01,4.919297960234169098e-01,4.929802388419483594e-01,4.939695754831238128e-01,4.948930436073784578e-01,4.957448027720720574e-01,4.965193391255973143e-01,4.972120731628863477e-01,4.978196635534388736e-01,4.983403046386005175e-01,4.987743418262727824e-01,4.991260140461867834e-01,4.994100904837266985e-01,4.997115711784124170e-01,5.000882689564907224e-01,4.996463925517852234e-01,4.992429418710664368e-01,4.988937810075962931e-01,4.984857408845392301e-01,4.979978027031248811e-01,4.974224706570671839e-01,4.967569480836781515e-01,4.960007183305502054e-01,4.951545790935410474e-01,4.942200663400709293e-01,4.931988545419297432e-01,4.920917909107545563e-01,4.908970530840952029e-01,4.896064974496470157e-01,4.881984607019653755e-01,4.866240222588898434e-01,4.847827846411206787e-01,4.824880160729145828e-01,4.794440598021712518e-01,4.753206360210726622e-01,4.700398397703507980e-01,4.641079985743782887e-01,4.584020280362607891e-01,4.534764842593007050e-01,4.493187302277693584e-01,4.456454246087183102e-01,4.421799601709205385e-01,4.387360179953187500e-01,4.352054680144786802e-01,4.315294285528436524e-01,4.276764266560122429e-01,4.236293208648673758e-01,4.193781227887883323e-01,4.149162144043449518e-01,4.102384266733947182e-01,4.053401459529795137e-01,4.002170305233236358e-01,3.948651572912133534e-01,3.892815694679936378e-01,3.834653177702532223e-01,3.774192093054981045e-01,3.711526652048832142e-01,3.646863634167454848e-01,3.580598330921733186e-01,3.513439711555387812e-01,3.446618773061881358e-01,3.382238452970603992e-01,3.323864358654583517e-01,3.277518601307985446e-01,3.253314439951707771e-01,3.267971651594330784e-01,3.348021788516450936e-01,3.531539817804862369e-01,3.860634593856251962e-01,4.349329791006447121e-01,4.925939586606096210e-01,5.420029048354179091e-01,5.676526586867034485e-01,5.676709428032696847e-01,5.505286748588088530e-01,5.254547512806113652e-01,4.982478041481795961e-01
1.014393939393939403e+00,5.154725209084123350e-01,5.429008413019608126e-01,5.651462239840004953e-01,5.741657404106697005e-01,5.601902037210884089e-01,5.196324609459817001e-01,4.628991339655317838e-01,4.082171187542031898e-01,3.675001161721909715e-01,3.424838682666844214e-01,3.297440262233604091e-01,3.251848489411788279e-01,3.256630355337737925e-01,3.291057055749799787e-01,3.342277782246235729e-01,3.402518573578404149e-01,3.467116783893410270e-01,3.533284473596726150e-01,3.599360719293639432e-01,3.664364672223137109e-01,3.727728014729013162e-01,3.789133657513678588e-01,3.848417597085856956e-01,3.905508679064306210e-01,3.960391350720247061e-01,4.013082708390297015e-01,4.063618459469399702e-01,4.112044871926922029e-01,4.158414982705402330e-01,4.202788461425330802e-01,4.245235464264639491e-01,4.285845989227567432e-01,4.324748041159220957e-01,4.362140873838043498e-01,4.398354336090953831e-01,4.433951729410942622e-01,4.469896468760412578e-01,4.507777886459344852e-01,4.549960981149189787e-01,4.599150221998164478e-01,4.656416909133459514e-01,4.717916798569863901e-01,4.774714480811315109e-01,4.819158641763765516e-01,4.850267143902913247e-01,4.871680688883580079e-01,4.887451852926039675e-01,4.900285723041397090e-01,4.911612324809450647e-01,4.922078175165013891e-01,4.931925255957755327e-01,4.941206914825896357e-01,4.949897091353262502e-01,4.957942395469186470e-01,4.965286052939394956e-01,4.971878813090376270e-01,4.977684575374909937e-01,4.982685394113878230e-01,4.986890906446906913e-01,4.990365461923887413e-01,4.993344735490468089e-01,4.998936864856108886e-01,5.000396526620888293e-01,4.998936925522544095e-01,4.991720355857091063e-01,4.987956482226090782e-01,4.983828600664117481e-01,4.979005514716018932e-01,4.973379563025248085e-01,4.966910366561652634e-01,4.959587380515906307e-01,4.951415643661051802e-01,4.942407173098254947e-01,4.932571660420811965e-01,4.921901302577146864e-01,4.910342076481539197e-01,4.897737672270666698e-01,4.883721740019001389e-01,4.867522057881074060e-01,4.847651223708332457e-01,4.821587954419991329e-01,4.786001246838598733e-01,4.738687015953059745e-01,4.682168636151006202e-01,4.624329896910855386e-01,4.572644703851496684e-01,4.529168125163588465e-01,4.491833966021753777e-01,4.457712528693272280e-01,4.424571739245351520e-01,4.391039697266279629e-01,4.356348543563860476e-01,4.320084666105467597e-01,4.282026050194409073e-01,4.242049396043118814e-01,4.200079867870142869e-01,4.156064682212331496e-01,4.109959719028374869e-01,4.061723402670381344e-01,4.011315000015677201e-01,3.958696155324075150e-01,3.903835545659466999e-01,3.846717397839464758e-01,3.787355664763501495e-01,3.725816811128264683e-01,3.662256562977916907e-01,3.596979238466492257e-01,3.530534434577082825e-01,3.463876095832151836e-01,3.398626703661229431e-01,3.337519277298431897e-01,3.285138025147145147e-01,3.249145667959546513e-01,3.242239075532606929e-01,3.284947548722940147e-01,3.408487244556447915e-01,3.653698578911551142e-01,4.055098730136592056e-01,4.596404865027630682e-01,5.160307097756491324e-01,5.565900743845924037e-01,5.708735082914279113e-01,5.623093158316117002e-01,5.405276819775965969e-01,5.135047804809264038e-01
1.018181818181818299e+00,5.311211579321335474e-01,5.568114814260001211e-01,5.728998166279808402e-01,5.698109152333298288e-01,5.402503360550500178e-01,4.885065692581383456e-01,4.310072088985142380e-01,3.834297916484663005e-01,3.515422757589034553e-01,3.335779289277241433e-01,3.255070304890592681e-01,3.237611281392814844e-01,3.258410091489442051e-01,3.301506745434119039e-01,3.357087784428592347e-01,3.419204082790699428e-01,3.484265325611335395e-01,3.550109550001211978e-01,3.615441003442624313e-01,3.679491872465965874e-01,3.741817774678504738e-01,3.802173080240032754e-01,3.860434186738782025e-01,3.916551899765566280e-01,3.970521736911240551e-01,4.022365303339675013e-01,4.072118953266011254e-01,4.119827098799816456e-01,4.165538970474886304e-01,4.209308269697401572e-01,4.251195896814945474e-01,4.291276806812727163e-01,4.329653337947085290e-01,4.366479490918035444e-01,4.402004170828370810e-01,4.436646723956963467e-01,4.471123559279182036e-01,4.506639393054959752e-01,4.545099455940125321e-01,4.589084266716206284e-01,4.640873101926062949e-01,4.699760465979782587e-01,4.759436526443426296e-01,4.810651423698983353e-01,4.848353176961986422e-01,4.873963128091258201e-01,4.891638533275874390e-01,4.904941136865056950e-01,4.916014767036027133e-01,4.925928054249430477e-01,4.935137736774010686e-01,4.943796455336996742e-01,4.951919569703439050e-01,4.959467954095109210e-01,4.966387335540587977e-01,4.972626825910669290e-01,4.978148612893077973e-01,4.982936004996521007e-01,4.987007613728789424e-01,4.990459629626542437e-01,4.993682396072163243e-01,4.999771801445682118e-01,5.000803489244161071e-01,4.999771865293923812e-01,4.992180365018772381e-01,4.987983311212644266e-01,4.983767314708531515e-01,4.978985003066764281e-01,4.973481070034274643e-01,4.967197903737285425e-01,4.960117073182642167e-01,4.952238401619213914e-01,4.943567265893202278e-01,4.934100411631528460e-01,4.923802573144360206e-01,4.912562546475047753e-01,4.900109102402884775e-01,4.885855299622877124e-01,4.868637081618670814e-01,4.846376903410717363e-01,4.815994914334389421e-01,4.774509554313668969e-01,4.722149568788047147e-01,4.664883620540076214e-01,4.611099810913560915e-01,4.565252197924412059e-01,4.526656374696149121e-01,4.492519098664953248e-01,4.460279046409042492e-01,4.428231127194072192e-01,4.395382529705998964e-01,4.361188704345315692e-01,4.325357275194711137e-01,4.287729831062961350e-01,4.248216109114031358e-01,4.206758599414589517e-01,4.163313932203451251e-01,4.117843461413911443e-01,4.070309054734548848e-01,4.020672129694560781e-01,3.968895152665331549e-01,3.914945593350915853e-01,3.858803001830236057e-01,3.800470463117012754e-01,3.739993082423149762e-01,3.677487268162217271e-01,3.613187602307296742e-01,3.547522367273089894e-01,3.481236393624243530e-01,3.415592826109762337e-01,3.352707346019567214e-01,3.296104462732896145e-01,3.251639917750079323e-01,3.228996378669274359e-01,3.243957649937098675e-01,3.321301303571188579e-01,3.496517380256738972e-01,3.809912011222002515e-01,4.279731330746125995e-01,4.849760914340570661e-01,5.365067724712552222e-01,5.662096939737325529e-01,5.696925902040334000e-01,5.540849037544891553e-01,5.288500365660413483e-01
1.021969696969696972e+00,5.460290533122261758e-01,5.676593514263542639e-01,5.742080905750490682e-01,5.564872653072846509e-01,5.130377447343624775e-01,4.559696109897949934e-01,4.027899810966528715e-01,3.637362210824260367e-01,3.397459913338803927e-01,3.274142559755008342e-01,3.228918556303766452e-01,3.232365923382618522e-01,3.264914861547028591e-01,3.314275403864714864e-01,3.372904185528866061e-01,3.436207303165590976e-01,3.501393601105792230e-01,3.566771234086728581e-01,3.631321223616231220e-01,3.694438712489239718e-01,3.755774914378205986e-01,3.815139697466812252e-01,3.872440980483269901e-01,3.927646744734573647e-01,3.980761032509781971e-01,4.031808927490593830e-01,4.080827110723589390e-01,4.127858379766652375e-01,4.172948856400676698e-01,4.216147529759302626e-01,4.257508200046640212e-01,4.297094559211475651e-01,4.334990084846738201e-01,4.371315964065761173e-01,4.406262852618395010e-01,4.440146411036570151e-01,4.473502002331016802e-01,4.507236246370285859e-01,4.542832043026206468e-01,4.582495454492629960e-01,4.628819604234856722e-01,4.683125108167110473e-01,4.742420163003270295e-01,4.798509699727748767e-01,4.843257340838911240e-01,4.874530052139539604e-01,4.895380807119752986e-01,4.909926373480089090e-01,4.921138921501713726e-01,4.930670109959359726e-01,4.939300415803122291e-01,4.947342044114859672e-01,4.954882308755638176e-01,4.961911095466357002e-01,4.968383532893030363e-01,4.974250320121591518e-01,4.979473711833459770e-01,4.984040126963095729e-01,4.987981387243295428e-01,4.991441823606934114e-01,4.995132788148466396e-01,5.001158093326308895e-01,5.002007036810838247e-01,5.001158159126242175e-01,4.993896050238631479e-01,4.988929144889125977e-01,4.984565419756358251e-01,4.979802299626262529e-01,4.974412209299133303e-01,4.968313215396373828e-01,4.961475395238609254e-01,4.953889999075525297e-01,4.945550825366519243e-01,4.936432881955791219e-01,4.926456960931019369e-01,4.915423839908034109e-01,4.902891804390260844e-01,4.887962714395397423e-01,4.868968665371117832e-01,4.843224390621731490e-01,4.807501798227419298e-01,4.760301563606464947e-01,4.705158637872213778e-01,4.650103965401454764e-01,4.601698625101519058e-01,4.561217997045450279e-01,4.526462101324750242e-01,4.494670668966156413e-01,4.463785945549318401e-01,4.432542580944731081e-01,4.400226994783628109e-01,4.366451813256239101e-01,4.331008637357434132e-01,4.293782960091602208e-01,4.254707385173497336e-01,4.213736491769090597e-01,4.170833589919771267e-01,4.125964038241323184e-01,4.079092337556753933e-01,4.030181642829811506e-01,3.979195174767650167e-01,3.926099607766128097e-01,3.870870873589906669e-01,3.813503701441194327e-01,3.754026522258167575e-01,3.692525124662832114e-01,3.629180019201195817e-01,3.564326049158323406e-01,3.498548296851278772e-01,3.432837881241049827e-01,3.368847379062830383e-01,3.309312432680182603e-01,3.258748366846524469e-01,3.224587967793058341e-01,3.218969075255386225e-01,3.261264507507012911e-01,3.380678698321307185e-01,3.615568554271445523e-01,4.000195035758067896e-01,4.526137588952250379e-01,5.092789755774519422e-01,5.526640733307404130e-01,5.706540689045374037e-01,5.645606875247564105e-01,5.434199883340121717e-01
1.025757575757575868e+00,5.589766412356158565e-01,5.735855733430369474e-01,5.674487499165615789e-01,5.347427720969528675e-01,4.817851845028086055e-01,4.252347979200411521e-01,3.793047870064510385e-01,3.486316721900881710e-01,3.312388600899690005e-01,3.232956608972787915e-01,3.214540824350792247e-01,3.233554427845592438e-01,3.274756959047481764e-01,3.328647847703289919e-01,3.389383937468244956e-01,3.453386004115160390e-01,3.518464838551846330e-01,3.583285758410604260e-01,3.647042028393640556e-01,3.709254886252620897e-01,3.769650117997875305e-01,3.828081169829422592e-01,3.884480847979860374e-01,3.938830651664440574e-01,3.991141372892962891e-01,4.041440704103638759e-01,4.089765519494718560e-01,4.136157201659504401e-01,4.180659315935489340e-01,4.223317092549876972e-01,4.264178820341066323e-01,4.303299654682773423e-01,4.340749047191685417e-01,4.376624125282004285e-01,4.411073237636420896e-01,4.444336996850454247e-01,4.476818753730685274e-01,4.509200979531666764e-01,4.542619148985374000e-01,4.578855928271204911e-01,4.620338127577290899e-01,4.669327254628040103e-01,4.725571283014788349e-01,4.783641966339132745e-01,4.834592588506070876e-01,4.872548882681982385e-01,4.898000086953194776e-01,4.914831476238146202e-01,4.926771704002644858e-01,4.936204528294645955e-01,4.944371700271392167e-01,4.951829877777972344e-01,4.958783754791731280e-01,4.965274982610711763e-01,4.971279110079979136e-01,4.976753770772566754e-01,4.981664276763385080e-01,4.986003074241028843e-01,4.989821675059608608e-01,4.993340888286597612e-01,4.998366982238410250e-01,5.003284500249561839e-01,5.004019531678671751e-01,5.003284567510267733e-01,4.997849390316495000e-01,4.990841147489870067e-01,4.986238132618709962e-01,4.981463759435095229e-01,4.976175210981304553e-01,4.970255618014955412e-01,4.963658381943018560e-01,4.956361288083395711e-01,4.948339285261274534e-01,4.939532761442519959e-01,4.929794793613259118e-01,4.918794959086701946e-01,4.905847813804869451e-01,4.889640566741612071e-01,4.867927812066608073e-01,4.837600515497443854e-01,4.796097465839913587e-01,4.744559740462420128e-01,4.689505765496086998e-01,4.638766943076705340e-01,4.595908018926024852e-01,4.559900182128289181e-01,4.528043147699866711e-01,4.497954838796934807e-01,4.468055868764851946e-01,4.437420473920550834e-01,4.405536115763191152e-01,4.372125663981541455e-01,4.337039130919563279e-01,4.300192525460913018e-01,4.261534397224110426e-01,4.221027824143736007e-01,4.178640895278438738e-01,4.134341927740878830e-01,4.088097455943013880e-01,4.039872046834598884e-01,3.989629615024968268e-01,3.937336247600208283e-01,3.882965149301545460e-01,3.826504442695131125e-01,3.767969462189283414e-01,3.707421864328169225e-01,3.644999771720612292e-01,3.580965244278721538e-01,3.515779913669735413e-01,3.450226546706954833e-01,3.385606280091740250e-01,3.324061206691675818e-01,3.269104156620908919e-01,3.226484832066387476e-01,3.205573861134295433e-01,3.221437547301294613e-01,3.297450244732448299e-01,3.466893275245713779e-01,3.768053819829835227e-01,4.221196530111364642e-01,4.781313917595140794e-01,5.308142918949111388e-01,5.636085715961253184e-01,5.701187498599606940e-01,5.560031012724758748e-01
1.029545454545454763e+00,5.684199962788191174e-01,5.727821561475067158e-01,5.520810669681129879e-01,5.067527638814762758e-01,4.499516391152504347e-01,3.982565318173458269e-01,3.605733950770118046e-01,3.373415166000178211e-01,3.252553832453703442e-01,3.206919613337397834e-01,3.208757468565526794e-01,3.239412839334471772e-01,3.287016802369724378e-01,3.344183126042057919e-01,3.406349879949178150e-01,3.470705095365823056e-01,3.535518155298198462e-01,3.599728955539767128e-01,3.662695451655419987e-01,3.724037590380069318e-01,3.783539992459215018e-01,3.841090735481249574e-01,3.896642420591762135e-01,3.950187400355074652e-01,4.001741819514396670e-01,4.051335419258552117e-01,4.099005103162097763e-01,4.144791077058254669e-01,4.188734782552044900e-01,4.230878421922435462e-01,4.271265958746734426e-01,4.309946001706703722e-01,4.346977447464724365e-01,4.382439578393356738e-01,4.416449692754328971e-01,4.449193657186574224e-01,4.480978406185789908e-01,4.512320048539394945e-01,4.544082853043230896e-01,4.577665536477488195e-01,4.615138496250597577e-01,4.658969347475221401e-01,4.710598198322014651e-01,4.767663965618267885e-01,4.822707481800692086e-01,4.867434501613036035e-01,4.898785824484434559e-01,4.919176411381810388e-01,4.932670830524554240e-01,4.942443778514361563e-01,4.950348686278646659e-01,4.957299144759254039e-01,4.963682454783100439e-01,4.969626169713834418e-01,4.975143316540657223e-01,4.980206967878402780e-01,4.984790287608253934e-01,4.988896244516142775e-01,4.992606122899348464e-01,4.996270654703237613e-01,5.003819381480748563e-01,5.006261861768875887e-01,5.006913077991325123e-01,5.006261929688787804e-01,5.003819509560040180e-01,4.993864171553136222e-01,4.988871241297866410e-01,4.984042139387805381e-01,4.978837166619089483e-01,4.973088209438280560e-01,4.966724507825902024e-01,4.959703308299563407e-01,4.951970136756428942e-01,4.943412175716109247e-01,4.933781224973221025e-01,4.922557367954092933e-01,4.908721925950312870e-01,4.890452938248600612e-01,4.864968186059727695e-01,4.829239658552405556e-01,4.782471503600908558e-01,4.728954686638950355e-01,4.676596447049625738e-01,4.631121583012665077e-01,4.593253192788365191e-01,4.560759768563513172e-01,4.531044771202866750e-01,4.502193865364663150e-01,4.473024385965360117e-01,4.442862904118438649e-01,4.411340279719423996e-01,4.378256857929422319e-01,4.343503534829978308e-01,4.307017686485693497e-01,4.268759061146638056e-01,4.228696750815474914e-01,4.186802287621183560e-01,4.143046192207087142e-01,4.097396584113445761e-01,4.049819191852670475e-01,4.000278497565690761e-01,3.948740225079913069e-01,3.895175430164134478e-01,3.839567003604529849e-01,3.781919783946281477e-01,3.722276270602356552e-01,3.660740954838707095e-01,3.597518557182868837e-01,3.532974196865491523e-01,3.467729162079898342e-01,3.402814711191932129e-01,3.339921222894402519e-01,3.281804283895242702e-01,3.232946668767975318e-01,3.200624085340801894e-01,3.196554461448826712e-01,3.239197652515583559e-01,3.356092371604844082e-01,3.583324999622296558e-01,3.954119247192890985e-01,4.464946804652398238e-01,5.028444509775366056e-01,5.480504789006270805e-01,5.689820147734859779e-01,5.650706684861633855e-01
1.033333333333333437e+00,5.725348033259891611e-01,5.639263679590005296e-01,5.290153697770068053e-01,4.756349016644428329e-01,4.202518044376766793e-01,3.757841454449192820e-01,3.460706126228235147e-01,3.290718810604204569e-01,3.211640987746052778e-01,3.191905524198321298e-01,3.209075105748956380e-01,3.248471043884494369e-01,3.300819884303932139e-01,3.360340597737411783e-01,3.423443652787545033e-01,3.487902773188272243e-01,3.552340365729539928e-01,3.615909665002813300e-01,3.678097771256659265e-01,3.738602707527111657e-01,3.797256016081868579e-01,3.853973500001646180e-01,3.908723779367931361e-01,3.961507957291224291e-01,4.012346496645324279e-01,4.061270761762222348e-01,4.108317647722419252e-01,4.153526316911655414e-01,4.196936482158872828e-01,4.238587888178443341e-01,4.278521070141936833e-01,4.316779566132343815e-01,4.353414247768648271e-01,4.388491025965480796e-01,4.422104189290195775e-01,4.454399344846559639e-01,4.485612709818035393e-01,4.516137500299755581e-01,4.546631858082373356e-01,4.578177783775126963e-01,4.612457312905652862e-01,4.651756968213063836e-01,4.698273634725204095e-01,4.752042979165637671e-01,4.808357012115838658e-01,4.858705451191653313e-01,4.896697757696265585e-01,4.921989552095151210e-01,4.938107459149029266e-01,4.948857004825574779e-01,4.956820801516917951e-01,4.963403633319585229e-01,4.969264227305916770e-01,4.974665509380238326e-01,4.979683646085067972e-01,4.984320290772640272e-01,4.988563945195997329e-01,4.992434982723143455e-01,4.996060564002461346e-01,5.000036413563749838e-01,5.007806760443027638e-01,5.009815240330862673e-01,5.010397914942873454e-01,5.009815309610671230e-01,5.007806893975429441e-01,4.997865367794542824e-01,4.992204334397529752e-01,4.987257026481830557e-01,4.982109428222321612e-01,4.976516312028536060e-01,4.970371894208307495e-01,4.963602737709280066e-01,4.956109809338241079e-01,4.947700872899569169e-01,4.937980699140659957e-01,4.926165977608765734e-01,4.910810254602767100e-01,4.889545318337861768e-01,4.859314157202555551e-01,4.818025195223706314e-01,4.767589619287900260e-01,4.714790878049141543e-01,4.666844008497070262e-01,4.626616072040767302e-01,4.592880415186987864e-01,4.563053529629191307e-01,4.534907973760493594e-01,4.506964779903767648e-01,4.478349139195680340e-01,4.448571399303560825e-01,4.417364367962808847e-01,4.384583020635807182e-01,4.350147028012734118e-01,4.314008810277960015e-01,4.276136015645743416e-01,4.236502006547739341e-01,4.195080804194445401e-01,4.151844581549093971e-01,4.106762700726943605e-01,4.059801804194501651e-01,4.010926899537941015e-01,3.960103434342616691e-01,3.907300755637254652e-01,3.852497539484072142e-01,3.795690178428291484e-01,3.736905695339098887e-01,3.676221702624704046e-01,3.613797257731338752e-01,3.549921241424894292e-01,3.485088467700229176e-01,3.420120740438429841e-01,3.356361075262443983e-01,3.295987604174289709e-01,3.242522562743375691e-01,3.201653005576974298e-01,3.182522732401241172e-01,3.199637843114379598e-01,3.275225736906578478e-01,3.440654613982203069e-01,3.732126768872066624e-01,4.170477937593219941e-01,4.718588621774405523e-01,5.249137428782060244e-01,5.598642075686296460e-01,5.688236241668499504e-01
